1 0.013750 0.384615 0.026250 0.058161
0 0.403750 0.375235 0.058750 0.093809
0 0.893750 0.399625 0.062500 0.095685
0 0.737500 0.332083 0.056250 0.105066
0 0.532500 0.362101 0.087500 0.136961
1 0.783750 0.333959 0.032500 0.086304
1 0.121250 0.393996 0.037500 0.075047
1 0.183750 0.378987 0.085000 0.157598
0 0.666250 0.373358 0.047500 0.084428
0 0.225000 0.382739 0.042500 0.086304
0 0.815000 0.326454 0.063750 0.120075
0 0.967500 0.328330 0.063750 0.123827
0 0.087500 0.322702 0.052500 0.084428
0 0.601250 0.386492 0.067500 0.112570
