0 0.251250 0.288931 0.033750 0.065666
1 0.501250 0.273921 0.057500 0.097561
1 0.356250 0.302064 0.058750 0.106942
0 0.907500 0.290807 0.043750 0.082552
0 0.617500 0.285178 0.047500 0.060038
1 0.031250 0.255159 0.061250 0.112570
0 0.142500 0.313321 0.051250 0.078799
0 0.622500 0.341463 0.051250 0.095685
1 0.717500 0.292683 0.055000 0.108818
1 0.668750 0.339587 0.047500 0.088180
1 0.386250 0.307692 0.032500 0.076923
1 0.293750 0.277674 0.071250 0.120075
0 0.861250 0.281426 0.046250 0.090056
1 0.766250 0.285178 0.050000 0.086304
