1 0.484000 0.511299 0.068000 0.093220
0 0.352000 0.581921 0.042000 0.064972
1 0.916000 0.548023 0.068000 0.087571
1 0.456000 0.533898 0.040000 0.073446
0 0.052000 0.536723 0.072000 0.107345
0 0.870000 0.553672 0.068000 0.101695
0 0.158000 0.528249 0.026000 0.039548
1 0.568000 0.511299 0.064000 0.079096
0 0.196000 0.545198 0.026000 0.039548
1 0.668000 0.528249 0.072000 0.093220
0 0.292000 0.545198 0.034000 0.053672
1 0.794000 0.556497 0.062000 0.079096
1 0.726000 0.502825 0.048000 0.056497
0 0.248000 0.531073 0.028000 0.042373
1 0.734000 0.545198 0.056000 0.076271
