1 0.518841 0.223938 0.050725 0.077220
0 0.059420 0.144788 0.037681 0.054054
1 0.379710 0.341699 0.056522 0.090734
1 0.553623 0.264479 0.047826 0.073359
1 0.372464 0.436293 0.081159 0.129344
1 0.272464 0.231660 0.047826 0.063707
0 0.127536 0.140927 0.028986 0.038610
0 0.302899 0.063707 0.023188 0.028958
1 0.773913 0.480695 0.110145 0.160232
1 0.073913 0.420849 0.079710 0.102317
1 0.253623 0.113900 0.027536 0.042471
1 0.455072 0.125483 0.026087 0.038610
1 0.494203 0.154440 0.036232 0.063707
0 0.221739 0.113900 0.026087 0.032819
1 0.613043 0.310811 0.057971 0.090734
1 0.402899 0.245174 0.050725 0.081081
0 0.407246 0.166023 0.030435 0.044402
1 0.265217 0.575290 0.157971 0.233591
0 0.155072 0.144788 0.027536 0.034749
0 0.275362 0.065637 0.023188 0.034749
0 0.944928 0.218147 0.046377 0.069498
0 0.402899 0.096525 0.026087 0.038610
0 0.172464 0.167954 0.030435 0.052124
1 0.842029 0.210425 0.033333 0.046332
