1 0.867000 0.612613 0.048000 0.070571
1 0.289000 0.599099 0.047000 0.066066
1 0.395000 0.611111 0.048000 0.079580
1 0.274000 0.551051 0.021000 0.036036
1 0.458000 0.561562 0.018000 0.033033
1 0.605000 0.579580 0.034000 0.052553
1 0.584000 0.576577 0.024000 0.049550
1 0.751000 0.590090 0.040000 0.057057
1 0.116000 0.563063 0.035000 0.063063
1 0.196000 0.630631 0.066000 0.109610
1 0.304000 0.506006 0.011000 0.027027
1 0.683000 0.557057 0.017000 0.033033
1 0.338000 0.551051 0.018000 0.033033
1 0.815000 0.570571 0.026000 0.048048
1 0.696000 0.656156 0.066000 0.097598
1 0.380000 0.495495 0.016000 0.031532
1 0.645000 0.614114 0.041000 0.067568
1 0.260000 0.699700 0.122000 0.187688
1 0.650000 0.566066 0.030000 0.039039
1 0.222000 0.557057 0.024000 0.042042
1 0.444000 0.564565 0.024000 0.048048
1 0.170000 0.558559 0.033000 0.046547
1 0.548000 0.551051 0.021000 0.036036
1 0.023000 0.591592 0.044000 0.084084
1 0.394000 0.558559 0.025000 0.040541
1 0.568000 0.564565 0.020000 0.039039
1 0.725000 0.569069 0.024000 0.033033
1 0.424000 0.578078 0.029000 0.061562
1 0.359000 0.563063 0.029000 0.045045
0 0.733000 0.515015 0.019000 0.028529
