1 0.556000 0.184546 0.065000 0.075019
1 0.084000 0.169542 0.065000 0.051763
1 0.269000 0.192798 0.067000 0.062266
0 0.102000 0.236309 0.099000 0.100525
1 0.029000 0.262566 0.056000 0.109527
0 0.607000 0.227307 0.068000 0.077269
1 0.664000 0.215304 0.116000 0.123781
1 0.224000 0.270818 0.142000 0.132783
1 0.928000 0.175544 0.098000 0.090023
1 0.973000 0.207802 0.054000 0.080270
1 0.027000 0.180795 0.052000 0.059265
1 0.613000 0.175544 0.061000 0.051013
0 0.351000 0.261815 0.089000 0.075769
1 0.256000 0.165041 0.060000 0.047262
1 0.181000 0.155289 0.056000 0.045761
1 0.423000 0.233308 0.126000 0.130533
0 0.807000 0.216804 0.177000 0.173293
1 0.294000 0.150788 0.051000 0.047262
