1 0.669565 0.345652 0.024638 0.050000
1 0.539130 0.491304 0.030435 0.060870
1 0.455072 0.323913 0.027536 0.056522
1 0.437681 0.486957 0.030435 0.060870
1 0.385507 0.493478 0.028986 0.058696
1 0.591304 0.497826 0.028986 0.063043
1 0.668116 0.308696 0.026087 0.036957
1 0.423188 0.315217 0.024638 0.054348
1 0.284058 0.319565 0.026087 0.052174
1 0.489855 0.495652 0.030435 0.060870
1 0.263768 0.302174 0.027536 0.056522
1 0.623188 0.328261 0.026087 0.052174
1 0.337681 0.506522 0.031884 0.058696
1 0.365217 0.328261 0.027536 0.052174
1 0.643478 0.354348 0.026087 0.056522
1 0.394203 0.315217 0.026087 0.052174
1 0.492754 0.402174 0.024638 0.052174
1 0.530435 0.326087 0.026087 0.045652
1 0.491304 0.330435 0.024638 0.045652
1 0.571014 0.334783 0.023188 0.050000
1 0.307246 0.310870 0.024638 0.043478
