1 0.282500 0.260870 0.042500 0.076923
1 0.585000 0.270903 0.030000 0.056856
1 0.237500 0.260870 0.040000 0.070234
1 0.170000 0.247492 0.047500 0.093645
1 0.402500 0.297659 0.037500 0.066890
1 0.682500 0.304348 0.032500 0.056856
1 0.467500 0.287625 0.032500 0.066890
1 0.022500 0.260870 0.042500 0.083612
1 0.717500 0.301003 0.037500 0.056856
1 0.435000 0.294314 0.037500 0.063545
1 0.032500 0.254181 0.055000 0.096990
1 0.790000 0.274247 0.070000 0.113712
1 0.100000 0.257525 0.047500 0.090301
1 0.347500 0.287625 0.040000 0.073579
1 0.880000 0.297659 0.047500 0.063545
1 0.207500 0.277592 0.037500 0.076923
1 0.937500 0.321070 0.045000 0.073579
1 0.855000 0.307692 0.027500 0.053512
1 0.535000 0.324415 0.062500 0.096990
1 0.980000 0.324415 0.037500 0.073579
1 0.497500 0.250836 0.027500 0.033445
1 0.145000 0.250836 0.032500 0.073579
1 0.490000 0.301003 0.035000 0.066890
1 0.620000 0.284281 0.040000 0.060201
1 0.315000 0.264214 0.027500 0.060201
