0 0.412256 0.589286 0.066852 0.125000
1 0.096100 0.184524 0.015320 0.023810
0 0.876045 0.561508 0.112813 0.162698
0 0.484680 0.234127 0.027855 0.047619
1 0.048747 0.194444 0.009749 0.017857
0 0.527855 0.494048 0.054318 0.081349
1 0.033426 0.190476 0.009749 0.017857
0 0.515320 0.628968 0.153203 0.228175
0 0.079387 0.380952 0.032033 0.047619
1 0.196379 0.172619 0.011142 0.021825
0 0.036212 0.367063 0.037604 0.063492
0 0.252089 0.384921 0.030641 0.045635
0 0.643454 0.509921 0.044568 0.079365
0 0.105850 0.355159 0.029248 0.035714
1 0.402507 0.365079 0.029248 0.049603
1 0.175487 0.384921 0.032033 0.047619
0 0.045961 0.458333 0.050139 0.065476
0 0.526462 0.359127 0.036212 0.057540
0 0.381616 0.375000 0.025070 0.041667
0 0.036212 0.551587 0.071031 0.142857
1 0.077994 0.192460 0.011142 0.013889
0 0.721448 0.533730 0.116992 0.180556
0 0.061281 0.408730 0.033426 0.051587
1 0.281337 0.365079 0.023677 0.041667
