1 0.675000 0.496667 0.025000 0.016667
0 0.595000 0.590000 0.020000 0.015000
0 0.182500 0.878333 0.035000 0.023333
1 0.742500 0.388333 0.020000 0.013333
0 0.015000 0.845000 0.025000 0.026667
0 0.375000 0.670000 0.025000 0.020000
0 0.392500 0.833333 0.030000 0.023333
0 0.040000 0.686667 0.025000 0.021667
1 0.320000 0.675000 0.030000 0.020000
1 0.500000 0.446667 0.015000 0.013333
1 0.592500 0.823333 0.040000 0.026667
1 0.265000 0.901667 0.037500 0.028333
0 0.237500 0.953333 0.042500 0.026667
0 0.015000 0.903333 0.027500 0.026667
0 0.430000 0.828333 0.030000 0.021667
0 0.147500 0.353333 0.015000 0.011667
1 0.627500 0.420000 0.020000 0.015000
1 0.532500 0.451667 0.017500 0.013333
0 0.435000 0.798333 0.027500 0.023333
1 0.480000 0.475000 0.020000 0.013333
1 0.640000 0.393333 0.020000 0.011667
0 0.525000 0.675000 0.027500 0.020000
0 0.992500 0.861667 0.015000 0.025000
0 0.110000 0.925000 0.042500 0.030000
0 0.405000 0.513333 0.022500 0.018333
1 0.277500 0.863333 0.042500 0.026667
1 0.395000 0.786667 0.035000 0.023333
0 0.725000 0.466667 0.017500 0.011667
0 0.092500 0.645000 0.030000 0.020000
0 0.030000 0.710000 0.025000 0.023333
0 0.642500 0.528333 0.022500 0.015000
0 0.535000 0.946667 0.037500 0.028333
0 0.197500 0.348333 0.015000 0.011667
0 0.030000 0.811667 0.035000 0.028333
0 0.572500 0.898333 0.035000 0.026667
0 0.100000 0.381667 0.017500 0.011667
0 0.010000 0.871667 0.017500 0.025000
0 0.175000 0.350000 0.015000 0.010000
0 0.735000 0.780000 0.030000 0.023333
0 0.155000 0.638333 0.025000 0.020000
1 0.562500 0.493333 0.020000 0.015000
0 0.917500 0.981667 0.042500 0.028333
