1 0.402500 0.473333 0.037500 0.070000
1 0.370000 0.470000 0.025000 0.036667
1 0.250000 0.473333 0.022500 0.046667
1 0.500000 0.486667 0.022500 0.053333
1 0.725000 0.493333 0.027500 0.053333
1 0.852500 0.460000 0.052500 0.053333
1 0.697500 0.500000 0.047500 0.083333
1 0.310000 0.483333 0.027500 0.053333
1 0.535000 0.493333 0.045000 0.063333
1 0.772500 0.493333 0.047500 0.073333
1 0.987500 0.543333 0.025000 0.093333
1 0.270000 0.483333 0.027500 0.040000
1 0.212500 0.496667 0.030000 0.043333
1 0.342500 0.466667 0.032500 0.053333
1 0.620000 0.476667 0.052500 0.073333
1 0.442500 0.466667 0.040000 0.063333
1 0.822500 0.493333 0.060000 0.093333
