1 0.580000 0.312312 0.036000 0.078078
1 0.388000 0.306306 0.024000 0.063063
1 0.350000 0.300300 0.040000 0.078078
1 0.918000 0.369369 0.150000 0.210210
1 0.518000 0.309309 0.058000 0.111111
1 0.552000 0.336336 0.032000 0.072072
1 0.324000 0.297297 0.024000 0.057057
1 0.446000 0.309309 0.042000 0.087087
1 0.666000 0.306306 0.050000 0.090090
1 0.298000 0.309309 0.032000 0.057057
1 0.622000 0.372372 0.084000 0.129129
1 0.784000 0.306306 0.046000 0.114114
1 0.228000 0.321321 0.020000 0.042042
1 0.096000 0.330330 0.022000 0.033033
1 0.480000 0.330330 0.036000 0.072072
0 0.186000 0.297297 0.088000 0.162162
1 0.412000 0.300300 0.036000 0.078078
1 0.828000 0.297297 0.080000 0.144144
1 0.618000 0.300300 0.056000 0.072072
1 0.138000 0.321321 0.020000 0.039039
