0 0.309091 0.603825 0.070909 0.131148
0 0.158182 0.633880 0.061818 0.112022
0 0.745455 0.453552 0.029091 0.057377
1 0.816364 0.368852 0.023636 0.040984
1 0.078182 0.562842 0.065455 0.109290
0 0.438182 0.483607 0.038182 0.068306
0 0.778182 0.565574 0.043636 0.092896
0 0.458182 0.642077 0.061818 0.109290
0 0.354545 0.581967 0.043636 0.081967
0 0.918182 0.543716 0.065455 0.098361
0 0.696364 0.453552 0.040000 0.051913
1 0.540000 0.532787 0.060000 0.092896
0 0.983636 0.459016 0.030909 0.079235
1 0.625455 0.491803 0.052727 0.098361
0 0.696364 0.513661 0.052727 0.087432
1 0.752727 0.357923 0.029091 0.051913
0 0.465455 0.524590 0.040000 0.095628
0 0.792727 0.418033 0.036364 0.049180
0 0.883636 0.614754 0.069091 0.106557
0 0.621818 0.598361 0.060000 0.109290
