1 0.462500 0.150659 0.067500 0.154426
0 0.381250 0.067797 0.035000 0.065913
0 0.493750 0.032015 0.026250 0.050847
1 0.787500 0.133710 0.087500 0.193974
0 0.135000 0.022599 0.055000 0.043315
0 0.731250 0.120527 0.022500 0.058380
1 0.561250 0.227872 0.081250 0.160075
0 0.781250 0.007533 0.017500 0.011299
1 0.690000 0.111111 0.070000 0.137476
0 0.082500 0.033898 0.023750 0.035782
0 0.950000 0.141243 0.031250 0.045198
0 0.595000 0.096045 0.027500 0.045198
0 0.100000 0.035782 0.020000 0.033898
1 0.332500 0.114878 0.062500 0.122411
0 0.925000 0.009416 0.018750 0.015066
0 0.728750 0.007533 0.015000 0.013183
0 0.612500 0.080979 0.021250 0.047081
1 0.365000 0.192090 0.080000 0.161959
0 0.657500 0.097928 0.015000 0.033898
0 0.947500 0.192090 0.032500 0.067797
1 0.540000 0.112994 0.058750 0.116761
