1 0.280000 0.320359 0.200000 0.197605
1 0.576000 0.203593 0.152000 0.152695
1 0.256000 0.146707 0.120000 0.110778
1 0.312000 0.119760 0.084000 0.098802
1 0.376000 0.068862 0.092000 0.083832
1 0.040000 0.161677 0.076000 0.095808
1 0.208000 0.212575 0.172000 0.161677
0 0.276000 0.032934 0.052000 0.050898
1 0.476000 0.053892 0.072000 0.053892
1 0.808000 0.221557 0.176000 0.197605
1 0.432000 0.134731 0.140000 0.107784
1 0.676000 0.176647 0.120000 0.089820
0 0.180000 0.044910 0.060000 0.038922
1 0.732000 0.056886 0.100000 0.080838
1 0.956000 0.191617 0.084000 0.149701
1 0.456000 0.263473 0.180000 0.170659
1 0.536000 0.059880 0.084000 0.047904
1 0.052000 0.098802 0.096000 0.056886
1 0.904000 0.218563 0.116000 0.152695
1 0.836000 0.086826 0.104000 0.086826
1 0.680000 0.305389 0.196000 0.182635
1 0.128000 0.215569 0.104000 0.155689
0 0.092000 0.059880 0.052000 0.047904
1 0.116000 0.116766 0.112000 0.059880
1 0.716000 0.131737 0.116000 0.065868
1 0.192000 0.101796 0.076000 0.053892
1 0.056000 0.305389 0.104000 0.185629
