0 0.364000 0.534535 0.056000 0.084084
0 0.434000 0.438438 0.052000 0.075075
0 0.546000 0.411411 0.042000 0.090090
0 0.824000 0.417417 0.044000 0.072072
0 0.340000 0.441441 0.052000 0.093093
1 0.684000 0.459459 0.220000 0.327327
0 0.806000 0.474474 0.056000 0.099099
0 0.926000 0.459459 0.044000 0.066066
0 0.796000 0.567568 0.062000 0.129129
1 0.216000 0.225225 0.320000 0.444444
0 0.506000 0.540541 0.058000 0.108108
0 0.942000 0.552553 0.062000 0.102102
0 0.282000 0.396396 0.040000 0.069069
0 0.370000 0.600601 0.070000 0.090090
0 0.896000 0.684685 0.104000 0.177177
0 0.268000 0.450450 0.042000 0.075075
