0 0.404000 0.424658 0.034000 0.061644
0 0.116000 0.373288 0.032000 0.065068
0 0.210000 0.366438 0.032000 0.044521
0 0.250000 0.489726 0.044000 0.119863
0 0.236000 0.404110 0.026000 0.054795
0 0.152000 0.400685 0.046000 0.089041
0 0.532000 0.493151 0.044000 0.085616
0 0.534000 0.445205 0.038000 0.065068
0 0.066000 0.448630 0.130000 0.284247
0 0.656000 0.503425 0.040000 0.068493
0 0.880000 0.345890 0.030000 0.061644
0 0.230000 0.647260 0.078000 0.157534
0 0.586000 0.448630 0.034000 0.075342
0 0.682000 0.373288 0.032000 0.065068
0 0.774000 0.267123 0.044000 0.113014
0 0.460000 0.424658 0.036000 0.071918
0 0.288000 0.434932 0.042000 0.078767
0 0.318000 0.414384 0.028000 0.065068
0 0.492000 0.434932 0.030000 0.058219
0 0.346000 0.441781 0.040000 0.089041
0 0.290000 0.386986 0.026000 0.047945
0 0.208000 0.434932 0.068000 0.123288
0 0.680000 0.438356 0.030000 0.058219
0 0.644000 0.462329 0.032000 0.058219
0 0.366000 0.386986 0.026000 0.051370
