0 0.910628 0.169767 0.012077 0.034884
0 0.954106 0.125581 0.018116 0.046512
0 0.869565 0.186047 0.018116 0.037209
0 0.669082 0.281395 0.022947 0.062791
0 0.571256 0.283721 0.031401 0.055814
0 0.390097 0.220930 0.018116 0.032558
0 0.491546 0.141860 0.012077 0.030233
0 0.431159 0.239535 0.024155 0.044186
0 0.484300 0.181395 0.016908 0.039535
0 0.338164 0.309302 0.022947 0.051163
0 0.809179 0.200000 0.018116 0.053488
0 0.682367 0.225581 0.024155 0.053488
0 0.903382 0.209302 0.015700 0.044186
0 0.763285 0.118605 0.014493 0.039535
0 0.207729 0.393023 0.048309 0.109302
0 0.350242 0.246512 0.018116 0.041860
0 0.629227 0.116279 0.015700 0.037209
0 0.572464 0.186047 0.020531 0.041860
0 0.832126 0.188372 0.018116 0.041860
0 0.759662 0.200000 0.020531 0.044186
0 0.878019 0.148837 0.015700 0.032558
0 0.601449 0.109302 0.015700 0.032558
0 0.626812 0.155814 0.015700 0.034884
0 0.612319 0.288372 0.025362 0.055814
0 0.431159 0.193023 0.014493 0.037209
0 0.451691 0.165116 0.018116 0.030233
0 0.742754 0.132558 0.020531 0.039535
0 0.878019 0.265116 0.025362 0.060465
0 0.931159 0.295349 0.021739 0.058140
0 0.704106 0.106977 0.014493 0.034884
0 0.650966 0.116279 0.014493 0.034884
0 0.554348 0.332558 0.032609 0.074419
0 0.853865 0.213953 0.018116 0.046512
0 0.624396 0.230233 0.022947 0.051163
0 0.728261 0.316279 0.030193 0.060465
0 0.506039 0.337209 0.030193 0.079070
0 0.461353 0.190698 0.016908 0.034884
0 0.320048 0.300000 0.020531 0.053488
0 0.437198 0.304651 0.026570 0.053488
0 0.565217 0.130233 0.012077 0.027907
0 0.911836 0.144186 0.013285 0.027907
0 0.710145 0.227907 0.022947 0.051163
0 0.543478 0.144186 0.016908 0.030233
0 0.328502 0.244186 0.018116 0.037209
0 0.762077 0.158140 0.016908 0.039535
0 0.588164 0.165116 0.015700 0.041860
0 0.719807 0.167442 0.019324 0.037209
0 0.926329 0.218605 0.021739 0.048837
0 0.527778 0.225581 0.021739 0.039535
0 0.445652 0.216279 0.020531 0.044186
0 0.693237 0.167442 0.019324 0.034884
0 0.550725 0.176744 0.018116 0.041860
0 0.683575 0.362791 0.030193 0.076744
0 0.521739 0.167442 0.016908 0.039535
0 0.472222 0.251163 0.021739 0.053488
0 0.776570 0.146512 0.015700 0.039535
0 0.685990 0.118605 0.012077 0.034884
0 0.841787 0.151163 0.015700 0.039535
0 0.879227 0.172093 0.018116 0.037209
0 0.507246 0.206977 0.016908 0.041860
0 0.778986 0.325581 0.032609 0.065116
