0 0.746233 0.253793 0.025377 0.044138
0 0.406027 0.227586 0.015860 0.038621
0 0.671689 0.271724 0.025377 0.056552
0 0.341792 0.270345 0.018239 0.035862
0 0.851705 0.172414 0.015860 0.034483
0 0.609040 0.251034 0.023791 0.048276
0 0.650278 0.137931 0.013481 0.031724
0 0.781126 0.165517 0.015067 0.035862
0 0.588422 0.147586 0.015067 0.031724
0 0.608247 0.332414 0.032514 0.064828
0 0.712133 0.222069 0.021412 0.045517
0 0.613006 0.115862 0.015067 0.026207
0 0.869944 0.142069 0.011895 0.028966
0 0.759715 0.177931 0.015067 0.035862
0 0.392546 0.292414 0.023791 0.049655
0 0.448850 0.177931 0.012688 0.030345
0 0.902458 0.146207 0.013481 0.034483
0 0.826328 0.242759 0.019033 0.045517
0 0.541634 0.177931 0.017446 0.037241
0 0.557494 0.153103 0.015067 0.035862
0 0.815226 0.155862 0.016653 0.033103
0 0.919112 0.282759 0.021412 0.049655
0 0.541634 0.292414 0.030135 0.055172
0 0.831879 0.157241 0.012688 0.031724
0 0.504362 0.137931 0.012688 0.023448
0 0.921491 0.246897 0.021412 0.042759
0 0.626487 0.150345 0.013481 0.030345
0 0.375099 0.237241 0.019033 0.038621
0 0.449643 0.151724 0.012688 0.028966
0 0.692308 0.115862 0.013481 0.027586
0 0.583664 0.173793 0.018239 0.035862
0 0.318795 0.280000 0.018239 0.038621
0 0.804917 0.182069 0.015860 0.037241
0 0.659794 0.120000 0.011102 0.024828
0 0.568596 0.257931 0.024584 0.051034
0 0.595559 0.106207 0.012688 0.026207
0 0.836638 0.136552 0.013481 0.030345
0 0.508327 0.177931 0.015067 0.034483
0 0.891356 0.193103 0.017446 0.035862
0 0.494845 0.198621 0.018239 0.037241
0 0.722443 0.187586 0.017446 0.041379
0 0.610626 0.142069 0.014274 0.027586
0 0.708961 0.153103 0.012688 0.030345
0 0.683584 0.195862 0.018239 0.042759
0 0.439334 0.223448 0.017446 0.040000
0 0.873910 0.224828 0.020619 0.048276
0 0.467883 0.158621 0.014274 0.030345
0 0.837431 0.328276 0.030135 0.068966
0 0.894528 0.440000 0.033307 0.075862
0 0.805710 0.133793 0.012688 0.028966
0 0.447264 0.202759 0.015860 0.034483
0 0.931007 0.161379 0.013481 0.034483
0 0.501983 0.157241 0.011895 0.024828
0 0.775575 0.307586 0.026170 0.052414
0 0.073751 0.420690 0.039651 0.068966
0 0.844568 0.190345 0.013481 0.031724
0 0.306899 0.237241 0.015067 0.034483
0 0.580492 0.131034 0.014274 0.031724
0 0.873910 0.267586 0.018239 0.045517
0 0.425059 0.191724 0.014274 0.033103
0 0.648692 0.224828 0.019033 0.041379
0 0.627280 0.202759 0.016653 0.040000
0 0.290246 0.282759 0.023791 0.038621
0 0.927042 0.212414 0.015067 0.049655
0 0.896907 0.343448 0.022998 0.059310
0 0.781919 0.131034 0.012688 0.026207
0 0.742268 0.144828 0.015067 0.035862
0 0.500397 0.228966 0.019033 0.046897
0 0.821570 0.217931 0.019033 0.044138
0 0.365583 0.222069 0.019033 0.035862
0 0.645519 0.124138 0.014274 0.026207
0 0.647898 0.099310 0.012688 0.024828
0 0.360032 0.286897 0.022205 0.044138
0 0.904837 0.157241 0.015067 0.034483
0 0.410785 0.198621 0.018239 0.037241
0 0.804917 0.404138 0.040444 0.075862
0 0.526566 0.146207 0.013481 0.024828
0 0.863600 0.155862 0.015067 0.033103
0 0.584457 0.122759 0.014274 0.024828
0 0.523394 0.162759 0.015067 0.031724
0 0.676447 0.125517 0.011102 0.027586
