0 0.706294 0.121593 0.013986 0.027254
0 0.597902 0.155136 0.013986 0.031447
0 0.932401 0.184486 0.011655 0.029350
0 0.627040 0.136268 0.015152 0.033543
0 0.672494 0.222222 0.020979 0.044025
0 0.596737 0.123690 0.016317 0.033543
0 0.418415 0.153040 0.012821 0.029350
0 0.874126 0.266247 0.018648 0.052411
0 0.727273 0.144654 0.017483 0.027254
0 0.806527 0.150943 0.017483 0.031447
0 0.452214 0.167715 0.013986 0.031447
0 0.698135 0.236897 0.026807 0.060797
0 0.692308 0.174004 0.019814 0.044025
0 0.411422 0.174004 0.016317 0.033543
0 0.796037 0.203354 0.020979 0.037736
0 0.751748 0.129979 0.015152 0.037736
0 0.652681 0.102725 0.010490 0.027254
0 0.459207 0.144654 0.013986 0.025157
0 0.670163 0.113208 0.015152 0.029350
0 0.726107 0.083857 0.012821 0.035639
0 0.898601 0.205451 0.016317 0.035639
0 0.731935 0.176101 0.013986 0.033543
0 0.656177 0.121593 0.011655 0.023061
0 0.682984 0.314465 0.040793 0.092243
0 0.580420 0.111111 0.011655 0.031447
0 0.483683 0.148847 0.013986 0.033543
0 0.541958 0.146751 0.013986 0.031447
0 0.611888 0.098532 0.011655 0.023061
0 0.504662 0.180294 0.017483 0.035639
0 0.911422 0.178197 0.018648 0.041929
0 0.506993 0.140461 0.015152 0.025157
0 0.481352 0.180294 0.017483 0.035639
0 0.769231 0.182390 0.015152 0.035639
0 0.557110 0.115304 0.012821 0.025157
0 0.520979 0.125786 0.011655 0.027254
0 0.437063 0.167715 0.015152 0.029350
0 0.678322 0.192872 0.015152 0.041929
0 0.496503 0.123690 0.012821 0.027254
0 0.765734 0.129979 0.012821 0.031447
0 0.959207 0.127883 0.016317 0.033543
0 0.796037 0.161426 0.015152 0.035639
0 0.620047 0.220126 0.022145 0.044025
0 0.473193 0.153040 0.012821 0.031447
0 0.932401 0.211740 0.017483 0.029350
0 0.820513 0.136268 0.013986 0.031447
0 0.776224 0.155136 0.013986 0.031447
0 0.377622 0.174004 0.016317 0.027254
