0 0.748371 0.261603 0.014658 0.032349
0 0.654723 0.284107 0.020358 0.033755
0 0.876221 0.279887 0.017101 0.037975
0 0.410423 0.261603 0.016287 0.026723
0 0.685668 0.302391 0.018730 0.037975
0 0.324104 0.360056 0.024430 0.046414
0 0.793160 0.246132 0.017101 0.030942
0 0.798046 0.305204 0.018730 0.039381
0 0.243485 0.376934 0.021987 0.045007
0 0.721498 0.264416 0.016287 0.032349
0 0.451140 0.430380 0.029316 0.059072
0 0.765472 0.247539 0.017101 0.033755
0 0.894137 0.469761 0.033388 0.071730
0 0.757329 0.288326 0.014658 0.033755
0 0.387622 0.284107 0.017915 0.028129
0 0.701140 0.407876 0.031759 0.056259
0 0.618078 0.310830 0.020358 0.042194
0 0.592834 0.213783 0.013029 0.028129
0 0.516287 0.367089 0.025244 0.047820
0 0.531759 0.284107 0.017915 0.036568
0 0.429967 0.264416 0.014658 0.030942
0 0.275244 0.371308 0.021987 0.047820
0 0.119707 0.544304 0.040717 0.073136
0 0.728827 0.232068 0.015472 0.030942
0 0.336319 0.302391 0.017101 0.035162
0 0.822476 0.471167 0.034202 0.073136
0 0.688111 0.253165 0.016287 0.037975
0 0.852606 0.341772 0.020358 0.043601
0 0.758958 0.436006 0.030130 0.064698
0 0.375407 0.267229 0.014658 0.026723
0 0.368078 0.340366 0.017915 0.037975
0 0.580619 0.254571 0.016287 0.025316
0 0.215798 0.341772 0.019544 0.037975
0 0.444625 0.274262 0.018730 0.035162
0 0.613192 0.213783 0.013844 0.029536
0 0.540717 0.222222 0.015472 0.028129
0 0.824104 0.261603 0.016287 0.039381
0 0.584691 0.232068 0.015472 0.029536
0 0.486971 0.333333 0.019544 0.037975
0 0.504072 0.282700 0.017915 0.033755
0 0.903909 0.337553 0.021173 0.042194
0 0.666938 0.220816 0.017101 0.032349
0 0.872964 0.327707 0.017101 0.035162
0 0.491042 0.264416 0.017101 0.035162
0 0.446254 0.323488 0.023616 0.037975
0 0.558632 0.233474 0.013029 0.032349
0 0.807003 0.502110 0.034202 0.080169
0 0.617264 0.475387 0.037459 0.081575
0 0.418567 0.315049 0.020358 0.036568
0 0.919381 0.365682 0.021987 0.052039
0 0.555375 0.257384 0.015472 0.029536
0 0.658795 0.232068 0.012215 0.029536
0 0.449511 0.244726 0.015472 0.030942
0 0.835505 0.281294 0.018730 0.040788
0 0.830619 0.331927 0.022801 0.045007
0 0.684853 0.544304 0.037459 0.078762
0 0.604235 0.371308 0.025244 0.045007
0 0.508143 0.254571 0.014658 0.028129
0 0.793160 0.365682 0.021173 0.052039
0 0.665309 0.319269 0.021987 0.049226
0 0.614007 0.260197 0.017101 0.029536
0 0.849349 0.265823 0.019544 0.039381
0 0.565961 0.459916 0.037459 0.074543
0 0.394137 0.337553 0.021987 0.040788
0 0.622150 0.229255 0.014658 0.026723
0 0.434039 0.353024 0.023616 0.037975
0 0.796417 0.274262 0.015472 0.028129
0 0.339577 0.336146 0.020358 0.036568
0 0.916938 0.316456 0.016287 0.035162
0 0.584691 0.330520 0.025244 0.047820
0 0.718241 0.241913 0.013029 0.030942
0 0.521173 0.434599 0.034202 0.061885
0 0.671824 0.376934 0.023616 0.049226
0 0.538274 0.250352 0.016287 0.033755
0 0.647394 0.218003 0.013844 0.028129
0 0.393322 0.305204 0.017915 0.028129
