0 0.578361 0.146307 0.018298 0.039773
0 0.696102 0.177557 0.018298 0.041193
0 0.684964 0.305398 0.033413 0.066761
0 0.610183 0.208807 0.019889 0.041193
0 0.793954 0.126420 0.015911 0.038352
0 0.373906 0.261364 0.023071 0.049716
0 0.746221 0.140625 0.016706 0.035511
0 0.884646 0.183239 0.018298 0.041193
0 0.640414 0.115057 0.017502 0.035511
0 0.511535 0.181818 0.016706 0.036932
0 0.799523 0.265625 0.027844 0.058239
0 0.782816 0.142045 0.015911 0.036932
0 0.534606 0.194602 0.016706 0.031250
0 0.735879 0.186080 0.019889 0.045455
0 0.301512 0.245739 0.018298 0.035511
0 0.861575 0.251420 0.023071 0.048295
0 0.852824 0.305398 0.029435 0.061080
0 0.704853 0.230114 0.023071 0.048295
0 0.603023 0.142045 0.015115 0.036932
0 0.635640 0.240057 0.022275 0.048295
0 0.843278 0.174716 0.015115 0.036932
0 0.468576 0.223011 0.019093 0.046875
0 0.608592 0.100852 0.011933 0.021307
0 0.836118 0.154830 0.011138 0.025568
0 0.653938 0.254261 0.023071 0.051136
0 0.496420 0.126420 0.010342 0.028409
0 0.536993 0.160511 0.014320 0.035511
0 0.464598 0.163352 0.015911 0.032670
0 0.801909 0.174716 0.019093 0.036932
0 0.837709 0.203125 0.016706 0.041193
0 0.772474 0.323864 0.029435 0.079545
0 0.406523 0.191761 0.019093 0.036932
0 0.508353 0.140625 0.014320 0.035511
0 0.498011 0.294034 0.031026 0.055398
0 0.727128 0.262784 0.023071 0.058239
0 0.684964 0.159091 0.017502 0.038352
0 0.616547 0.127841 0.015115 0.024148
0 0.319014 0.251420 0.016706 0.038352
0 0.715990 0.146307 0.017502 0.039773
0 0.286396 0.255682 0.016706 0.038352
0 0.431185 0.223011 0.019093 0.044034
0 0.480509 0.193182 0.016706 0.032670
0 0.595863 0.160511 0.015911 0.039773
0 0.416866 0.262784 0.024662 0.056818
0 0.651551 0.164773 0.015911 0.035511
0 0.649960 0.205966 0.025457 0.046875
0 0.669053 0.115057 0.014320 0.032670
0 0.805887 0.228693 0.026253 0.055398
0 0.529833 0.130682 0.015115 0.028409
0 0.589499 0.105114 0.011138 0.025568
0 0.552108 0.136364 0.019093 0.032670
0 0.428799 0.156250 0.016706 0.029830
0 0.576770 0.238636 0.022275 0.046875
0 0.076372 0.508523 0.038982 0.096591
0 0.544153 0.302557 0.029435 0.056818
0 0.760541 0.176136 0.015911 0.032670
0 0.867144 0.140625 0.016706 0.041193
0 0.818616 0.156250 0.014320 0.039773
0 0.877486 0.213068 0.019093 0.044034
0 0.446301 0.149148 0.016706 0.031250
0 0.424025 0.174716 0.016706 0.035511
0 0.747017 0.240057 0.022275 0.053977
0 0.399364 0.238636 0.021480 0.046875
