0 0.585594 0.524013 0.029041 0.038079
0 0.054070 0.551861 0.033244 0.059960
0 0.436186 0.519750 0.026175 0.044331
0 0.404280 0.539358 0.027703 0.049446
0 0.512610 0.617789 0.043179 0.090367
0 0.308559 0.524013 0.024073 0.040068
0 0.385556 0.572038 0.038212 0.057971
0 0.234238 0.517192 0.028277 0.040921
0 0.021207 0.557829 0.039740 0.056834
0 0.368170 0.522876 0.030378 0.042342
0 0.348873 0.500995 0.018342 0.035806
0 0.624761 0.537084 0.024073 0.036658
0 0.432174 0.619210 0.065151 0.106280
0 0.676729 0.565502 0.030378 0.051435
0 0.730225 0.552998 0.031143 0.051719
0 0.171762 0.618642 0.059419 0.069622
0 0.107184 0.517761 0.030569 0.039784
0 0.951662 0.628588 0.059419 0.072464
0 0.530569 0.540779 0.026939 0.050298
0 0.220290 0.518329 0.021972 0.036942
0 0.315438 0.578289 0.045281 0.079000
0 0.278372 0.516624 0.023309 0.033532
0 0.492740 0.518045 0.027703 0.038932
0 0.912877 0.739130 0.096293 0.161125
0 0.229843 0.561807 0.035346 0.050298
0 0.935422 0.581415 0.039740 0.057971
0 0.745510 0.542484 0.023309 0.049446
0 0.816584 0.570332 0.040887 0.061097
0 0.155331 0.533959 0.033244 0.055698
0 0.798815 0.469736 0.021207 0.045183
0 0.608521 0.603296 0.053878 0.080989
0 0.164692 0.564081 0.045281 0.054561
0 0.029614 0.595624 0.051013 0.077863
0 0.947459 0.680307 0.066488 0.108554
