0 0.601053 0.189573 0.063158 0.080569
0 0.390526 0.120063 0.038947 0.066351
0 0.947368 0.107425 0.040000 0.061611
0 0.913684 0.295419 0.063158 0.110585
0 0.958947 0.218009 0.054737 0.102686
0 0.594737 0.045814 0.029474 0.042654
0 0.166316 0.189573 0.170526 0.268562
0 0.985263 0.060032 0.029474 0.064771
0 0.707368 0.060032 0.029474 0.052133
0 0.352632 0.124803 0.045263 0.078989
0 0.751579 0.093207 0.034737 0.066351
0 0.445263 0.113744 0.037895 0.063191
0 0.664211 0.064771 0.026316 0.033175
0 0.910526 0.157978 0.040000 0.063191
0 0.860000 0.142180 0.043158 0.088468
0 0.575789 0.072670 0.033684 0.048973
0 0.748421 0.208531 0.057895 0.096367
0 0.874737 0.077409 0.032632 0.056872
0 0.755789 0.142180 0.052632 0.066351
0 0.844211 0.041074 0.030526 0.048973
0 0.630526 0.075829 0.029474 0.047393
0 0.930526 0.061611 0.033684 0.053712
0 0.532632 0.077409 0.033684 0.056872
0 0.798947 0.048973 0.029474 0.064771
0 0.657895 0.121643 0.032632 0.067930
