0 0.859389 0.465734 0.024977 0.043357
0 0.603145 0.460140 0.018501 0.030769
0 0.605920 0.440559 0.014801 0.025175
0 0.250694 0.443357 0.016651 0.027972
0 0.416281 0.602797 0.069380 0.123077
0 0.636448 0.476923 0.023127 0.039161
0 0.981499 0.436364 0.018501 0.034965
0 0.421832 0.462937 0.023127 0.039161
0 0.142461 0.479720 0.025902 0.040559
0 0.831637 0.411189 0.011101 0.019580
0 0.365402 0.450350 0.021277 0.030769
0 0.806660 0.448951 0.019426 0.037762
0 0.763182 0.426573 0.013876 0.022378
0 0.205365 0.542657 0.037928 0.062937
0 0.937095 0.446154 0.019426 0.034965
0 0.666050 0.493706 0.030527 0.046154
0 0.274746 0.630769 0.074006 0.110490
0 0.109158 0.443357 0.016651 0.027972
0 0.656799 0.434965 0.011101 0.020979
0 0.597595 0.567832 0.052729 0.079720
0 0.065680 0.447552 0.020352 0.029371
0 0.920444 0.448951 0.015726 0.037762
0 0.063830 0.506294 0.031452 0.047552
0 0.393154 0.426573 0.016651 0.029371
0 0.381129 0.436364 0.016651 0.032168
0 0.776133 0.457343 0.017576 0.036364
0 0.930620 0.485315 0.033302 0.053147
0 0.401480 0.513287 0.045328 0.072727
0 0.506938 0.436364 0.014801 0.027972
0 0.846438 0.518881 0.039778 0.062937
0 0.523589 0.464336 0.026827 0.047552
0 0.140611 0.451748 0.015726 0.026573
0 0.565217 0.448951 0.021277 0.032168
0 0.879741 0.432168 0.014801 0.032168
0 0.739130 0.443357 0.018501 0.036364
0 0.371878 0.504895 0.034228 0.048951
0 0.323774 0.436364 0.013876 0.019580
0 0.459759 0.502098 0.036078 0.058741
0 0.401480 0.454545 0.019426 0.030769
0 0.446809 0.444755 0.015726 0.027972
0 0.518039 0.443357 0.017576 0.027972
0 0.988899 0.479720 0.022202 0.050350
0 0.119334 0.566434 0.039778 0.065734
0 0.856614 0.405594 0.014801 0.026573
0 0.765032 0.448951 0.012951 0.027972
0 0.242368 0.493706 0.025902 0.048951
0 0.724329 0.472727 0.018501 0.032168
0 0.365402 0.436364 0.016651 0.027972
0 0.462535 0.434965 0.007401 0.018182
0 0.170213 0.497902 0.024977 0.044755
0 0.715079 0.434965 0.019426 0.027972
0 0.631822 0.444755 0.013876 0.027972
0 0.811286 0.408392 0.012951 0.022378
0 0.297872 0.454545 0.017576 0.025175
0 0.252544 0.479720 0.024977 0.036364
0 0.148936 0.395804 0.019426 0.027972
0 0.597595 0.489510 0.022202 0.039161
0 0.295097 0.479720 0.030527 0.046154
0 0.543941 0.576224 0.062905 0.097902
0 0.864940 0.436364 0.018501 0.030769
0 0.668825 0.455944 0.013876 0.029371
0 0.527290 0.420979 0.011101 0.022378
0 0.898242 0.454545 0.019426 0.030769
0 0.060130 0.474126 0.037003 0.041958
0 0.477336 0.468531 0.022202 0.032168
0 0.546716 0.439161 0.011101 0.026573
0 0.557817 0.485315 0.027752 0.050350
0 0.501388 0.391608 0.013876 0.025175
0 0.185939 0.478322 0.018501 0.034965
0 0.345976 0.447552 0.016651 0.029371
0 0.570768 0.420979 0.013876 0.023776
0 0.209066 0.471329 0.015726 0.034965
0 0.906568 0.511888 0.036078 0.064336
0 0.634598 0.429371 0.011101 0.019580
0 0.024977 0.488112 0.028677 0.057343
0 0.095282 0.481119 0.023127 0.034965
0 0.736355 0.489510 0.025902 0.047552
0 0.433858 0.434965 0.012026 0.016783
0 0.959297 0.444755 0.016651 0.029371
0 0.902868 0.429371 0.016651 0.034965
0 0.833488 0.439161 0.015726 0.030769
0 0.319149 0.444755 0.016651 0.026573
0 0.819611 0.419580 0.016651 0.023776
0 0.592044 0.427972 0.012951 0.022378
0 0.111008 0.472727 0.015726 0.026573
