0 0.637500 0.485017 0.044167 0.057714
0 0.966667 0.437292 0.035833 0.046615
0 0.191667 0.509434 0.070000 0.075472
0 0.136667 0.579356 0.075000 0.104329
0 0.729167 0.416204 0.025000 0.036626
0 0.789167 0.449501 0.033333 0.052164
0 0.882500 0.458380 0.047500 0.057714
0 0.348333 0.408435 0.022500 0.033296
0 0.578333 0.417314 0.029167 0.044395
0 0.905833 0.423973 0.021667 0.032186
0 0.638333 0.543840 0.070833 0.071032
0 0.868333 0.407325 0.033333 0.044395
0 0.768333 0.577137 0.089167 0.096559
0 0.287500 0.471698 0.052500 0.061043
0 0.020833 0.413984 0.035833 0.042175
0 0.811667 0.705882 0.109167 0.150943
0 0.755000 0.431743 0.030000 0.045505
0 0.320000 0.442841 0.032500 0.042175
