0 0.688494 0.098333 0.012161 0.030000
0 0.812909 0.133333 0.009355 0.020000
0 0.408793 0.160000 0.008419 0.020000
0 0.881197 0.195000 0.014967 0.035000
0 0.682881 0.181667 0.018709 0.046667
0 0.464920 0.188333 0.013096 0.031667
0 0.483630 0.290000 0.019645 0.051667
0 0.368569 0.245000 0.018709 0.031667
0 0.388213 0.195000 0.012161 0.026667
0 0.703461 0.128333 0.014032 0.038333
0 0.637979 0.098333 0.010290 0.021667
0 0.592142 0.096667 0.011225 0.028333
0 0.697848 0.220000 0.021515 0.048333
0 0.922357 0.265000 0.017774 0.050000
0 0.750234 0.110000 0.010290 0.026667
0 0.328344 0.263333 0.016838 0.041667
0 0.512629 0.168333 0.014967 0.026667
0 0.568756 0.240000 0.016838 0.043333
0 0.310571 0.238333 0.013096 0.025000
0 0.831618 0.136667 0.014032 0.033333
0 0.610851 0.115000 0.011225 0.025000
0 0.793265 0.116667 0.010290 0.028333
0 0.814780 0.170000 0.013096 0.036667
0 0.769878 0.218333 0.017774 0.055000
0 0.620206 0.136667 0.014032 0.035000
0 0.734331 0.180000 0.015903 0.041667
0 0.524790 0.136667 0.014032 0.030000
0 0.643592 0.175000 0.015903 0.040000
0 0.785781 0.130000 0.012161 0.031667
0 0.430309 0.166667 0.011225 0.030000
0 0.871843 0.121667 0.011225 0.026667
0 0.548176 0.150000 0.013096 0.035000
0 0.901777 0.126667 0.009355 0.025000
0 0.664172 0.126667 0.013096 0.030000
0 0.869036 0.216667 0.014967 0.043333
0 0.707203 0.285000 0.024322 0.051667
0 0.478952 0.160000 0.011225 0.030000
0 0.354537 0.228333 0.016838 0.025000
0 0.891487 0.178333 0.013096 0.030000
0 0.058934 0.511667 0.045837 0.106667
0 0.778297 0.288333 0.021515 0.058333
0 0.485500 0.195000 0.014032 0.031667
0 0.660430 0.205000 0.019645 0.043333
0 0.303087 0.253333 0.016838 0.031667
0 0.608045 0.325000 0.028064 0.056667
0 0.434986 0.271667 0.021515 0.051667
0 0.453695 0.163333 0.010290 0.025000
0 0.682881 0.145000 0.014032 0.036667
0 0.739008 0.131667 0.014032 0.035000
0 0.669785 0.330000 0.028999 0.061667
0 0.608980 0.196667 0.018709 0.041667
0 0.584659 0.153333 0.014967 0.031667
0 0.257250 0.281667 0.013096 0.023333
0 0.450889 0.140000 0.009355 0.021667
0 0.928906 0.155000 0.011225 0.026667
0 0.593078 0.251667 0.020580 0.046667
0 0.919551 0.203333 0.014967 0.036667
0 0.538821 0.191667 0.014967 0.036667
0 0.658559 0.248333 0.020580 0.045000
0 0.623012 0.095000 0.012161 0.028333
0 0.847521 0.150000 0.014967 0.036667
0 0.475210 0.143333 0.009355 0.020000
0 0.418148 0.215000 0.015903 0.033333
0 0.341441 0.216667 0.015903 0.033333
0 0.798877 0.175000 0.015903 0.036667
0 0.756782 0.136667 0.011225 0.030000
0 0.732460 0.116667 0.012161 0.026667
0 0.469598 0.243333 0.018709 0.045000
0 0.930776 0.140000 0.007484 0.021667
0 0.560337 0.105000 0.010290 0.023333
0 0.342376 0.278333 0.014967 0.038333
0 0.864359 0.148333 0.014032 0.031667
