0 0.696488 0.180870 0.015050 0.040000
0 0.808528 0.246957 0.019231 0.052174
0 0.674749 0.149565 0.015050 0.034783
0 0.549331 0.217391 0.017559 0.034783
0 0.780936 0.283478 0.020903 0.055652
0 0.709866 0.443478 0.025084 0.067826
0 0.928930 0.290435 0.014214 0.043478
0 0.412207 0.332174 0.025920 0.059130
0 0.474080 0.229565 0.020903 0.041739
0 0.856187 0.401739 0.025920 0.069565
0 0.593645 0.196522 0.015886 0.043478
0 0.738294 0.203478 0.015886 0.038261
0 0.337793 0.213913 0.023411 0.050435
0 0.239130 0.259130 0.023411 0.050435
0 0.448161 0.201739 0.022575 0.043478
0 0.473244 0.170435 0.016722 0.034783
0 0.823579 0.234783 0.014214 0.041739
0 0.807692 0.325217 0.023411 0.053913
0 0.583612 0.406957 0.031773 0.073043
0 0.955686 0.476522 0.032609 0.074783
0 0.980769 0.276522 0.014214 0.038261
0 0.897993 0.276522 0.014214 0.038261
0 0.651338 0.422609 0.028428 0.074783
0 0.719900 0.240000 0.016722 0.040000
0 0.195652 0.311304 0.025084 0.052174
0 0.705686 0.299130 0.025920 0.057391
0 0.730769 0.250435 0.015886 0.045217
0 0.643813 0.198261 0.015050 0.034783
0 0.408863 0.210435 0.019231 0.036522
0 0.279264 0.262609 0.020903 0.052174
0 0.674749 0.227826 0.017559 0.043478
0 0.948161 0.269565 0.016722 0.048696
0 0.069398 0.478261 0.042642 0.093913
0 0.397993 0.191304 0.016722 0.038261
0 0.897157 0.245217 0.018395 0.036522
0 0.372910 0.248696 0.020067 0.046957
0 0.533445 0.241739 0.018395 0.041739
0 0.766722 0.208696 0.016722 0.034783
0 0.499164 0.189565 0.015886 0.038261
0 0.556856 0.358261 0.025920 0.062609
0 0.801003 0.206957 0.018395 0.046957
0 0.877926 0.434783 0.024247 0.069565
0 0.741639 0.314783 0.023411 0.059130
0 0.653010 0.156522 0.015886 0.040000
0 0.321070 0.231304 0.020067 0.050435
0 0.364548 0.208696 0.020903 0.045217
0 0.615385 0.142609 0.016722 0.036522
0 0.344482 0.281739 0.023411 0.060870
0 0.978261 0.340870 0.015050 0.046957
0 0.577759 0.133913 0.017559 0.034783
0 0.539298 0.179130 0.016722 0.036522
0 0.864548 0.514783 0.030100 0.081739
0 0.774247 0.488696 0.035953 0.093913
0 0.971572 0.391304 0.025084 0.066087
0 0.282609 0.224348 0.020903 0.043478
0 0.763378 0.236522 0.017559 0.048696
0 0.563545 0.189565 0.017559 0.036522
0 0.674749 0.179130 0.015050 0.040000
0 0.862040 0.250435 0.017559 0.041739
0 0.657191 0.246957 0.024247 0.048696
0 0.424749 0.187826 0.018395 0.041739
0 0.534281 0.147826 0.016722 0.031304
0 0.589465 0.170435 0.017559 0.033043
0 0.599498 0.311304 0.025920 0.067826
0 0.305184 0.246957 0.020067 0.050435
0 0.567726 0.147826 0.018395 0.036522
0 0.886288 0.302609 0.020903 0.045217
