0 0.824675 0.203980 0.020408 0.053068
0 0.847866 0.174129 0.017625 0.044776
0 0.382189 0.175788 0.019481 0.028192
0 0.892393 0.137645 0.013915 0.033167
0 0.463822 0.160862 0.015770 0.033167
0 0.668831 0.207297 0.022263 0.049751
0 0.778293 0.180763 0.019481 0.046434
0 0.503711 0.139303 0.012987 0.024876
0 0.101113 0.484245 0.045455 0.087894
0 0.296846 0.265340 0.023191 0.043118
0 0.858998 0.131012 0.010204 0.021559
0 0.692950 0.169154 0.021336 0.044776
0 0.373840 0.250415 0.021336 0.036484
0 0.551020 0.195688 0.021336 0.043118
0 0.567718 0.252073 0.026902 0.054726
0 0.931354 0.152570 0.009276 0.018242
0 0.688312 0.225539 0.020408 0.046434
0 0.641002 0.096186 0.013915 0.024876
0 0.723562 0.253731 0.030612 0.066335
0 0.584416 0.137645 0.016698 0.028192
0 0.425788 0.160862 0.016698 0.033167
0 0.883117 0.159204 0.013915 0.034826
0 0.805195 0.262023 0.021336 0.059701
0 0.762523 0.129353 0.015770 0.031509
0 0.596475 0.097844 0.011132 0.026534
0 0.491651 0.227197 0.022263 0.043118
0 0.871058 0.203980 0.021336 0.048093
0 0.728200 0.207297 0.020408 0.044776
0 0.630798 0.208955 0.023191 0.043118
0 0.663265 0.104478 0.014842 0.031509
0 0.598330 0.112769 0.012059 0.028192
0 0.621521 0.247098 0.023191 0.056385
0 0.542672 0.316750 0.024119 0.053068
0 0.449907 0.187396 0.021336 0.043118
0 0.648423 0.179104 0.022263 0.043118
0 0.830241 0.124378 0.012987 0.026534
0 0.615955 0.311774 0.030612 0.063018
0 0.891466 0.174129 0.018553 0.044776
0 0.915584 0.230514 0.015770 0.041459
0 0.916512 0.303483 0.032468 0.067993
0 0.752319 0.212272 0.021336 0.049751
0 0.782004 0.139303 0.015770 0.036484
0 0.480519 0.169154 0.016698 0.031509
0 0.859926 0.152570 0.012059 0.028192
0 0.415584 0.172471 0.017625 0.034826
0 0.803340 0.144279 0.015770 0.039801
0 0.857143 0.257048 0.026902 0.059701
0 0.507421 0.167496 0.016698 0.028192
0 0.835807 0.315091 0.028757 0.064677
0 0.736549 0.117745 0.012987 0.039801
0 0.681818 0.175788 0.017625 0.043118
0 0.830241 0.145937 0.012987 0.031509
0 0.384045 0.203980 0.018553 0.033167
0 0.441558 0.223881 0.019481 0.038143
0 0.516698 0.149254 0.014842 0.028192
0 0.356215 0.265340 0.021336 0.048093
0 0.751391 0.331675 0.035250 0.074627
0 0.641002 0.131012 0.013915 0.024876
0 0.908163 0.253731 0.020408 0.048093
0 0.782004 0.270315 0.023191 0.056385
0 0.737477 0.172471 0.015770 0.033167
0 0.794991 0.396352 0.038961 0.081260
0 0.684601 0.313433 0.036178 0.067993
0 0.577922 0.167496 0.017625 0.039801
0 0.488868 0.189055 0.021336 0.036484
0 0.891466 0.353234 0.038961 0.082919
0 0.602968 0.137645 0.016698 0.033167
0 0.917440 0.202322 0.014842 0.031509
0 0.270872 0.248756 0.014842 0.038143
0 0.279221 0.255390 0.015770 0.034826
0 0.743043 0.147595 0.016698 0.036484
0 0.684601 0.109453 0.013915 0.029851
0 0.528757 0.280265 0.025974 0.053068
0 0.615028 0.104478 0.012059 0.024876
