0 0.722911 0.404225 0.032258 0.064789
0 0.552523 0.249296 0.014888 0.029577
0 0.500414 0.274648 0.020678 0.036620
0 0.666667 0.212676 0.012407 0.029577
0 0.825476 0.501408 0.037221 0.090141
0 0.870968 0.333803 0.018197 0.049296
0 0.631100 0.208451 0.016543 0.028169
0 0.598015 0.253521 0.017370 0.028169
0 0.655914 0.378873 0.032258 0.066197
0 0.252275 0.369014 0.022333 0.043662
0 0.841191 0.260563 0.017370 0.032394
0 0.425972 0.261972 0.016543 0.029577
0 0.406121 0.301408 0.018197 0.030986
0 0.698098 0.301408 0.023987 0.045070
0 0.764268 0.261972 0.017370 0.026761
0 0.631100 0.295775 0.025641 0.049296
0 0.703888 0.540845 0.037221 0.070423
0 0.293631 0.298592 0.018197 0.030986
0 0.684036 0.221127 0.011580 0.025352
0 0.856907 0.281690 0.018197 0.038028
0 0.674938 0.230986 0.012407 0.030986
0 0.540943 0.361972 0.025641 0.047887
0 0.432589 0.330986 0.016543 0.026761
0 0.849462 0.323944 0.020678 0.049296
0 0.812242 0.246479 0.016543 0.036620
0 0.914806 0.329577 0.019851 0.039437
0 0.572374 0.253521 0.016543 0.035211
0 0.743590 0.260563 0.016543 0.033803
0 0.330852 0.366197 0.028950 0.046479
0 0.401985 0.277465 0.012407 0.023944
0 0.601323 0.330986 0.022333 0.042254
0 0.602151 0.229577 0.014888 0.026761
0 0.780811 0.257746 0.016543 0.023944
0 0.898263 0.284507 0.014061 0.038028
0 0.569892 0.225352 0.015715 0.028169
0 0.817204 0.263380 0.017370 0.032394
0 0.352357 0.330986 0.018197 0.033803
0 0.615385 0.364789 0.024814 0.049296
0 0.646816 0.345070 0.025641 0.045070
0 0.772539 0.435211 0.031431 0.061972
0 0.942928 0.285915 0.013234 0.025352
0 0.289495 0.384507 0.021505 0.038028
0 0.751034 0.232394 0.013234 0.029577
0 0.892473 0.322535 0.016543 0.035211
0 0.669975 0.277465 0.018197 0.038028
0 0.626964 0.257746 0.018197 0.033803
0 0.428453 0.309859 0.015715 0.028169
0 0.779983 0.281690 0.017370 0.035211
0 0.707196 0.252113 0.019851 0.039437
0 0.736146 0.240845 0.012407 0.030986
0 0.784119 0.238028 0.015715 0.030986
0 0.827957 0.340845 0.020678 0.047887
0 0.839537 0.443662 0.031431 0.071831
0 0.125724 0.528169 0.052109 0.087324
0 0.641853 0.226761 0.014888 0.028169
0 0.913151 0.452113 0.032258 0.069014
0 0.499586 0.329577 0.024814 0.046479
0 0.459884 0.242254 0.012407 0.026761
0 0.813896 0.357746 0.024814 0.054930
0 0.387924 0.263380 0.012407 0.026761
0 0.469810 0.233803 0.017370 0.023944
0 0.862696 0.397183 0.028122 0.060563
0 0.690653 0.361972 0.024814 0.047887
0 0.596361 0.435211 0.033085 0.061972
0 0.464847 0.316901 0.021505 0.038028
0 0.609595 0.211268 0.014061 0.026761
0 0.880066 0.254930 0.015715 0.038028
0 0.522746 0.247887 0.016543 0.029577
0 0.406121 0.330986 0.020678 0.043662
0 0.936311 0.298592 0.011580 0.028169
0 0.479735 0.405634 0.033085 0.064789
0 0.443342 0.261972 0.017370 0.033803
0 0.642680 0.464789 0.041356 0.067606
0 0.550868 0.225352 0.015715 0.026761
0 0.816377 0.304225 0.020678 0.040845
0 0.925558 0.371831 0.023987 0.056338
0 0.349876 0.297183 0.019024 0.033803
0 0.445823 0.347887 0.023160 0.035211
0 0.931348 0.323944 0.020678 0.043662
0 0.552523 0.287324 0.019024 0.040845
0 0.545906 0.401408 0.029777 0.056338
0 0.521092 0.276056 0.019851 0.036620
