0 0.743333 0.410000 0.021667 0.027778
0 0.837500 0.414444 0.026667 0.032222
0 0.378333 0.360000 0.015000 0.027778
0 0.371667 0.463333 0.044167 0.056667
0 0.798333 0.413333 0.020833 0.025556
0 0.018333 0.411111 0.026667 0.028889
0 0.291667 0.408889 0.023333 0.030000
0 0.502500 0.395556 0.017500 0.023333
0 0.559167 0.427778 0.027500 0.038889
0 0.930000 0.436667 0.033333 0.052222
0 0.820000 0.476667 0.048333 0.060000
0 0.629167 0.432222 0.030000 0.044444
0 0.614167 0.425556 0.023333 0.036667
0 0.520000 0.421111 0.021667 0.033333
0 0.576667 0.411111 0.022500 0.027778
0 0.976667 0.423333 0.028333 0.043333
0 0.715833 0.445556 0.037500 0.052222
0 0.915000 0.475556 0.045833 0.066667
0 0.875000 0.408889 0.023333 0.037778
0 0.230000 0.422222 0.029167 0.048889
0 0.538333 0.408889 0.020000 0.028889
0 0.045833 0.396667 0.023333 0.028889
0 0.304167 0.427778 0.023333 0.032222
0 0.225833 0.503333 0.059167 0.082222
0 0.389167 0.497778 0.053333 0.074444
0 0.664167 0.403333 0.020000 0.035556
0 0.454167 0.397778 0.015833 0.025556
0 0.783333 0.443333 0.036667 0.051111
