0 0.534562 0.685665 0.059908 0.103627
0 0.502304 0.887737 0.122120 0.191710
0 0.866359 0.701209 0.067972 0.117444
0 0.311060 0.932642 0.145161 0.131261
0 0.766129 0.673575 0.062212 0.093264
0 0.067972 0.666667 0.065668 0.112263
0 0.392857 0.637306 0.069124 0.094991
0 0.036866 0.813472 0.066820 0.233161
0 0.722350 0.749568 0.079493 0.153713
0 0.600230 0.709845 0.059908 0.101900
0 0.218894 0.664940 0.059908 0.084629
0 0.209677 0.870466 0.116359 0.151986
0 0.291475 0.715026 0.095622 0.127807
0 0.425115 0.768566 0.072581 0.119171
