0 0.419149 0.159259 0.011702 0.022222
0 0.471277 0.162963 0.011702 0.031481
0 0.340426 0.235185 0.019149 0.038889
0 0.563830 0.187037 0.015957 0.038889
0 0.061702 0.301852 0.014894 0.042593
0 0.312766 0.198148 0.014894 0.037037
0 0.445745 0.159259 0.009574 0.029630
0 0.952128 0.209259 0.012766 0.033333
0 0.494681 0.177778 0.013830 0.035185
0 0.908511 0.187037 0.012766 0.037037
0 0.527660 0.188889 0.013830 0.037037
0 0.941489 0.238889 0.014894 0.044444
0 0.498936 0.159259 0.013830 0.029630
0 0.412766 0.237037 0.019149 0.037037
0 0.881915 0.233333 0.021277 0.046296
