0 0.380639 0.188119 0.013158 0.029703
0 0.636278 0.188119 0.020677 0.037954
0 0.570489 0.117162 0.014098 0.026403
0 0.667293 0.219472 0.022556 0.044554
0 0.579887 0.287129 0.027256 0.054455
0 0.922932 0.249175 0.022556 0.057756
0 0.838346 0.181518 0.019737 0.037954
0 0.580827 0.161716 0.017857 0.033003
0 0.918233 0.224422 0.017857 0.039604
0 0.404135 0.176568 0.014098 0.033003
0 0.834586 0.148515 0.018797 0.028053
0 0.634398 0.132013 0.018797 0.037954
0 0.460526 0.226073 0.019737 0.042904
0 0.553571 0.156766 0.016917 0.033003
0 0.508459 0.179868 0.018797 0.034653
0 0.624060 0.295380 0.027256 0.064356
0 0.698308 0.206271 0.022556 0.044554
0 0.697368 0.148515 0.015977 0.029703
0 0.782895 0.141914 0.016917 0.041254
0 0.482143 0.132013 0.012218 0.019802
0 0.759398 0.122112 0.015977 0.033003
0 0.884398 0.198020 0.018797 0.044554
0 0.172932 0.488449 0.042293 0.080858
0 0.353383 0.254125 0.019737 0.036304
0 0.886278 0.160066 0.015977 0.036304
0 0.527256 0.278878 0.032895 0.051155
0 0.858083 0.267327 0.019737 0.051155
0 0.339286 0.252475 0.016917 0.036304
0 0.717105 0.272277 0.026316 0.056106
0 0.445489 0.179868 0.016917 0.033003
0 0.271617 0.268977 0.018797 0.041254
0 0.309211 0.226073 0.020677 0.036304
0 0.731203 0.118812 0.013158 0.029703
0 0.330827 0.216172 0.018797 0.036304
0 0.483083 0.193069 0.017857 0.029703
0 0.660714 0.174917 0.017857 0.036304
0 0.723684 0.158416 0.019737 0.033003
0 0.421992 0.178218 0.014098 0.037954
0 0.474624 0.163366 0.015977 0.029703
0 0.843045 0.293729 0.028195 0.059406
0 0.478383 0.249175 0.021617 0.039604
0 0.680451 0.250825 0.024436 0.056106
0 0.289474 0.259076 0.017857 0.046205
0 0.395677 0.259076 0.023496 0.044554
0 0.357143 0.222772 0.017857 0.037954
0 0.451128 0.150165 0.016917 0.028053
0 0.862782 0.166667 0.022556 0.034653
0 0.807331 0.176568 0.018797 0.041254
0 0.578008 0.221122 0.023496 0.046205
0 0.894737 0.155116 0.015977 0.033003
0 0.751880 0.254125 0.021617 0.056106
0 0.826128 0.237624 0.021617 0.034653
0 0.771617 0.155116 0.016917 0.036304
0 0.612782 0.255776 0.024436 0.047855
0 0.734962 0.199670 0.022556 0.042904
0 0.773496 0.278878 0.028195 0.059406
0 0.612782 0.118812 0.016917 0.028053
0 0.252820 0.262376 0.020677 0.042904
0 0.699248 0.174917 0.020677 0.037954
0 0.778195 0.191419 0.019737 0.047855
0 0.390038 0.212871 0.018797 0.034653
