0 0.885605 0.287356 0.027645 0.059113
0 0.429933 0.224959 0.017159 0.034483
0 0.347950 0.224959 0.017159 0.034483
0 0.876072 0.320197 0.023832 0.059113
0 0.346997 0.247947 0.022879 0.027915
0 0.859867 0.215107 0.020019 0.037767
0 0.637750 0.152709 0.017159 0.032841
0 0.780744 0.305419 0.030505 0.068966
0 0.449952 0.231527 0.018112 0.037767
0 0.597712 0.188834 0.024786 0.045977
0 0.497617 0.231527 0.021926 0.042693
0 0.678742 0.206897 0.023832 0.049261
0 0.695901 0.264368 0.020019 0.039409
0 0.529075 0.144499 0.016206 0.026273
0 0.952336 0.282430 0.020019 0.050903
0 0.910391 0.233169 0.018112 0.034483
0 0.650143 0.252874 0.021926 0.042693
0 0.740705 0.192118 0.018112 0.027915
0 0.410867 0.257800 0.020972 0.037767
0 0.558627 0.210181 0.020972 0.050903
0 0.510963 0.190476 0.020019 0.036125
0 0.853194 0.246305 0.023832 0.050903
0 0.743565 0.298851 0.020019 0.054187
0 0.938990 0.348112 0.020972 0.057471
0 0.606292 0.246305 0.025739 0.054187
0 0.952336 0.244663 0.023832 0.039409
0 0.934223 0.247947 0.017159 0.050903
