0 0.274510 0.553922 0.034314 0.049837
0 0.345282 0.462010 0.020221 0.035948
0 0.429841 0.523693 0.028493 0.037990
0 0.233456 0.597631 0.049326 0.067810
0 0.901654 0.474265 0.034314 0.052696
0 0.326287 0.512255 0.021752 0.033088
0 0.433211 0.556781 0.032169 0.045752
0 0.314951 0.531454 0.026961 0.044935
0 0.117953 0.736111 0.094975 0.139706
0 0.508885 0.596405 0.063725 0.087827
0 0.274816 0.611520 0.057292 0.071895
0 0.443015 0.533088 0.024816 0.024918
0 0.282782 0.462418 0.022365 0.038807
0 0.457721 0.563317 0.037377 0.050654
0 0.173713 0.641748 0.067402 0.092729
