0 0.812757 0.153989 0.015432 0.035250
0 0.637860 0.120594 0.014403 0.031540
0 0.774691 0.185529 0.015432 0.038961
0 0.455761 0.172542 0.017490 0.031540
0 0.422840 0.172542 0.017490 0.035250
0 0.488683 0.144712 0.012346 0.025974
0 0.483539 0.181818 0.018519 0.038961
0 0.440329 0.168831 0.014403 0.031540
0 0.481481 0.148423 0.014403 0.031540
0 0.691358 0.304267 0.038066 0.089054
0 0.627572 0.133581 0.013374 0.031540
0 0.735597 0.148423 0.013374 0.033395
0 0.601852 0.155844 0.014403 0.029685
0 0.560700 0.113173 0.010288 0.027829
0 0.502058 0.129870 0.016461 0.029685
0 0.700617 0.170686 0.013374 0.037106
0 0.911523 0.166976 0.013374 0.031540
0 0.934156 0.235622 0.014403 0.037106
0 0.658436 0.194805 0.019547 0.038961
0 0.712963 0.246753 0.020576 0.048237
0 0.670782 0.118738 0.013374 0.027829
0 0.750000 0.128015 0.013374 0.035250
0 0.926955 0.207792 0.013374 0.042672
0 0.777778 0.152134 0.014403 0.031540
0 0.677984 0.213358 0.022634 0.042672
0 0.577160 0.139147 0.013374 0.031540
0 0.792181 0.217069 0.017490 0.040816
0 0.509259 0.181818 0.019547 0.038961
0 0.626543 0.218924 0.021605 0.042672
0 0.433128 0.152134 0.014403 0.025974
0 0.738683 0.176252 0.014403 0.037106
0 0.827160 0.129870 0.013374 0.029685
0 0.547325 0.141002 0.010288 0.025974
0 0.711934 0.194805 0.022634 0.038961
0 0.706790 0.116883 0.011317 0.024119
0 0.465021 0.139147 0.011317 0.031540
0 0.906379 0.207792 0.014403 0.035250
0 0.798354 0.163265 0.012346 0.031540
0 0.936214 0.181818 0.014403 0.037106
0 0.774691 0.126160 0.012346 0.031540
0 0.875514 0.269017 0.019547 0.050093
0 0.525720 0.129870 0.012346 0.033395
0 0.833333 0.170686 0.012346 0.033395
