0 0.718166 0.426174 0.045840 0.097315
0 0.582343 0.308725 0.045840 0.097315
0 0.979626 0.449664 0.039049 0.100671
0 0.884550 0.315436 0.047538 0.104027
0 0.285229 0.442953 0.064516 0.120805
0 0.482173 0.258389 0.047538 0.104027
0 0.926995 0.295302 0.035654 0.080537
0 0.672326 0.291946 0.044143 0.093960
0 0.777589 0.302013 0.037351 0.107383
0 0.736842 0.278523 0.044143 0.097315
0 0.025467 0.255034 0.049236 0.120805
0 0.215620 0.258389 0.054329 0.114094
0 0.816638 0.459732 0.044143 0.104027
0 0.567063 0.251678 0.037351 0.087248
0 0.421053 0.453020 0.061121 0.147651
0 0.332767 0.268456 0.044143 0.110738
0 0.108659 0.224832 0.050934 0.107383
0 0.101868 0.406040 0.064516 0.147651
0 0.395586 0.265101 0.045840 0.114094
0 0.886248 0.483221 0.049236 0.117450
