0 0.864407 0.362319 0.121065 0.181965
0 0.088378 0.252818 0.060533 0.091787
0 0.370460 0.244767 0.054479 0.082126
0 0.720339 0.257649 0.052058 0.101449
0 0.345036 0.349436 0.094431 0.157810
0 0.104116 0.359098 0.110169 0.159420
0 0.397094 0.307568 0.066586 0.119163
0 0.135593 0.289855 0.065375 0.103060
0 0.487893 0.278583 0.056901 0.086957
0 0.928571 0.243156 0.055690 0.090177
0 0.577482 0.312399 0.093220 0.164251
0 0.792978 0.254428 0.043584 0.070853
0 0.846247 0.267311 0.054479 0.078905
0 0.274818 0.301127 0.061743 0.104670
0 0.562954 0.231884 0.044794 0.061192
0 0.686441 0.246377 0.049637 0.064412
