0 0.565074 0.557303 0.037891 0.053933
0 0.827018 0.534831 0.041186 0.058427
0 0.265239 0.555056 0.041186 0.060674
0 0.596376 0.503371 0.032949 0.051685
0 0.309720 0.467416 0.029654 0.049438
0 0.112026 0.469663 0.037891 0.049438
0 0.367381 0.451685 0.028007 0.047191
0 0.265239 0.656180 0.049423 0.076404
0 0.233937 0.471910 0.036244 0.051685
0 0.822076 0.469663 0.026359 0.044944
0 0.411862 0.573034 0.041186 0.062921
0 0.084020 0.620225 0.069193 0.092135
0 0.041186 0.462921 0.037891 0.060674
0 0.543657 0.462921 0.026359 0.051685
0 0.672158 0.442697 0.032949 0.049438
0 0.939044 0.528090 0.037891 0.049438
0 0.560132 0.505618 0.034596 0.051685
0 0.866557 0.469663 0.023064 0.047191
0 0.179572 0.620225 0.065898 0.096629
0 0.663921 0.611236 0.047776 0.087640
0 0.599671 0.575281 0.029654 0.067416
0 0.777595 0.487640 0.037891 0.060674
0 0.627677 0.550562 0.034596 0.058427
0 0.401977 0.460674 0.026359 0.044944
0 0.265239 0.498876 0.037891 0.047191
0 0.688633 0.523596 0.036244 0.053933
0 0.349259 0.613483 0.056013 0.098876
0 0.887974 0.539326 0.029654 0.056180
0 0.716639 0.451685 0.031301 0.049438
0 0.135091 0.503371 0.039539 0.065169
0 0.495881 0.485393 0.028007 0.056180
0 0.428336 0.501124 0.029654 0.053933
0 0.729819 0.584270 0.044481 0.069663
0 0.306425 0.582022 0.034596 0.069663
0 0.907743 0.465169 0.023064 0.035955
0 0.598023 0.465169 0.024712 0.035955
0 0.194399 0.451685 0.024712 0.049438
