0 0.477165 0.228849 0.017323 0.042996
0 0.782677 0.192788 0.014961 0.045770
0 0.304724 0.257975 0.014961 0.036061
0 0.411811 0.264910 0.019685 0.041609
0 0.807087 0.171983 0.014173 0.036061
0 0.485039 0.138696 0.012598 0.029126
0 0.406299 0.191401 0.011024 0.022191
0 0.754331 0.220527 0.014961 0.037448
0 0.714173 0.183079 0.016535 0.033287
0 0.406299 0.170596 0.012598 0.024965
0 0.469291 0.155340 0.011811 0.034674
0 0.759843 0.171983 0.013386 0.034674
0 0.615748 0.142857 0.013386 0.033287
0 0.743307 0.363384 0.025197 0.066574
0 0.691339 0.153953 0.012598 0.031900
0 0.417323 0.194175 0.016535 0.030513
0 0.518110 0.147018 0.014961 0.029126
0 0.704724 0.220527 0.022047 0.041609
0 0.783465 0.152566 0.011811 0.030513
0 0.658268 0.208044 0.019685 0.040222
0 0.330709 0.217753 0.014961 0.034674
0 0.479528 0.188627 0.014173 0.034674
0 0.498425 0.130374 0.011024 0.024965
0 0.611024 0.199723 0.016535 0.042996
0 0.314173 0.223301 0.014173 0.034674
0 0.838583 0.202497 0.015748 0.038835
0 0.813386 0.223301 0.017323 0.042996
0 0.424409 0.165049 0.012598 0.031900
0 0.283465 0.253814 0.015748 0.030513
0 0.650394 0.174757 0.013386 0.027739
0 0.495276 0.298197 0.022047 0.048544
0 0.596063 0.162275 0.010236 0.024965
0 0.670079 0.113731 0.013386 0.033287
0 0.537795 0.306519 0.024409 0.047157
0 0.522047 0.135922 0.013386 0.027739
0 0.406299 0.256588 0.018898 0.041609
0 0.663780 0.309293 0.024409 0.066574
0 0.895276 0.245492 0.020472 0.047157
0 0.451969 0.145631 0.011811 0.027739
0 0.862992 0.142857 0.013386 0.033287
0 0.840157 0.167822 0.012598 0.033287
0 0.577165 0.231623 0.015748 0.040222
0 0.734646 0.192788 0.017323 0.038835
0 0.796063 0.142857 0.011811 0.030513
0 0.726772 0.156727 0.011811 0.030513
0 0.331496 0.274619 0.019685 0.038835
0 0.563780 0.140083 0.012598 0.033287
0 0.578740 0.115118 0.011811 0.027739
0 0.785039 0.126214 0.011811 0.022191
0 0.622047 0.128988 0.011811 0.023578
0 0.752756 0.148405 0.012598 0.026352
0 0.648819 0.115118 0.011811 0.029126
0 0.524409 0.194175 0.017323 0.033287
0 0.544882 0.160888 0.016535 0.031900
0 0.770866 0.123440 0.011811 0.024965
0 0.607087 0.237171 0.019685 0.041609
0 0.406299 0.223301 0.017323 0.030513
0 0.781102 0.264910 0.019685 0.052705
0 0.435433 0.238558 0.016535 0.036061
0 0.822047 0.156727 0.012598 0.031900
0 0.711811 0.284327 0.025197 0.054092
0 0.866929 0.216366 0.018110 0.052705
0 0.589764 0.145631 0.014173 0.027739
0 0.829921 0.131761 0.013386 0.026352
0 0.651181 0.252427 0.020472 0.047157
0 0.880315 0.188627 0.014173 0.031900
0 0.856693 0.291262 0.020472 0.047157
