0 0.501989 0.300423 0.023071 0.046544
0 0.262530 0.267983 0.016706 0.038082
0 0.506762 0.188999 0.019093 0.032440
0 0.407319 0.224260 0.019093 0.039492
0 0.871122 0.207334 0.015911 0.039492
0 0.020684 0.390691 0.025457 0.039492
0 0.907717 0.269394 0.020684 0.052186
0 0.608592 0.241185 0.023071 0.045134
0 0.867144 0.142454 0.015911 0.028209
0 0.716786 0.286319 0.024662 0.056417
0 0.303898 0.265162 0.019093 0.035261
0 0.645982 0.115656 0.014320 0.026798
0 0.755768 0.228491 0.021480 0.042313
0 0.420843 0.272214 0.023866 0.047955
0 0.546539 0.191819 0.016706 0.036671
0 0.786794 0.290550 0.023071 0.066291
0 0.411297 0.177715 0.013524 0.021157
0 0.867940 0.301834 0.021480 0.045134
0 0.703262 0.307475 0.027844 0.063470
0 0.390613 0.252468 0.021480 0.042313
0 0.837709 0.148096 0.013524 0.033850
0 0.344471 0.221439 0.017502 0.040903
0 0.648369 0.166432 0.019889 0.039492
0 0.279236 0.263752 0.022275 0.043724
0 0.747812 0.145275 0.015115 0.031030
0 0.871917 0.246827 0.019093 0.039492
0 0.766110 0.122708 0.012729 0.025388
0 0.810660 0.172073 0.017502 0.038082
0 0.710422 0.172073 0.017502 0.038082
0 0.832936 0.232722 0.019889 0.042313
0 0.653142 0.218618 0.022275 0.033850
0 0.488465 0.136812 0.011933 0.025388
0 0.481305 0.193230 0.015911 0.025388
0 0.518695 0.141044 0.012729 0.029619
0 0.739061 0.188999 0.018298 0.038082
0 0.826571 0.157969 0.015115 0.038082
0 0.548926 0.146685 0.015115 0.035261
0 0.620525 0.145275 0.016706 0.029619
0 0.473349 0.229901 0.019889 0.040903
0 0.496420 0.131171 0.013524 0.023977
0 0.843278 0.184767 0.017502 0.033850
0 0.337311 0.212976 0.016706 0.026798
0 0.523469 0.132581 0.012729 0.023977
0 0.654733 0.256700 0.023071 0.046544
0 0.883850 0.200282 0.011933 0.032440
0 0.426412 0.179126 0.015911 0.029619
0 0.564041 0.249647 0.019093 0.046544
0 0.610979 0.207334 0.022275 0.039492
0 0.396181 0.187588 0.015115 0.025388
0 0.466985 0.157969 0.017502 0.029619
0 0.586317 0.165021 0.016706 0.029619
0 0.803500 0.138223 0.015911 0.031030
0 0.660302 0.355430 0.042959 0.083216
0 0.447096 0.222849 0.019889 0.032440
0 0.701671 0.157969 0.015115 0.028209
0 0.762928 0.165021 0.019093 0.029619
0 0.564837 0.162200 0.012729 0.025388
0 0.822593 0.211566 0.015911 0.035261
0 0.665871 0.114245 0.012729 0.025388
0 0.466189 0.142454 0.012729 0.025388
0 0.436754 0.162200 0.016706 0.025388
0 0.711217 0.217207 0.020684 0.036671
0 0.587908 0.114245 0.013524 0.029619
0 0.734288 0.156559 0.013524 0.023977
0 0.322196 0.279267 0.024662 0.038082
