0 0.485642 0.239521 0.012669 0.023952
0 0.368243 0.335329 0.014358 0.031437
0 0.736486 0.426647 0.021959 0.046407
0 0.694257 0.266467 0.012669 0.031437
0 0.440878 0.242515 0.012669 0.025449
0 0.838682 0.318862 0.016047 0.035928
0 0.796453 0.452096 0.026182 0.052395
0 0.451858 0.270958 0.015203 0.029940
0 0.508446 0.273952 0.014358 0.032934
0 0.649493 0.309880 0.017736 0.041916
0 0.595439 0.267964 0.014358 0.032934
0 0.875000 0.284431 0.013514 0.040419
0 0.896959 0.263473 0.012669 0.035928
0 0.613176 0.347305 0.021959 0.044910
0 0.673986 0.381737 0.021115 0.052395
0 0.477196 0.241018 0.010980 0.022455
0 0.808277 0.255988 0.014358 0.026946
0 0.859797 0.345808 0.015203 0.041916
0 0.302365 0.372754 0.019426 0.041916
0 0.656250 0.226048 0.011824 0.028443
0 0.692568 0.233533 0.010980 0.032934
0 0.532939 0.279940 0.015203 0.031437
0 0.340372 0.366766 0.019426 0.040419
0 0.744932 0.291916 0.014358 0.032934
0 0.615709 0.254491 0.013514 0.031437
0 0.785473 0.239521 0.014358 0.031437
0 0.625000 0.205090 0.011824 0.028443
0 0.415541 0.275449 0.012669 0.029940
0 0.709459 0.297904 0.016892 0.040419
0 0.660473 0.252994 0.013514 0.029940
0 0.858953 0.540419 0.031250 0.065868
0 0.676520 0.211078 0.010135 0.023952
0 0.961149 0.284431 0.011824 0.031437
0 0.960304 0.314371 0.012669 0.031437
0 0.293074 0.314371 0.016047 0.035928
0 0.393581 0.345808 0.015203 0.038922
0 0.550676 0.432635 0.025338 0.052395
0 0.722128 0.250000 0.014358 0.034431
0 0.587838 0.254491 0.011824 0.026946
0 0.420608 0.348802 0.020270 0.041916
0 0.663007 0.351796 0.017736 0.040419
0 0.931588 0.476048 0.028716 0.065868
0 0.717905 0.224551 0.010980 0.026946
0 0.461149 0.354790 0.016047 0.038922
0 0.236486 0.345808 0.015203 0.032934
0 0.843750 0.276946 0.013514 0.031437
0 0.832770 0.374251 0.021115 0.049401
0 0.940878 0.312874 0.015203 0.037425
0 0.862331 0.317365 0.015203 0.032934
0 0.641892 0.221557 0.010135 0.026946
0 0.949324 0.357784 0.017736 0.044910
0 0.913007 0.318862 0.012669 0.037425
0 0.537162 0.250000 0.012669 0.026946
0 0.918074 0.285928 0.012669 0.029940
0 0.483953 0.270958 0.014358 0.026946
0 0.397804 0.267964 0.012669 0.028443
0 0.591216 0.223054 0.010980 0.022455
0 0.758446 0.263473 0.016047 0.031437
0 0.513514 0.326347 0.016047 0.038922
0 0.613176 0.464072 0.027027 0.067365
0 0.657095 0.489521 0.036318 0.059880
0 0.724662 0.498503 0.031250 0.086826
0 0.548142 0.363772 0.021959 0.046407
0 0.793074 0.299401 0.015203 0.031437
0 0.865709 0.257485 0.013514 0.029940
0 0.870777 0.480539 0.027872 0.062874
0 0.262669 0.381737 0.021115 0.043413
0 0.364865 0.297904 0.013514 0.028443
0 0.445946 0.317365 0.018581 0.035928
0 0.559966 0.297904 0.015203 0.032934
0 0.580236 0.221557 0.010135 0.025449
0 0.619932 0.226048 0.011824 0.028443
0 0.612331 0.408683 0.024493 0.049401
0 0.885135 0.381737 0.021115 0.052395
0 0.710304 0.368263 0.019426 0.046407
0 0.483108 0.308383 0.013514 0.034431
0 0.559122 0.251497 0.012669 0.028443
0 0.906250 0.345808 0.016047 0.038922
0 0.474662 0.420659 0.024493 0.052395
0 0.779561 0.270958 0.011824 0.029940
