0 0.380000 0.274457 0.056667 0.084239
0 0.673333 0.263587 0.036667 0.078804
0 0.190000 0.483696 0.060000 0.095109
0 0.546667 0.266304 0.043333 0.086957
0 0.325000 0.233696 0.053333 0.097826
0 0.826667 0.269022 0.041667 0.084239
0 0.896667 0.467391 0.045000 0.089674
0 0.586667 0.250000 0.038333 0.078804
0 0.795000 0.315217 0.043333 0.089674
0 0.711667 0.301630 0.040000 0.081522
0 0.711667 0.510870 0.056667 0.108696
0 0.326667 0.510870 0.055000 0.100543
0 0.276667 0.274457 0.038333 0.076087
0 0.426667 0.252717 0.041667 0.078804
0 0.585000 0.491848 0.056667 0.114130
0 0.883333 0.269022 0.041667 0.086957
0 0.625000 0.260870 0.045000 0.089674
0 0.751667 0.266304 0.041667 0.070652
0 0.168333 0.266304 0.045000 0.078804
0 0.213333 0.225543 0.041667 0.078804
0 0.073333 0.288043 0.053333 0.095109
0 0.456667 0.320652 0.041667 0.078804
0 0.505000 0.277174 0.038333 0.081522
0 0.813333 0.459239 0.048333 0.089674
0 0.256667 0.328804 0.056667 0.089674
0 0.923333 0.225543 0.048333 0.097826
