0 0.380469 0.195833 0.033594 0.063889
0 0.653125 0.520833 0.107813 0.254167
0 0.442969 0.270833 0.089063 0.168056
0 0.107031 0.236111 0.053125 0.106944
0 0.767188 0.241667 0.045312 0.070833
0 0.673438 0.291667 0.042188 0.088889
0 0.198437 0.227778 0.037500 0.079167
0 0.932031 0.320833 0.071094 0.129167
0 0.756250 0.301389 0.052344 0.086111
0 0.210938 0.333333 0.060937 0.127778
0 0.656250 0.219444 0.030469 0.061111
0 0.060156 0.279167 0.042188 0.086111
0 0.964844 0.256944 0.048438 0.100000
0 0.309375 0.415278 0.076563 0.166667
0 0.310156 0.245833 0.042969 0.080556
0 0.783594 0.380556 0.076563 0.155556
