0 0.509510 0.111311 0.020020 0.048474
0 0.935936 0.159785 0.019019 0.030521
0 0.179179 0.441652 0.041041 0.086176
0 0.428428 0.217235 0.023023 0.046679
0 0.643644 0.245961 0.032032 0.055655
0 0.192192 0.315978 0.037037 0.082585
0 0.585586 0.206463 0.024024 0.048474
0 0.846847 0.341113 0.025025 0.059246
0 0.730731 0.269300 0.034034 0.064632
0 0.485485 0.181329 0.022022 0.044883
0 0.566567 0.105925 0.020020 0.044883
0 0.358358 0.217235 0.024024 0.043088
0 0.549550 0.188510 0.021021 0.044883
0 0.908909 0.120287 0.018018 0.028725
0 0.630631 0.127469 0.015015 0.035907
0 0.918919 0.278276 0.031031 0.048474
0 0.197197 0.238779 0.024024 0.055655
