0 0.855833 0.666667 0.050000 0.090370
0 0.580833 0.442963 0.014167 0.028148
0 0.722500 0.429630 0.020000 0.040000
0 0.947500 0.574815 0.038333 0.062222
0 0.592500 0.531852 0.019167 0.045926
0 0.237500 0.589630 0.034167 0.060741
0 0.845833 0.841481 0.070000 0.136296
0 0.485833 0.497778 0.021667 0.034074
0 0.510833 0.447407 0.013333 0.032593
0 0.645833 0.468148 0.015833 0.034074
0 0.764167 0.451852 0.015833 0.029630
0 0.225833 0.644444 0.038333 0.059259
0 0.525833 0.478519 0.016667 0.042963
0 0.550000 0.560000 0.028333 0.054815
0 0.355833 0.482963 0.014167 0.028148
0 0.617500 0.465185 0.015833 0.032593
0 0.560000 0.475556 0.020833 0.035556
0 0.330833 0.503704 0.015833 0.025185
0 0.755000 0.426667 0.018333 0.038519
0 0.392500 0.397037 0.015000 0.028148
0 0.425833 0.466667 0.019167 0.038519
0 0.535000 0.429630 0.012500 0.028148
0 0.690000 0.447407 0.017500 0.035556
0 0.590000 0.423704 0.016667 0.026667
0 0.463333 0.487407 0.016667 0.032593
0 0.791667 0.494815 0.025000 0.038519
0 0.117500 0.571852 0.030833 0.047407
0 0.792500 0.474074 0.016667 0.037037
0 0.680833 0.617778 0.039167 0.072593
0 0.047500 0.819259 0.058333 0.082963
0 0.490000 0.465185 0.019167 0.025185
0 0.671667 0.441481 0.014167 0.032593
0 0.280833 0.491852 0.021667 0.035556
0 0.475833 0.515556 0.021667 0.044444
0 0.389167 0.487407 0.020000 0.029630
0 0.340000 0.522963 0.021667 0.044444
0 0.475833 0.454815 0.015000 0.031111
0 0.600000 0.454815 0.019167 0.034074
0 0.825000 0.494815 0.023333 0.045926
0 0.298333 0.500741 0.020000 0.035556
0 0.615833 0.560000 0.033333 0.059259
0 0.640833 0.522963 0.021667 0.056296
0 0.985000 0.693333 0.029167 0.085926
0 0.617500 0.426667 0.015833 0.031111
0 0.376667 0.474074 0.015833 0.034074
0 0.641667 0.423704 0.018333 0.029630
0 0.444167 0.459259 0.020000 0.038519
0 0.607500 0.482963 0.019167 0.034074
0 0.387500 0.687407 0.041667 0.068148
0 0.666667 0.549630 0.030000 0.044444
0 0.651667 0.791111 0.063333 0.108148
0 0.505833 0.551111 0.022500 0.037037
