0 0.658373 0.249147 0.028708 0.059727
0 0.712919 0.215017 0.018182 0.047782
0 0.586603 0.175768 0.020096 0.039249
0 0.741627 0.278157 0.030622 0.052901
0 0.905263 0.457338 0.047847 0.087031
0 0.797129 0.267918 0.022010 0.056314
0 0.750239 0.378840 0.034450 0.080205
0 0.839234 0.373720 0.026794 0.076792
0 0.821053 0.273038 0.022010 0.047782
0 0.672727 0.189420 0.014354 0.032423
0 0.744498 0.208191 0.015311 0.037543
0 0.227751 0.392491 0.050718 0.098976
0 0.622967 0.208191 0.020096 0.052901
0 0.533014 0.199659 0.024880 0.046075
0 0.675598 0.226962 0.017225 0.037543
