0 0.471875 0.325926 0.038542 0.064815
0 0.306250 0.338889 0.039583 0.066667
0 0.977083 0.331481 0.028125 0.081481
0 0.106250 0.320370 0.032292 0.061111
0 0.770833 0.481481 0.077083 0.133333
0 0.345833 0.311111 0.028125 0.061111
0 0.282292 0.387037 0.039583 0.100000
0 0.405208 0.331481 0.027083 0.068519
0 0.791667 0.344444 0.033333 0.062963
0 0.852083 0.305556 0.025000 0.048148
0 0.338542 0.401852 0.047917 0.103704
0 0.142708 0.335185 0.042708 0.068519
0 0.294792 0.272222 0.026042 0.062963
0 0.847917 0.359259 0.048958 0.077778
0 0.722917 0.281481 0.023958 0.038889
0 0.958333 0.370370 0.041667 0.083333
0 0.791667 0.298148 0.022917 0.055556
0 0.584375 0.387037 0.040625 0.098148
0 0.431250 0.290741 0.020833 0.061111
0 0.661458 0.294444 0.017708 0.042593
0 0.190625 0.433333 0.054167 0.120370
0 0.705208 0.333333 0.032292 0.081481
0 0.485417 0.411111 0.063542 0.120370
0 0.625000 0.490741 0.063542 0.140741
0 0.534375 0.296296 0.019792 0.046296
0 0.138542 0.398148 0.043750 0.092593
0 0.455208 0.507407 0.070833 0.170370
0 0.778125 0.379630 0.046875 0.098148
0 0.679167 0.316667 0.018750 0.046296
0 0.187500 0.316667 0.033333 0.070370
0 0.757292 0.300000 0.020833 0.051852
0 0.230208 0.285185 0.027083 0.046296
0 0.653125 0.355556 0.034375 0.083333
0 0.270833 0.524074 0.091667 0.181481
0 0.901042 0.307407 0.027083 0.050000
0 0.378125 0.357407 0.041667 0.083333
0 0.617708 0.325926 0.031250 0.061111
0 0.228125 0.342593 0.039583 0.066667
0 0.977083 0.437037 0.044792 0.107407
0 0.921875 0.375926 0.035417 0.094444
0 0.577083 0.290741 0.026042 0.062963
0 0.480208 0.220370 0.036458 0.075926
