0 0.590657 0.262431 0.023753 0.056630
0 0.564529 0.150552 0.017419 0.037293
0 0.748219 0.243094 0.022961 0.048343
0 0.219319 0.400552 0.047506 0.075967
0 0.387965 0.189227 0.018211 0.040055
0 0.421219 0.174033 0.017419 0.023481
0 0.305622 0.218232 0.018211 0.033149
0 0.541568 0.262431 0.029295 0.045580
0 0.798892 0.178177 0.014252 0.038674
0 0.523357 0.132597 0.015044 0.024862
0 0.455265 0.237569 0.024545 0.038674
0 0.734759 0.157459 0.015835 0.040055
0 0.428345 0.243094 0.022169 0.042818
0 0.790974 0.147790 0.015835 0.034530
0 0.500396 0.309392 0.032462 0.055249
0 0.400633 0.165746 0.017419 0.024862
0 0.638163 0.116022 0.013460 0.030387
0 0.838480 0.189227 0.019002 0.041436
0 0.812352 0.251381 0.023753 0.049724
0 0.858274 0.158840 0.015044 0.033149
0 0.756928 0.142265 0.016627 0.033149
0 0.333333 0.288674 0.022169 0.034530
0 0.593032 0.157459 0.012668 0.031768
0 0.485352 0.209945 0.016627 0.031768
0 0.828979 0.143646 0.015835 0.040055
0 0.640538 0.259669 0.023753 0.053867
0 0.669834 0.325967 0.032462 0.064917
0 0.494854 0.125691 0.014252 0.017956
0 0.595408 0.107735 0.011876 0.030387
0 0.706255 0.291436 0.030879 0.059392
0 0.787015 0.197514 0.018211 0.040055
0 0.843230 0.331492 0.028504 0.053867
0 0.848773 0.256906 0.024545 0.046961
0 0.754553 0.171271 0.019002 0.038674
0 0.311164 0.276243 0.016627 0.030387
0 0.368963 0.267956 0.019002 0.038674
0 0.669042 0.120166 0.015044 0.031768
0 0.453682 0.200276 0.015835 0.024862
0 0.728424 0.366022 0.034838 0.078729
0 0.874109 0.212707 0.019002 0.048343
0 0.553444 0.169890 0.020586 0.038674
0 0.254157 0.267956 0.015835 0.031768
0 0.731591 0.205801 0.019002 0.037293
0 0.460808 0.153315 0.015835 0.023481
0 0.715756 0.169890 0.020586 0.038674
0 0.510689 0.151934 0.015835 0.024862
0 0.410135 0.227901 0.019794 0.040055
0 0.405384 0.193370 0.014252 0.029006
0 0.691211 0.233425 0.024545 0.048343
0 0.609660 0.129834 0.011085 0.023481
0 0.443389 0.150552 0.011085 0.022099
0 0.896279 0.258287 0.024545 0.055249
0 0.452098 0.169890 0.016627 0.026243
0 0.327791 0.223757 0.015044 0.033149
0 0.528899 0.193370 0.018211 0.037293
0 0.277910 0.272099 0.019002 0.040055
0 0.768804 0.299724 0.031671 0.053867
0 0.826603 0.204420 0.019002 0.040055
0 0.617577 0.212707 0.023753 0.053867
0 0.807601 0.162983 0.019002 0.035912
0 0.577989 0.113260 0.012668 0.030387
0 0.384006 0.292818 0.024545 0.045580
0 0.677751 0.167127 0.020586 0.040055
