0 0.491477 0.293333 0.023674 0.045000
0 0.449811 0.226667 0.017992 0.036667
0 0.629735 0.098333 0.014205 0.023333
0 0.690341 0.150000 0.016098 0.030000
0 0.715909 0.293333 0.029356 0.055000
0 0.646780 0.101667 0.011364 0.023333
0 0.786932 0.290000 0.031250 0.065000
0 0.327652 0.263333 0.014205 0.033333
0 0.657197 0.173333 0.015152 0.033333
0 0.615530 0.205000 0.017992 0.036667
0 0.627841 0.140000 0.015152 0.028333
0 0.857955 0.151667 0.015152 0.030000
0 0.590909 0.148333 0.019886 0.045000
0 0.437500 0.270000 0.023674 0.043333
0 0.840909 0.136667 0.015152 0.035000
0 0.344697 0.220000 0.018939 0.038333
0 0.563447 0.293333 0.023674 0.051667
0 0.911932 0.130000 0.013258 0.030000
0 0.553030 0.151667 0.016098 0.031667
0 0.423295 0.216667 0.017045 0.028333
0 0.356061 0.233333 0.015152 0.028333
0 0.572917 0.241667 0.018939 0.040000
0 0.456439 0.165000 0.016098 0.025000
0 0.520833 0.160000 0.016098 0.028333
0 0.644886 0.123333 0.014205 0.026667
0 0.672348 0.125000 0.015152 0.026667
0 0.932765 0.268333 0.021780 0.053333
0 0.805871 0.118333 0.018939 0.030000
0 0.940341 0.158333 0.015152 0.035000
0 0.434659 0.166667 0.016098 0.031667
0 0.758523 0.108333 0.014205 0.028333
0 0.778409 0.216667 0.022727 0.048333
0 0.751894 0.136667 0.016098 0.033333
0 0.874053 0.156667 0.014205 0.030000
0 0.469697 0.193333 0.014205 0.030000
0 0.314394 0.240000 0.016098 0.030000
0 0.480114 0.143333 0.010417 0.020000
0 0.565341 0.110000 0.013258 0.026667
0 0.532197 0.133333 0.014205 0.028333
0 0.282197 0.275000 0.016098 0.030000
0 0.497159 0.130000 0.013258 0.021667
0 0.610795 0.328333 0.024621 0.055000
0 0.742424 0.180000 0.019886 0.048333
0 0.796402 0.136667 0.016098 0.035000
0 0.599432 0.118333 0.012311 0.016667
0 0.303977 0.255000 0.015152 0.033333
0 0.675189 0.335000 0.030303 0.058333
0 0.714962 0.133333 0.016098 0.030000
0 0.876894 0.213333 0.022727 0.048333
0 0.063447 0.533333 0.060606 0.110000
0 0.455492 0.136667 0.009470 0.021667
0 0.256629 0.285000 0.014205 0.023333
0 0.665720 0.250000 0.023674 0.053333
0 0.704545 0.215000 0.021780 0.046667
0 0.482955 0.160000 0.012311 0.025000
0 0.880682 0.126667 0.012311 0.033333
0 0.390152 0.195000 0.017992 0.030000
0 0.889205 0.195000 0.017045 0.036667
0 0.345644 0.283333 0.022727 0.048333
0 0.942235 0.145000 0.011364 0.026667
0 0.688447 0.185000 0.017992 0.041667
0 0.491477 0.198333 0.014205 0.030000
0 0.930871 0.203333 0.017992 0.043333
0 0.901515 0.178333 0.015152 0.031667
0 0.547348 0.193333 0.017045 0.036667
0 0.862689 0.188333 0.017992 0.030000
0 0.376894 0.223333 0.017992 0.033333
0 0.413826 0.166667 0.015152 0.030000
0 0.695076 0.101667 0.016098 0.031667
0 0.667614 0.206667 0.019886 0.043333
0 0.596591 0.095000 0.012311 0.021667
0 0.808712 0.176667 0.017045 0.036667
0 0.598485 0.256667 0.021780 0.045000
0 0.476326 0.245000 0.021780 0.043333
0 0.765152 0.140000 0.010417 0.026667
0 0.821970 0.138333 0.014205 0.030000
