0 0.567421 0.225962 0.025339 0.051282
0 0.578281 0.115385 0.019910 0.041667
0 0.938462 0.266026 0.019910 0.036859
0 0.919457 0.224359 0.014480 0.036859
0 0.936652 0.169872 0.012670 0.028846
0 0.903167 0.168269 0.013575 0.030449
0 0.483258 0.128205 0.010860 0.024038
0 0.626244 0.145833 0.013575 0.027244
0 0.508597 0.149038 0.014480 0.033654
0 0.711312 0.108974 0.010860 0.024038
0 0.642534 0.250000 0.022624 0.049679
0 0.481448 0.147436 0.013575 0.028846
0 0.613575 0.209936 0.016290 0.038462
0 0.378281 0.166667 0.011765 0.024038
0 0.933032 0.201923 0.011765 0.028846
0 0.652489 0.144231 0.009050 0.019231
0 0.692308 0.258013 0.021719 0.049679
0 0.553846 0.182692 0.018100 0.032051
0 0.615385 0.057692 0.009955 0.022436
0 0.500452 0.118590 0.013575 0.022436
0 0.893213 0.179487 0.014480 0.027244
0 0.638914 0.110577 0.010860 0.024038
0 0.849774 0.086538 0.014480 0.027244
0 0.807240 0.190705 0.017195 0.028846
0 0.599095 0.116987 0.009955 0.022436
0 0.854299 0.145833 0.010860 0.020833
0 0.730317 0.147436 0.011765 0.025641
0 0.192760 0.443910 0.035294 0.076923
0 0.664253 0.209936 0.019910 0.035256
0 0.881448 0.269231 0.018100 0.030449
0 0.865158 0.184295 0.013575 0.027244
0 0.895023 0.214744 0.012670 0.038462
0 0.750226 0.192308 0.016290 0.035256
0 0.414480 0.201923 0.016290 0.040064
0 0.549321 0.121795 0.011765 0.020833
0 0.723077 0.211538 0.017195 0.036859
0 0.385520 0.246795 0.022624 0.040064
0 0.559276 0.147436 0.014480 0.027244
0 0.688688 0.118590 0.010860 0.025641
0 0.319457 0.197115 0.015385 0.033654
0 0.734842 0.181090 0.013575 0.025641
0 0.441629 0.203526 0.015385 0.040064
0 0.891403 0.326923 0.023529 0.056090
0 0.840724 0.158654 0.014480 0.036859
0 0.538462 0.165064 0.011765 0.030449
0 0.507692 0.190705 0.014480 0.036859
0 0.482353 0.415064 0.066063 0.120192
0 0.772851 0.155449 0.012670 0.025641
0 0.700452 0.174679 0.017195 0.035256
0 0.795475 0.128205 0.014480 0.028846
0 0.674208 0.059295 0.010860 0.025641
0 0.548416 0.144231 0.010860 0.019231
0 0.761991 0.240385 0.019910 0.044872
0 0.750226 0.334936 0.025339 0.054487
0 0.717647 0.182692 0.014480 0.030449
0 0.415385 0.246795 0.019910 0.040064
0 0.428959 0.121795 0.013575 0.027244
0 0.368326 0.185897 0.014480 0.035256
0 0.413575 0.150641 0.013575 0.030449
0 0.521267 0.118590 0.012670 0.020833
0 0.707692 0.322115 0.029864 0.067308
0 0.279638 0.230769 0.018100 0.035256
0 0.838009 0.246795 0.015385 0.033654
0 0.751131 0.131410 0.016290 0.033654
0 0.370136 0.232372 0.013575 0.036859
0 0.628054 0.174679 0.012670 0.025641
0 0.790950 0.171474 0.010860 0.027244
0 0.788235 0.299679 0.020814 0.046474
0 0.863348 0.225962 0.014480 0.028846
0 0.468778 0.195513 0.018100 0.036859
0 0.306787 0.230769 0.016290 0.028846
0 0.821719 0.246795 0.017195 0.051282
0 0.331222 0.238782 0.021719 0.030449
