0 0.324286 0.148000 0.050000 0.172000
0 0.144286 0.144000 0.055714 0.176000
0 0.718571 0.164000 0.081429 0.276000
0 0.134286 0.320000 0.097143 0.328000
0 0.570000 0.484000 0.125714 0.380000
0 0.540000 0.092000 0.048571 0.160000
0 0.960000 0.048000 0.040000 0.084000
0 0.637143 0.080000 0.048571 0.136000
0 0.951429 0.200000 0.078571 0.244000
0 0.405714 0.276000 0.105714 0.388000
0 0.611429 0.208000 0.058571 0.220000
0 0.044286 0.296000 0.080000 0.280000
0 0.451429 0.152000 0.051429 0.168000
0 0.898571 0.104000 0.052857 0.176000
0 0.782857 0.072000 0.040000 0.132000
0 0.305714 0.196000 0.062857 0.224000
0 0.861429 0.076000 0.038571 0.144000
