0 0.941640 0.225657 0.017350 0.037094
0 0.731861 0.364760 0.026814 0.058733
0 0.246057 0.248841 0.020505 0.044822
0 0.873817 0.395672 0.021293 0.058733
0 0.436909 0.298300 0.019716 0.052550
0 0.230284 0.248841 0.018927 0.046368
0 0.322555 0.227202 0.015773 0.040185
0 0.695584 0.129830 0.014984 0.035549
0 0.667192 0.217929 0.022871 0.051005
0 0.623817 0.187017 0.018139 0.041731
0 0.714511 0.143740 0.011830 0.030912
0 0.815457 0.287481 0.018927 0.054096
0 0.416404 0.174652 0.017350 0.032457
0 0.865931 0.315301 0.022082 0.044822
0 0.661672 0.370943 0.026814 0.051005
0 0.812303 0.182380 0.013407 0.043277
0 0.659306 0.143740 0.015773 0.035549
0 0.537855 0.149923 0.011830 0.034003
0 0.797319 0.179289 0.021293 0.035549
0 0.076498 0.513138 0.044164 0.097372
0 0.635647 0.120556 0.011830 0.035549
0 0.764196 0.183926 0.015773 0.035549
0 0.473186 0.140649 0.015773 0.030912
0 0.405363 0.234930 0.016562 0.038640
0 0.499211 0.140649 0.011041 0.032457
0 0.264984 0.236476 0.013407 0.041731
0 0.974763 0.335394 0.018139 0.047913
0 0.901420 0.224111 0.014196 0.040185
0 0.560726 0.205564 0.019716 0.041731
0 0.373028 0.187017 0.019716 0.034003
0 0.318612 0.200927 0.018927 0.030912
0 0.873028 0.221020 0.014984 0.034003
0 0.688486 0.148377 0.019716 0.032457
0 0.344637 0.219474 0.020505 0.047913
0 0.612776 0.282844 0.023659 0.046368
0 0.522871 0.153014 0.016562 0.027821
0 0.559937 0.129830 0.014984 0.027821
0 0.581230 0.129830 0.016562 0.030912
0 0.608044 0.343122 0.024448 0.057187
0 0.823344 0.208655 0.018139 0.035549
0 0.855678 0.463679 0.027603 0.088099
0 0.792587 0.421947 0.029180 0.083462
0 0.779968 0.188563 0.014196 0.043277
0 0.944006 0.355487 0.019716 0.058733
0 0.727129 0.242658 0.021293 0.043277
0 0.357256 0.199382 0.016562 0.044822
0 0.892744 0.264297 0.018139 0.051005
0 0.383281 0.241113 0.020505 0.044822
0 0.704259 0.196291 0.016562 0.035549
0 0.481073 0.224111 0.022871 0.046368
0 0.441640 0.179289 0.013407 0.035549
0 0.558360 0.148377 0.011041 0.026275
0 0.578864 0.313756 0.022871 0.049459
0 0.425868 0.162287 0.014196 0.024730
0 0.930599 0.251932 0.011041 0.037094
0 0.485016 0.166924 0.022082 0.041731
0 0.503155 0.194745 0.015773 0.032457
0 0.603312 0.119011 0.013407 0.027821
0 0.985016 0.248841 0.013407 0.037094
0 0.462934 0.159196 0.015773 0.038640
0 0.663249 0.132921 0.018927 0.030912
0 0.966088 0.290572 0.018139 0.040185
0 0.924290 0.324575 0.018927 0.052550
0 0.798896 0.241113 0.017350 0.038640
0 0.745268 0.213292 0.016562 0.041731
0 0.951104 0.415765 0.022082 0.063369
0 0.768139 0.267388 0.015773 0.043277
