0 0.618254 0.141227 0.015079 0.031384
0 0.553175 0.181170 0.019048 0.037090
0 0.333333 0.218260 0.018254 0.038516
0 0.466667 0.201141 0.019841 0.047076
0 0.563492 0.151213 0.013492 0.028531
0 0.529365 0.176890 0.016667 0.034237
0 0.923016 0.269615 0.019048 0.047076
0 0.934127 0.208274 0.013492 0.039943
0 0.797619 0.205421 0.015873 0.041369
0 0.405556 0.273894 0.020635 0.047076
0 0.693651 0.255350 0.022222 0.049929
0 0.892857 0.231098 0.017460 0.047076
0 0.437302 0.159772 0.013492 0.029957
0 0.505556 0.152639 0.015079 0.031384
0 0.711905 0.342368 0.032540 0.064194
0 0.720635 0.233951 0.019841 0.044223
0 0.655556 0.114123 0.011111 0.031384
0 0.395238 0.158345 0.011905 0.024251
0 0.948413 0.194009 0.011111 0.034237
0 0.865079 0.186876 0.015079 0.039943
0 0.650000 0.145506 0.012698 0.029957
0 0.673016 0.108417 0.011111 0.018545
0 0.700794 0.178317 0.019048 0.035663
0 0.842063 0.154066 0.011905 0.028531
0 0.677778 0.122682 0.014286 0.037090
0 0.494444 0.124108 0.011905 0.022825
0 0.550794 0.154066 0.015079 0.029957
0 0.625397 0.114123 0.013492 0.029957
0 0.312698 0.219686 0.015079 0.044223
0 0.443651 0.186876 0.017460 0.029957
0 0.352381 0.192582 0.019841 0.034237
0 0.615079 0.251070 0.023810 0.049929
0 0.614286 0.212553 0.021429 0.048502
0 0.819841 0.134094 0.012698 0.031384
0 0.331746 0.194009 0.019048 0.027104
0 0.436508 0.192582 0.016667 0.031384
0 0.066667 0.295292 0.021429 0.049929
0 0.778571 0.146933 0.012698 0.029957
0 0.786508 0.285307 0.024603 0.054208
0 0.824603 0.168331 0.013492 0.035663
0 0.951587 0.228245 0.015873 0.041369
0 0.819048 0.199715 0.016667 0.037090
0 0.500794 0.179743 0.014286 0.029957
0 0.701587 0.108417 0.014286 0.025678
0 0.904762 0.222539 0.013492 0.042796
0 0.409524 0.239658 0.018254 0.044223
0 0.587302 0.151213 0.018254 0.031384
0 0.503968 0.141227 0.015873 0.028531
0 0.745238 0.135521 0.012698 0.035663
0 0.911111 0.148359 0.011905 0.032810
0 0.670635 0.219686 0.016667 0.039943
0 0.659524 0.192582 0.017460 0.038516
0 0.842857 0.221113 0.020635 0.045649
0 0.351587 0.221113 0.019048 0.041369
0 0.546825 0.145506 0.013492 0.027104
0 0.589683 0.161198 0.019841 0.039943
0 0.949206 0.182596 0.014286 0.027104
0 0.911111 0.336662 0.024603 0.059914
0 0.717460 0.182596 0.014286 0.038516
0 0.823810 0.255350 0.019048 0.054208
0 0.905556 0.178317 0.013492 0.038516
0 0.767460 0.358060 0.030952 0.062767
0 0.420635 0.159772 0.015873 0.031384
0 0.515079 0.132668 0.012698 0.019971
0 0.857143 0.229672 0.017460 0.038516
0 0.471429 0.134094 0.012698 0.021398
0 0.792857 0.165478 0.014286 0.027104
0 0.568254 0.229672 0.023016 0.048502
0 0.411905 0.191155 0.015079 0.034237
0 0.758730 0.252496 0.023810 0.047076
0 0.481746 0.146933 0.015873 0.028531
0 0.614286 0.112696 0.010317 0.022825
0 0.561905 0.118402 0.015873 0.027104
0 0.376190 0.209700 0.019841 0.034237
0 0.734127 0.148359 0.014286 0.034237
0 0.365873 0.242511 0.021429 0.044223
0 0.295238 0.212553 0.016667 0.031384
0 0.733333 0.182596 0.014286 0.032810
0 0.892063 0.181170 0.015873 0.038516
