0 0.063889 0.483333 0.055556 0.104167
0 0.591667 0.500000 0.062500 0.097917
0 0.227778 0.541667 0.059722 0.116667
0 0.405556 0.431250 0.043056 0.066667
0 0.163889 0.466667 0.056944 0.087500
0 0.025000 0.466667 0.047222 0.118750
0 0.737500 0.454167 0.045833 0.079167
0 0.681944 0.645833 0.077778 0.156250
0 0.150000 0.612500 0.101389 0.177083
0 0.193056 0.443750 0.047222 0.085417
0 0.883333 0.881250 0.150000 0.233333
0 0.586111 0.458333 0.051389 0.083333
0 0.576389 0.429167 0.043056 0.066667
0 0.506944 0.758333 0.116667 0.147917
0 0.469444 0.870833 0.215278 0.256250
0 0.875000 0.512500 0.054167 0.100000
0 0.738889 0.516667 0.052778 0.085417
0 0.306944 0.464583 0.054167 0.100000
0 0.454167 0.481250 0.056944 0.108333
0 0.411111 0.477083 0.045833 0.070833
0 0.773611 0.539583 0.063889 0.100000
0 0.933333 0.522917 0.052778 0.100000
0 0.172222 0.547917 0.072222 0.129167
0 0.425000 0.535417 0.070833 0.127083
0 0.961111 0.706250 0.077778 0.160417
0 0.083333 0.833333 0.127778 0.245833
