0 0.633556 0.221429 0.020033 0.031429
0 0.823873 0.294286 0.015860 0.037143
0 0.592654 0.448571 0.033389 0.071429
0 0.838898 0.331429 0.018364 0.044286
0 0.391486 0.262857 0.016694 0.031429
0 0.512521 0.264286 0.015025 0.031429
0 0.546745 0.251429 0.015860 0.028571
0 0.916528 0.451429 0.027546 0.061429
0 0.742905 0.260000 0.016694 0.034286
0 0.573456 0.218571 0.014190 0.032857
0 0.851419 0.325714 0.017529 0.038571
0 0.641068 0.471429 0.042571 0.081429
0 0.712855 0.252857 0.020033 0.037143
0 0.651085 0.347143 0.020033 0.044286
0 0.474958 0.265714 0.018364 0.034286
0 0.664441 0.367143 0.026711 0.048571
0 0.751252 0.237143 0.014190 0.025714
0 0.560100 0.222857 0.010851 0.028571
0 0.816361 0.587143 0.041736 0.085714
0 0.905676 0.304286 0.021703 0.037143
0 0.949082 0.284286 0.013356 0.028571
0 0.816361 0.242857 0.015860 0.035714
0 0.251252 0.382857 0.025042 0.037143
0 0.697830 0.364286 0.024207 0.048571
0 0.411519 0.335714 0.025042 0.044286
0 0.893990 0.322857 0.017529 0.037143
0 0.410684 0.270000 0.015860 0.034286
0 0.618531 0.371429 0.023372 0.058571
0 0.501669 0.332857 0.025876 0.041429
0 0.335559 0.360000 0.026711 0.045714
0 0.777963 0.432857 0.033389 0.062857
0 0.676962 0.207143 0.012521 0.030000
0 0.940735 0.310000 0.018364 0.031429
0 0.469950 0.311429 0.018364 0.034286
0 0.681135 0.234286 0.013356 0.030000
0 0.878965 0.342857 0.019199 0.041429
0 0.528381 0.278571 0.018364 0.030000
0 0.484140 0.410000 0.032554 0.067143
0 0.427379 0.255714 0.017529 0.032857
0 0.829716 0.268571 0.016694 0.031429
0 0.604341 0.248571 0.014190 0.028571
0 0.229549 0.341429 0.016694 0.041429
0 0.354758 0.298571 0.015860 0.030000
0 0.540067 0.358571 0.030050 0.054286
0 0.787980 0.240000 0.015025 0.031429
0 0.353923 0.327143 0.020868 0.034286
0 0.282137 0.318571 0.021703 0.037143
0 0.441569 0.277143 0.015860 0.032857
0 0.686978 0.317143 0.019199 0.034286
0 0.555927 0.281429 0.020868 0.040000
0 0.791319 0.284286 0.015025 0.034286
0 0.865609 0.277143 0.017529 0.035714
0 0.470785 0.241429 0.021703 0.037143
0 0.675292 0.274286 0.018364 0.037143
0 0.823038 0.358571 0.025876 0.048571
0 0.854758 0.262857 0.017529 0.027143
0 0.527546 0.442857 0.037563 0.070000
0 0.709516 0.301429 0.022538 0.042857
0 0.693656 0.220000 0.015025 0.035714
0 0.280467 0.384286 0.029215 0.050000
0 0.639399 0.301429 0.025042 0.047143
0 0.450751 0.335714 0.022538 0.041429
0 0.408180 0.304286 0.026711 0.032857
0 0.133556 0.527143 0.038397 0.071429
0 0.602671 0.330000 0.025042 0.037143
0 0.616861 0.204286 0.016694 0.031429
0 0.866444 0.384286 0.027546 0.055714
0 0.936561 0.348571 0.020033 0.050000
0 0.848915 0.468571 0.036728 0.060000
0 0.726210 0.404286 0.032554 0.057143
0 0.777129 0.265714 0.015025 0.032857
