0 0.429137 0.309423 0.015835 0.036568
0 0.782264 0.308017 0.013460 0.032349
0 0.422011 0.275668 0.012668 0.026723
0 0.687253 0.486639 0.030879 0.081575
0 0.631829 0.390999 0.023753 0.059072
0 0.454473 0.402250 0.026128 0.056259
0 0.902613 0.357243 0.019002 0.042194
0 0.623120 0.459916 0.031671 0.067511
0 0.612827 0.218003 0.011876 0.033755
0 0.836896 0.281294 0.015835 0.037975
0 0.874109 0.282700 0.013460 0.029536
0 0.553444 0.447257 0.031671 0.067511
0 0.876485 0.457103 0.026920 0.066104
0 0.435471 0.344585 0.016627 0.043601
0 0.374505 0.330520 0.016627 0.037975
0 0.328583 0.364276 0.020586 0.046414
0 0.872526 0.322082 0.015044 0.035162
0 0.347585 0.327707 0.017419 0.026723
0 0.792557 0.535865 0.023753 0.074543
0 0.497229 0.326301 0.019002 0.039381
0 0.906572 0.268636 0.011085 0.029536
0 0.865400 0.358650 0.017419 0.042194
0 0.283452 0.305204 0.014252 0.026723
0 0.828187 0.319269 0.016627 0.036568
0 0.814727 0.265823 0.014252 0.028129
0 0.283452 0.367089 0.016627 0.036568
0 0.547110 0.220816 0.009501 0.025316
0 0.653998 0.233474 0.009501 0.022504
0 0.885986 0.389592 0.019794 0.049226
0 0.790182 0.361463 0.019794 0.053446
0 0.511481 0.241913 0.013460 0.025316
0 0.793349 0.277075 0.011876 0.035162
0 0.171813 0.457103 0.040380 0.081575
0 0.403800 0.258790 0.013460 0.026723
0 0.739509 0.295359 0.015835 0.040788
0 0.660333 0.268636 0.014252 0.033755
0 0.703088 0.286920 0.014252 0.035162
0 0.464766 0.267229 0.012668 0.032349
0 0.399842 0.337553 0.016627 0.033755
0 0.625495 0.254571 0.013460 0.033755
0 0.848773 0.255977 0.011876 0.030942
0 0.491686 0.268636 0.012668 0.033755
0 0.510689 0.282700 0.015835 0.037975
0 0.819477 0.457103 0.026128 0.056259
0 0.908155 0.312236 0.014252 0.029536
0 0.582740 0.248945 0.013460 0.029536
0 0.585907 0.323488 0.019002 0.045007
0 0.759303 0.237693 0.014252 0.026723
0 0.689628 0.260197 0.012668 0.032349
0 0.599367 0.206751 0.011085 0.029536
0 0.715756 0.255977 0.012668 0.029536
0 0.524149 0.253165 0.013460 0.032349
0 0.672209 0.347398 0.018211 0.046414
0 0.565321 0.278481 0.014252 0.040788
0 0.836896 0.406470 0.015835 0.040788
0 0.661916 0.230661 0.010293 0.022504
0 0.636580 0.216596 0.008709 0.022504
0 0.752969 0.268636 0.015044 0.036568
0 0.560570 0.247539 0.012668 0.028129
0 0.231987 0.331927 0.016627 0.029536
0 0.528108 0.416315 0.023753 0.052039
0 0.751386 0.427567 0.023753 0.054852
0 0.597783 0.386779 0.019002 0.043601
0 0.714173 0.402250 0.022961 0.053446
0 0.457641 0.323488 0.019002 0.036568
0 0.642914 0.331927 0.015835 0.040788
0 0.445764 0.251758 0.013460 0.033755
0 0.831354 0.261603 0.011876 0.022504
0 0.733175 0.232068 0.012668 0.032349
0 0.400633 0.305204 0.013460 0.029536
