0 0.494531 0.330208 0.055469 0.081250
0 0.317969 0.273958 0.042188 0.083333
0 0.167187 0.275000 0.028906 0.044792
0 0.639062 0.355208 0.044531 0.068750
0 0.440625 0.314583 0.032031 0.044792
0 0.046875 0.266667 0.040625 0.050000
0 0.744531 0.391667 0.053906 0.084375
0 0.391406 0.314583 0.042969 0.061458
0 0.470313 0.327083 0.032813 0.050000
0 0.364844 0.281250 0.031250 0.053125
0 0.585938 0.332292 0.039062 0.067708
0 0.238281 0.281250 0.035937 0.054167
0 0.844531 0.347917 0.057031 0.078125
0 0.114844 0.293750 0.032813 0.047917
0 0.278125 0.277083 0.026562 0.036458
0 0.200000 0.290625 0.033594 0.046875
0 0.896875 0.346875 0.071094 0.094792
0 0.558594 0.322917 0.038281 0.058333
0 0.741406 0.326042 0.052344 0.072917
0 0.248438 0.343750 0.050781 0.066667
