0 0.889306 0.152429 0.014071 0.030151
0 0.883677 0.169179 0.016886 0.033501
0 0.706379 0.226131 0.019700 0.050251
0 0.639775 0.137353 0.015009 0.030151
0 0.349906 0.261307 0.021576 0.041876
0 0.630394 0.301508 0.033771 0.065327
0 0.493433 0.152429 0.015009 0.028476
0 0.483114 0.194305 0.021576 0.040201
0 0.550657 0.157454 0.015009 0.031826
0 0.900563 0.185930 0.014071 0.031826
0 0.564728 0.147404 0.013133 0.026801
0 0.458724 0.150754 0.015009 0.031826
0 0.379925 0.187605 0.017824 0.035176
0 0.770169 0.259631 0.027205 0.053601
0 0.048780 0.370184 0.025328 0.046901
0 0.341463 0.247906 0.017824 0.033501
0 0.797373 0.162479 0.016886 0.043551
0 0.512195 0.189280 0.018762 0.036851
0 0.833021 0.204355 0.021576 0.055276
0 0.324578 0.211055 0.014071 0.030151
0 0.386492 0.256281 0.021576 0.041876
0 0.500938 0.288107 0.026266 0.055276
0 0.762664 0.125628 0.016886 0.026801
0 0.419325 0.187605 0.015009 0.036851
0 0.617261 0.206030 0.019700 0.040201
0 0.842402 0.269682 0.023452 0.048576
0 0.743902 0.174204 0.016886 0.036851
0 0.357411 0.192630 0.015009 0.033501
0 0.715760 0.291457 0.025328 0.063652
0 0.447467 0.189280 0.015947 0.035176
0 0.583490 0.284757 0.027205 0.060302
0 0.343340 0.207705 0.013133 0.033501
0 0.847092 0.316583 0.025328 0.068677
0 0.762664 0.159129 0.017824 0.040201
0 0.914634 0.216080 0.018762 0.038526
0 0.474672 0.164154 0.017824 0.036851
0 0.577861 0.160804 0.017824 0.038526
0 0.558161 0.118928 0.015947 0.028476
0 0.846154 0.149079 0.015947 0.038526
0 0.915572 0.256281 0.017824 0.050251
0 0.607880 0.112228 0.012195 0.025126
0 0.676360 0.110553 0.016886 0.030151
0 0.272983 0.261307 0.018762 0.035176
0 0.730769 0.199330 0.019700 0.046901
0 0.766417 0.202680 0.021576 0.046901
0 0.399625 0.214405 0.016886 0.036851
0 0.510319 0.160804 0.015009 0.033501
0 0.680113 0.144054 0.014071 0.031826
0 0.599437 0.276382 0.024390 0.051926
0 0.405253 0.257956 0.023452 0.048576
0 0.553471 0.236181 0.022514 0.056951
0 0.603189 0.132328 0.013133 0.026801
0 0.588180 0.145729 0.015947 0.030151
0 0.618199 0.142379 0.014071 0.025126
0 0.756098 0.234506 0.022514 0.053601
0 0.597561 0.118928 0.011257 0.021776
0 0.454972 0.226131 0.016886 0.041876
0 0.673546 0.251256 0.023452 0.046901
0 0.777674 0.135678 0.016886 0.038526
0 0.704503 0.140704 0.017824 0.038526
0 0.262664 0.247906 0.015947 0.036851
0 0.734522 0.118928 0.015947 0.033501
0 0.324578 0.242881 0.015947 0.036851
0 0.354597 0.224456 0.015009 0.035176
0 0.833021 0.152429 0.015009 0.035176
0 0.468105 0.229481 0.022514 0.045226
0 0.484053 0.132328 0.011257 0.025126
0 0.642589 0.115578 0.014071 0.026801
0 0.647280 0.179229 0.020638 0.033501
0 0.700750 0.175879 0.016886 0.038526
0 0.717636 0.167504 0.017824 0.040201
