0 0.455473 0.223317 0.022263 0.045977
0 0.782931 0.274220 0.028757 0.064039
0 0.621521 0.246305 0.023191 0.045977
0 0.377551 0.269294 0.022263 0.047619
0 0.532468 0.330049 0.028757 0.060755
0 0.413729 0.160920 0.018553 0.037767
0 0.347866 0.239737 0.021336 0.039409
0 0.591837 0.108374 0.015770 0.032841
0 0.529685 0.141215 0.012987 0.026273
0 0.835807 0.310345 0.030612 0.064039
0 0.384972 0.185550 0.014842 0.029557
0 0.924861 0.154351 0.015770 0.032841
0 0.658627 0.210181 0.022263 0.049261
0 0.479592 0.311987 0.026902 0.062397
0 0.563080 0.134647 0.015770 0.031199
0 0.895176 0.149425 0.013915 0.027915
0 0.682746 0.300493 0.045455 0.083744
