0 0.701562 0.403283 0.014844 0.026964
0 0.602344 0.390387 0.013281 0.025791
0 0.702344 0.430246 0.018750 0.038687
0 0.502344 0.419695 0.017188 0.030481
0 0.828906 0.430246 0.022656 0.039859
0 0.327344 0.423212 0.017969 0.024619
0 0.667969 0.377491 0.015625 0.023447
0 0.729688 0.382181 0.010937 0.023447
0 0.521094 0.433763 0.019531 0.039859
0 0.325781 0.445487 0.021875 0.032825
0 0.625000 0.416178 0.017188 0.032825
0 0.179688 0.500586 0.032031 0.048066
0 0.274219 0.465416 0.025000 0.042204
0 0.383594 0.478312 0.029687 0.049238
0 0.298438 0.512309 0.042969 0.076202
0 0.653125 0.425557 0.022656 0.036342
0 0.746094 0.378664 0.016406 0.026964
0 0.096875 0.473623 0.025000 0.039859
0 0.436719 0.411489 0.018750 0.032825
0 0.847656 0.425557 0.029687 0.050410
0 0.682813 0.385698 0.014844 0.023447
0 0.450000 0.409144 0.018750 0.028136
0 0.378906 0.417351 0.014844 0.025791
0 0.396094 0.427902 0.023438 0.037515
0 0.545312 0.389215 0.014063 0.022274
0 0.511719 0.409144 0.015625 0.025791
0 0.304688 0.425557 0.017969 0.036342
0 0.795312 0.417351 0.017188 0.035170
0 0.579688 0.405627 0.013281 0.024619
0 0.571094 0.390387 0.014844 0.025791
0 0.495312 0.396249 0.012500 0.023447
0 0.609375 0.490035 0.027344 0.049238
0 0.736719 0.385698 0.016406 0.024619
0 0.768750 0.500586 0.039062 0.060961
0 0.549219 0.422040 0.015625 0.030481
0 0.576562 0.440797 0.024219 0.042204
0 0.690625 0.443142 0.022656 0.044549
0 0.210156 0.453693 0.023438 0.033998
0 0.594531 0.417351 0.019531 0.033998
0 0.621094 0.375147 0.011719 0.019930
0 0.251563 0.443142 0.017188 0.029308
0 0.846875 0.332943 0.010937 0.017585
0 0.124219 0.484174 0.033594 0.044549
0 0.490625 0.481829 0.039062 0.055100
0 0.225000 0.441970 0.015625 0.030481
0 0.369531 0.446659 0.023438 0.038687
0 0.319531 0.474795 0.032031 0.045721
0 0.668750 0.386870 0.013281 0.022274
0 0.521875 0.480657 0.027344 0.048066
0 0.427344 0.431419 0.019531 0.032825
0 0.831250 0.389215 0.017188 0.032825
0 0.769531 0.336460 0.014844 0.024619
0 0.775781 0.445487 0.026562 0.045721
0 0.414062 0.463072 0.022656 0.042204
0 0.650000 0.381008 0.015625 0.022274
0 0.659375 0.405627 0.017188 0.026964
0 0.242969 0.456038 0.025781 0.044549
0 0.638281 0.390387 0.014844 0.026964
0 0.671875 0.527550 0.043750 0.066823
0 0.559375 0.405627 0.020313 0.029308
0 0.583594 0.512309 0.039844 0.062134
0 0.721094 0.379836 0.014063 0.021102
0 0.753906 0.334115 0.010937 0.018757
0 0.792969 0.388042 0.011719 0.023447
0 0.760938 0.385698 0.014063 0.028136
0 0.517969 0.556858 0.043750 0.077374
