0 0.734574 0.423280 0.029383 0.068783
0 0.230167 0.733686 0.136141 0.253968
0 0.894221 0.439153 0.046033 0.088183
0 0.372184 0.430335 0.020568 0.049383
0 0.547502 0.460317 0.038198 0.081129
0 0.258570 0.506173 0.052889 0.109347
0 0.108717 0.396825 0.023506 0.040564
0 0.207640 0.407407 0.022527 0.051146
0 0.284035 0.428571 0.019589 0.038801
0 0.940255 0.465608 0.047013 0.102293
0 0.307542 0.444444 0.027424 0.052910
0 0.578844 0.576720 0.076396 0.137566
0 0.323213 0.527337 0.059745 0.139330
0 0.259549 0.439153 0.033301 0.044092
0 0.564153 0.410935 0.029383 0.059965
0 0.384917 0.410935 0.026445 0.052910
0 0.354554 0.417989 0.014691 0.038801
0 0.577865 0.486772 0.051910 0.089947
0 0.316357 0.412698 0.019589 0.037037
0 0.708129 0.447972 0.045054 0.086420
0 0.182174 0.428571 0.022527 0.040564
0 0.905975 0.634921 0.104799 0.222222
0 0.248776 0.414462 0.027424 0.038801
0 0.026445 0.456790 0.051910 0.107584
0 0.451518 0.442681 0.039177 0.081129
0 0.830558 0.446208 0.047013 0.100529
0 0.908913 0.490300 0.047992 0.104056
0 0.666993 0.440917 0.026445 0.056437
0 0.483839 0.590829 0.089128 0.185185
0 0.638590 0.435626 0.030362 0.065256
0 0.801175 0.476190 0.067581 0.118166
0 0.142018 0.467372 0.032321 0.074074
0 0.095005 0.520282 0.095005 0.144621
0 0.338883 0.410935 0.022527 0.044092
0 0.952987 0.567901 0.088149 0.169312
0 0.499510 0.405644 0.031342 0.056437
0 0.601371 0.412698 0.023506 0.047619
0 0.984329 0.437390 0.030362 0.081129
0 0.768854 0.428571 0.039177 0.089947
0 0.623898 0.414462 0.022527 0.052910
0 0.531832 0.423280 0.023506 0.049383
0 0.270323 0.403880 0.019589 0.040564
0 0.726738 0.518519 0.068560 0.137566
0 0.580803 0.435626 0.031342 0.054674
0 0.487757 0.439153 0.031342 0.054674
0 0.406464 0.483245 0.057786 0.123457
