0 0.933718 0.224315 0.014409 0.039384
0 0.402498 0.188356 0.014409 0.034247
0 0.745437 0.136986 0.013449 0.032534
0 0.778098 0.138699 0.014409 0.032534
0 0.889529 0.205479 0.020173 0.046233
0 0.708934 0.172945 0.017291 0.029110
0 0.417867 0.202055 0.017291 0.042808
0 0.532181 0.193493 0.016330 0.041096
0 0.474544 0.152397 0.019212 0.029110
0 0.608069 0.251712 0.026897 0.046233
0 0.388088 0.260274 0.028818 0.046233
0 0.668588 0.186644 0.018252 0.041096
0 0.422671 0.263699 0.026897 0.046233
0 0.345821 0.184932 0.016330 0.030822
0 0.749280 0.190068 0.017291 0.037671
0 0.568684 0.131849 0.016330 0.027397
0 0.652257 0.113014 0.028818 0.037671
0 0.761768 0.159247 0.019212 0.027397
0 0.793468 0.159247 0.016330 0.035959
0 0.611912 0.301370 0.040346 0.061644
0 0.741595 0.172945 0.014409 0.025685
0 0.871278 0.275685 0.024015 0.061644
0 0.944284 0.207192 0.015370 0.041096
0 0.705091 0.160959 0.015370 0.032534
0 0.704131 0.128425 0.014409 0.023973
0 0.418828 0.164384 0.016330 0.035959
0 0.632085 0.200342 0.020173 0.046233
0 0.724304 0.261986 0.027858 0.063356
0 0.195005 0.323630 0.043228 0.101027
0 0.458213 0.085616 0.018252 0.032534
0 0.589817 0.113014 0.017291 0.025685
0 0.368876 0.196918 0.022094 0.030822
0 0.484150 0.226027 0.026897 0.035959
0 0.498559 0.196918 0.018252 0.035959
0 0.555235 0.255137 0.021134 0.047945
0 0.833814 0.265411 0.025937 0.049658
0 0.447646 0.224315 0.018252 0.039384
0 0.384246 0.152397 0.021134 0.030822
0 0.929875 0.261986 0.021134 0.046233
0 0.775216 0.186644 0.018252 0.044521
