0 0.884314 0.708709 0.143137 0.273273
0 0.823529 0.450450 0.033333 0.051051
0 0.700000 0.426426 0.023529 0.033033
0 0.388235 0.459459 0.029412 0.060060
0 0.305882 0.438438 0.029412 0.051051
0 0.890196 0.528529 0.068627 0.111111
0 0.778431 0.507508 0.052941 0.081081
0 0.590196 0.384384 0.015686 0.024024
0 0.411765 0.435435 0.025490 0.045045
0 0.639216 0.426426 0.019608 0.039039
0 0.568627 0.435435 0.025490 0.039039
0 0.323529 0.414414 0.031373 0.060060
0 0.274510 0.516517 0.072549 0.117117
0 0.231373 0.441441 0.033333 0.057057
0 0.709804 0.456456 0.025490 0.057057
0 0.400000 0.387387 0.015686 0.030030
0 0.974510 0.459459 0.027451 0.054054
0 0.549020 0.435435 0.017647 0.030030
0 0.456863 0.381381 0.019608 0.027027
0 0.360784 0.477477 0.047059 0.087087
0 0.392157 0.417417 0.017647 0.039039
0 0.527451 0.381381 0.019608 0.027027
0 0.592157 0.411411 0.017647 0.036036
0 0.268627 0.435435 0.025490 0.048048
0 0.607843 0.435435 0.027451 0.051051
0 0.668627 0.450450 0.019608 0.036036
0 0.680392 0.426426 0.017647 0.042042
0 0.674510 0.513514 0.070588 0.096096
0 0.121569 0.483483 0.052941 0.084084
