0 0.774856 0.208754 0.017256 0.045455
0 0.953985 0.255892 0.013147 0.042088
0 0.588332 0.131313 0.014790 0.037037
0 0.959737 0.447811 0.025472 0.077441
0 0.767461 0.190236 0.018077 0.042088
0 0.374692 0.198653 0.016434 0.040404
0 0.416598 0.198653 0.016434 0.038721
0 0.543961 0.143098 0.015612 0.033670
0 0.720624 0.265993 0.023007 0.042088
0 0.382909 0.257576 0.018077 0.043771
0 0.604766 0.301347 0.024651 0.057239
0 0.973706 0.343434 0.015612 0.045455
0 0.332786 0.220539 0.018077 0.050505
0 0.866886 0.318182 0.019721 0.050505
0 0.261298 0.242424 0.018077 0.040404
0 0.795399 0.441077 0.029581 0.077441
0 0.876746 0.228956 0.015612 0.038721
0 0.203780 0.269360 0.021364 0.038721
0 0.928513 0.276094 0.014790 0.042088
0 0.603944 0.181818 0.013969 0.035354
0 0.567790 0.343434 0.024651 0.050505
0 0.747740 0.289562 0.024651 0.047138
0 0.622843 0.136364 0.013969 0.038721
0 0.350041 0.205387 0.018077 0.040404
0 0.078061 0.563973 0.051767 0.112795
0 0.467543 0.178451 0.021364 0.042088
0 0.838948 0.223906 0.017256 0.040404
0 0.738702 0.200337 0.017256 0.038721
0 0.538209 0.234007 0.019721 0.047138
0 0.571898 0.139731 0.014790 0.035354
0 0.554643 0.164983 0.018899 0.043771
0 0.691865 0.220539 0.018077 0.043771
0 0.805259 0.196970 0.018899 0.035354
0 0.655711 0.404040 0.032046 0.055556
0 0.645029 0.149832 0.015612 0.035354
0 0.816763 0.232323 0.018077 0.040404
0 0.659819 0.136364 0.013969 0.033670
0 0.479047 0.158249 0.015612 0.038721
0 0.276910 0.249158 0.018077 0.048822
0 0.986853 0.262626 0.013147 0.038721
0 0.516845 0.166667 0.015612 0.037037
0 0.857025 0.378788 0.023829 0.060606
0 0.656532 0.259259 0.026294 0.055556
0 0.905505 0.240741 0.013969 0.033670
0 0.557108 0.213805 0.016434 0.042088
0 0.613804 0.203704 0.017256 0.047138
0 0.352506 0.272727 0.022186 0.053872
0 0.427280 0.303030 0.023007 0.052189
0 0.685292 0.144781 0.013969 0.031987
0 0.706656 0.158249 0.014790 0.035354
0 0.575185 0.178451 0.018899 0.042088
0 0.597371 0.383838 0.027938 0.065657
0 0.459326 0.255892 0.021364 0.043771
0 0.866886 0.488215 0.030403 0.079125
0 0.866886 0.239057 0.017256 0.035354
0 0.973706 0.373737 0.018899 0.047138
0 0.595727 0.159933 0.014790 0.030303
0 0.811832 0.304714 0.018899 0.057239
0 0.291701 0.220539 0.020542 0.047138
0 0.886606 0.299663 0.016434 0.042088
0 0.926048 0.336700 0.016434 0.050505
0 0.428924 0.171717 0.017256 0.040404
0 0.442071 0.168350 0.014790 0.023569
0 0.212818 0.294613 0.021364 0.042088
0 0.321282 0.235690 0.019721 0.055556
0 0.679540 0.163300 0.014790 0.042088
0 0.507806 0.176768 0.017256 0.038721
