0 0.556364 0.232240 0.058182 0.125683
0 0.854545 0.284153 0.065455 0.131148
0 0.594545 0.180328 0.027273 0.060109
0 0.298182 0.232240 0.054545 0.103825
0 0.478182 0.349727 0.081818 0.213115
0 0.972727 0.232240 0.054545 0.155738
0 0.441818 0.199454 0.050909 0.090164
0 0.585455 0.226776 0.029091 0.087432
0 0.249091 0.215847 0.052727 0.081967
0 0.372727 0.232240 0.067273 0.133880
0 0.707273 0.281421 0.080000 0.172131
0 0.207273 0.401639 0.120000 0.245902
0 0.505455 0.221311 0.036364 0.087432
0 0.809091 0.226776 0.052727 0.103825
0 0.134545 0.251366 0.078182 0.144809
