0 0.237500 0.685417 0.027344 0.045833
0 0.371094 0.623958 0.010937 0.019792
0 0.052344 0.659375 0.017188 0.029167
0 0.303125 0.681250 0.025000 0.045833
0 0.560156 0.664583 0.029687 0.040625
0 0.121094 0.658333 0.023438 0.037500
0 0.325781 0.641667 0.017188 0.028125
0 0.033594 0.735417 0.028906 0.047917
0 0.289062 0.578125 0.015625 0.027083
0 0.343750 0.665625 0.023438 0.041667
0 0.762500 0.680208 0.040625 0.064583
0 0.268750 0.653125 0.017969 0.026042
0 0.472656 0.687500 0.029687 0.048958
0 0.047656 0.611458 0.019531 0.036458
0 0.697656 0.640625 0.025781 0.043750
0 0.108594 0.757292 0.032813 0.061458
0 0.142187 0.666667 0.021875 0.032292
0 0.196875 0.688542 0.030469 0.042708
0 0.427344 0.657292 0.020313 0.030208
0 0.162500 0.670833 0.021875 0.034375
0 0.447656 0.707292 0.031250 0.050000
0 0.200781 0.658333 0.022656 0.037500
0 0.514062 0.683333 0.031250 0.043750
0 0.062500 0.789583 0.045312 0.073958
0 0.232031 0.801042 0.063281 0.081250
0 0.831250 0.642708 0.035156 0.057292
0 0.245312 0.653125 0.022656 0.030208
0 0.085156 0.648958 0.019531 0.033333
0 0.784375 0.631250 0.023438 0.036458
0 0.192188 0.804167 0.045312 0.077083
0 0.303906 0.628125 0.015625 0.029167
0 0.450781 0.663542 0.019531 0.037500
0 0.482031 0.618750 0.014063 0.025000
0 0.586719 0.642708 0.018750 0.033333
0 0.317969 0.703125 0.036719 0.045833
0 0.457031 0.619792 0.018750 0.028125
0 0.622656 0.639583 0.020313 0.036458
0 0.383594 0.651042 0.025781 0.037500
0 0.514844 0.622917 0.017188 0.028125
0 0.418750 0.675000 0.025000 0.044792
0 0.410156 0.626042 0.016406 0.031250
0 0.396875 0.633333 0.016406 0.030208
0 0.477344 0.638542 0.020313 0.033333
0 0.496875 0.640625 0.021094 0.037500
0 0.363281 0.614583 0.015625 0.027083
0 0.214844 0.644792 0.017188 0.027083
0 0.717969 0.625000 0.024219 0.034375
0 0.617188 0.618750 0.018750 0.028125
0 0.262500 0.678125 0.018750 0.029167
0 0.858594 0.630208 0.033594 0.051042
