0 0.812350 0.355524 0.019246 0.041076
0 0.868484 0.327195 0.016840 0.038244
0 0.663994 0.232295 0.012831 0.026912
0 0.325581 0.378187 0.025662 0.053824
0 0.465116 0.240793 0.013633 0.025496
0 0.734563 0.246459 0.014435 0.024079
0 0.485164 0.284703 0.018444 0.035411
0 0.619888 0.494334 0.034483 0.069405
0 0.721732 0.266289 0.018444 0.042493
0 0.376905 0.335694 0.016840 0.032578
0 0.551724 0.230878 0.012831 0.024079
0 0.530072 0.410765 0.029671 0.063739
0 0.769046 0.276204 0.017642 0.033994
0 0.844427 0.314448 0.014435 0.032578
0 0.761828 0.242210 0.015237 0.031161
0 0.435445 0.308782 0.017642 0.039660
0 0.834804 0.463173 0.033681 0.066572
0 0.349639 0.337110 0.016840 0.036827
0 0.502005 0.338527 0.021652 0.048159
0 0.832398 0.322946 0.016038 0.035411
0 0.796311 0.259207 0.015237 0.026912
0 0.839615 0.407932 0.024860 0.053824
0 0.768244 0.443343 0.027265 0.063739
0 0.842021 0.276204 0.015237 0.031161
0 0.474739 0.342776 0.021652 0.043909
0 0.394547 0.362606 0.018444 0.039660
0 0.910986 0.354108 0.018444 0.043909
0 0.549318 0.286119 0.018444 0.039660
0 0.802727 0.279037 0.011227 0.024079
0 0.805132 0.297450 0.015237 0.035411
0 0.563753 0.273371 0.016038 0.033994
0 0.458701 0.430595 0.028067 0.063739
0 0.683240 0.364023 0.022454 0.039660
0 0.871692 0.420680 0.024860 0.050992
0 0.290297 0.376771 0.020850 0.042493
0 0.510024 0.254958 0.016840 0.028329
0 0.661588 0.287535 0.019246 0.039660
0 0.726544 0.409348 0.024058 0.050992
0 0.402566 0.301700 0.014435 0.032578
0 0.651965 0.213881 0.012831 0.029745
0 0.829992 0.262040 0.014435 0.031161
0 0.518043 0.280453 0.017642 0.031161
0 0.791500 0.368272 0.024058 0.052408
0 0.639134 0.344193 0.020048 0.042493
0 0.672815 0.321530 0.022454 0.042493
0 0.354451 0.297450 0.017642 0.032578
0 0.427426 0.280453 0.015237 0.031161
0 0.617482 0.269122 0.013633 0.031161
0 0.631917 0.298867 0.017642 0.043909
0 0.318364 0.334278 0.017642 0.039660
0 0.699278 0.301700 0.016038 0.035411
0 0.674419 0.229462 0.012029 0.026912
0 0.859663 0.260623 0.011227 0.028329
0 0.866079 0.288952 0.014435 0.031161
0 0.920609 0.305949 0.014435 0.031161
0 0.686447 0.538244 0.033681 0.086402
0 0.286287 0.317280 0.019246 0.036827
0 0.844427 0.352691 0.018444 0.043909
0 0.408982 0.266289 0.015237 0.036827
0 0.220529 0.355524 0.017642 0.038244
0 0.539695 0.250708 0.017642 0.033994
0 0.124298 0.556657 0.041700 0.073654
0 0.793103 0.505666 0.032077 0.066572
0 0.566961 0.246459 0.016840 0.021246
0 0.526063 0.372521 0.026464 0.052408
0 0.594226 0.335694 0.024058 0.046742
0 0.569366 0.223796 0.012831 0.022663
0 0.583801 0.434844 0.030473 0.070822
0 0.603849 0.212465 0.010425 0.025496
0 0.391339 0.269122 0.016038 0.032578
0 0.739374 0.298867 0.018444 0.045326
0 0.700080 0.252125 0.015237 0.036827
0 0.655974 0.373938 0.028067 0.048159
0 0.919808 0.271955 0.015237 0.031161
0 0.924619 0.330028 0.014435 0.033994
0 0.445870 0.260623 0.012831 0.025496
0 0.577386 0.388102 0.031275 0.050992
0 0.261427 0.349858 0.020850 0.043909
0 0.590217 0.249292 0.014435 0.029745
0 0.620690 0.211048 0.012831 0.028329
