0 0.460637 0.750000 0.185930 0.288265
0 0.979899 0.186224 0.040201 0.084184
0 0.865997 0.280612 0.078727 0.117347
0 0.750419 0.150510 0.030151 0.056122
0 0.453936 0.469388 0.088777 0.158163
0 0.654941 0.158163 0.023451 0.045918
0 0.475712 0.295918 0.061977 0.096939
0 0.083752 0.316327 0.082077 0.132653
0 0.782245 0.214286 0.035176 0.066327
0 0.556114 0.163265 0.020101 0.038265
0 0.847571 0.517857 0.095477 0.188776
0 0.289782 0.270408 0.063652 0.094388
0 0.144054 0.489796 0.130653 0.201531
0 0.752094 0.556122 0.152429 0.234694
0 0.165829 0.043367 0.028476 0.061224
