0 0.416000 0.237589 0.018000 0.042553
0 0.520000 0.343972 0.038000 0.070922
0 0.672000 0.482270 0.064000 0.134752
0 0.620000 0.308511 0.028000 0.049645
0 0.858000 0.340426 0.032000 0.053191
0 0.048000 0.329787 0.040000 0.067376
0 0.046000 0.241135 0.026000 0.046099
0 0.422000 0.528369 0.082000 0.163121
0 0.092000 0.234043 0.020000 0.042553
0 0.646000 0.290780 0.022000 0.049645
0 0.480000 0.287234 0.024000 0.067376
0 0.566000 0.290780 0.022000 0.053191
0 0.014000 0.273050 0.026000 0.060284
0 0.794000 0.340426 0.030000 0.056738
0 0.418000 0.414894 0.054000 0.102837
0 0.840000 0.368794 0.030000 0.070922
0 0.372000 0.273050 0.028000 0.053191
0 0.346000 0.234043 0.020000 0.042553
0 0.100000 0.276596 0.026000 0.053191
0 0.922000 0.347518 0.028000 0.060284
0 0.286000 0.237589 0.022000 0.049645
0 0.532000 0.304965 0.032000 0.067376
0 0.648000 0.347518 0.034000 0.070922
0 0.700000 0.312057 0.028000 0.063830
0 0.384000 0.375887 0.040000 0.092199
0 0.070000 0.248227 0.026000 0.053191
0 0.442000 0.326241 0.034000 0.070922
0 0.806000 0.570922 0.068000 0.156028
0 0.552000 0.411348 0.038000 0.102837
0 0.220000 0.287234 0.030000 0.070922
0 0.256000 0.319149 0.040000 0.070922
0 0.548000 0.645390 0.100000 0.187943
0 0.416000 0.273050 0.028000 0.049645
0 0.298000 0.280142 0.026000 0.060284
