0 0.448333 0.427500 0.030000 0.060000
0 0.513333 0.435000 0.038333 0.057500
0 0.853333 0.480000 0.040000 0.072500
0 0.353333 0.422500 0.036667 0.067500
0 0.695000 0.465000 0.061667 0.102500
0 0.438333 0.452500 0.048333 0.077500
0 0.755000 0.415000 0.076667 0.100000
0 0.955000 0.500000 0.040000 0.062500
0 0.198333 0.440000 0.041667 0.067500
0 0.556667 0.455000 0.055000 0.082500
0 0.028333 0.425000 0.040000 0.077500
0 0.313333 0.435000 0.070000 0.115000
0 0.911667 0.485000 0.030000 0.057500
0 0.608333 0.437500 0.035000 0.062500
0 0.195000 0.467500 0.051667 0.082500
