0 0.402000 0.564171 0.062000 0.096257
0 0.128000 0.481283 0.022000 0.040107
0 0.248000 0.532086 0.048000 0.061497
0 0.516000 0.508021 0.030000 0.050802
0 0.404000 0.481283 0.028000 0.042781
0 0.020000 0.502674 0.032000 0.048128
0 0.134000 0.537433 0.038000 0.056150
0 0.248000 0.494652 0.024000 0.034759
0 0.368000 0.494652 0.034000 0.048128
0 0.526000 0.481283 0.016000 0.040107
0 0.222000 0.489305 0.024000 0.045455
0 0.836000 0.385027 0.072000 0.093583
0 0.312000 0.491979 0.036000 0.045455
0 0.554000 0.502674 0.030000 0.045455
0 0.082000 0.486631 0.026000 0.045455
0 0.020000 0.475936 0.028000 0.037433
0 0.594000 0.478610 0.022000 0.048128
0 0.040000 0.532086 0.042000 0.066845
0 0.492000 0.481283 0.026000 0.042781
0 0.174000 0.494652 0.028000 0.042781
0 0.174000 0.537433 0.044000 0.072193
