0 0.529375 0.486667 0.035625 0.082222
0 0.828750 0.537778 0.042500 0.093333
0 0.185625 0.497778 0.047500 0.086667
0 0.426875 0.483333 0.039375 0.070000
0 0.187500 0.563333 0.070000 0.144444
0 0.296250 0.493333 0.037500 0.063333
0 0.454375 0.563333 0.060625 0.120000
0 0.736250 0.592222 0.055000 0.105556
0 0.755625 0.507778 0.037500 0.081111
0 0.339375 0.491111 0.031250 0.080000
0 0.343750 0.620000 0.062500 0.145556
0 0.702500 0.547778 0.045625 0.081111
0 0.655000 0.354444 0.030625 0.057778
0 0.978750 0.690000 0.042500 0.185556
0 0.939375 0.561111 0.047500 0.106667
0 0.970000 0.617778 0.059375 0.137778
0 0.918125 0.522222 0.036250 0.066667
0 0.866875 0.506667 0.030625 0.065556
0 0.767500 0.640000 0.066875 0.128889
0 0.241875 0.544444 0.038125 0.091111
0 0.136875 0.527778 0.043750 0.080000
0 0.958750 0.500000 0.041250 0.074444
0 0.700000 0.503333 0.034375 0.061111
0 0.036875 0.532222 0.067500 0.155556
0 0.496875 0.516667 0.040000 0.077778
