0 0.691406 0.153125 0.015625 0.032813
0 0.405469 0.179688 0.011719 0.035937
0 0.928125 0.257812 0.012500 0.042188
0 0.321094 0.201563 0.017188 0.039062
0 0.721094 0.156250 0.012500 0.037500
0 0.757031 0.282813 0.015625 0.045312
0 0.507031 0.200000 0.012500 0.032813
0 0.975000 0.298438 0.016406 0.042188
0 0.483594 0.232813 0.017969 0.039062
0 0.800781 0.432812 0.026562 0.059375
0 0.884375 0.389062 0.017188 0.054688
0 0.867969 0.301563 0.020313 0.040625
0 0.580469 0.321875 0.019531 0.039062
0 0.564844 0.142187 0.011719 0.034375
0 0.078906 0.659375 0.068750 0.114062
0 0.784375 0.203125 0.014844 0.040625
0 0.543750 0.168750 0.014063 0.034375
0 0.978125 0.246875 0.011719 0.032813
0 0.539062 0.226562 0.019531 0.035937
0 0.832031 0.210938 0.014063 0.046875
0 0.810156 0.309375 0.019531 0.051562
0 0.442188 0.162500 0.016406 0.025000
0 0.793750 0.253125 0.022656 0.034375
0 0.625000 0.281250 0.025000 0.050000
0 0.971875 0.348438 0.014063 0.042188
0 0.233594 0.259375 0.011719 0.043750
0 0.587500 0.135937 0.011719 0.039062
0 0.810156 0.185938 0.009375 0.034375
0 0.700781 0.210938 0.010156 0.045312
0 0.635938 0.128125 0.012500 0.039062
0 0.925781 0.318750 0.014844 0.046875
0 0.357812 0.221875 0.014063 0.042188
0 0.611719 0.207813 0.018750 0.029687
0 0.867188 0.490625 0.023438 0.059375
0 0.504687 0.154688 0.014063 0.032813
0 0.744531 0.223438 0.017188 0.051562
0 0.605469 0.365625 0.021875 0.050000
0 0.375781 0.193750 0.013281 0.021875
0 0.249219 0.268750 0.018750 0.050000
0 0.887500 0.271875 0.021094 0.043750
0 0.880469 0.231250 0.013281 0.029687
0 0.446875 0.289062 0.018750 0.050000
0 0.660937 0.143750 0.013281 0.037500
0 0.592187 0.176563 0.017969 0.043750
0 0.722656 0.253125 0.017188 0.045312
0 0.857031 0.353125 0.018750 0.045312
0 0.780469 0.165625 0.011719 0.031250
0 0.409375 0.234375 0.017188 0.035937
0 0.567969 0.154688 0.014844 0.040625
0 0.619531 0.167187 0.012500 0.031250
0 0.751563 0.187500 0.016406 0.029687
0 0.606250 0.126562 0.011719 0.032813
0 0.525781 0.162500 0.014063 0.032813
0 0.938281 0.412500 0.021875 0.056250
0 0.861719 0.225000 0.012500 0.037500
0 0.667188 0.245312 0.017188 0.034375
0 0.661719 0.376563 0.018750 0.054688
0 0.903125 0.217188 0.012500 0.035937
0 0.903125 0.250000 0.014844 0.039062
0 0.487500 0.170313 0.011719 0.037500
0 0.288281 0.231250 0.014063 0.028125
0 0.947656 0.356250 0.017188 0.040625
0 0.950000 0.237500 0.012500 0.040625
0 0.663281 0.182812 0.019531 0.035937
0 0.380469 0.257812 0.015625 0.037500
0 0.346875 0.215625 0.014063 0.046875
0 0.826562 0.225000 0.011719 0.046875
