0 0.591453 0.456738 0.035043 0.069504
0 0.374359 0.336170 0.017094 0.032624
0 0.879487 0.331915 0.018803 0.042553
0 0.270085 0.377305 0.023932 0.038298
0 0.384615 0.260993 0.016239 0.034043
0 0.629060 0.212766 0.013675 0.025532
0 0.820513 0.285106 0.016239 0.038298
0 0.675214 0.207092 0.012821 0.022695
0 0.701709 0.296454 0.023932 0.048227
0 0.605128 0.222695 0.012821 0.026950
0 0.852991 0.256738 0.015385 0.032624
0 0.908547 0.356028 0.019658 0.041135
0 0.344444 0.324823 0.019658 0.031206
0 0.726496 0.398582 0.033333 0.052482
0 0.929060 0.387234 0.028205 0.051064
0 0.468376 0.304965 0.017094 0.036879
0 0.217094 0.333333 0.021368 0.035461
0 0.782051 0.278014 0.017094 0.032624
0 0.119658 0.551773 0.045299 0.079433
0 0.579487 0.258156 0.017094 0.032624
0 0.461538 0.242553 0.019658 0.031206
0 0.544444 0.356028 0.026496 0.043972
0 0.788889 0.235461 0.017094 0.031206
0 0.589744 0.394326 0.034188 0.048227
0 0.917949 0.276596 0.023932 0.038298
0 0.823077 0.360284 0.026496 0.045390
0 0.347009 0.295035 0.021368 0.028369
0 0.426496 0.290780 0.017094 0.032624
0 0.858120 0.451064 0.037607 0.063830
0 0.322222 0.367376 0.029060 0.049645
0 0.858120 0.387234 0.029060 0.056738
0 0.400855 0.296454 0.021368 0.036879
0 0.824786 0.302128 0.018803 0.035461
0 0.638462 0.456738 0.036752 0.059574
0 0.883761 0.262411 0.016239 0.032624
0 0.688034 0.222695 0.011966 0.029787
0 0.758974 0.231206 0.016239 0.031206
0 0.543590 0.404255 0.033333 0.056738
0 0.676923 0.278014 0.018803 0.035461
0 0.496581 0.326241 0.022222 0.038298
0 0.582051 0.232624 0.014530 0.025532
0 0.605128 0.327660 0.028205 0.038298
0 0.247863 0.339007 0.020513 0.043972
0 0.711111 0.246809 0.017094 0.032624
0 0.402564 0.329078 0.018803 0.039716
0 0.900000 0.316312 0.021368 0.041135
0 0.520513 0.273759 0.018803 0.032624
0 0.554701 0.278014 0.017949 0.036879
0 0.676923 0.228369 0.013675 0.028369
0 0.693162 0.363121 0.027350 0.056738
0 0.795726 0.262411 0.016239 0.032624
0 0.566667 0.225532 0.012821 0.022695
0 0.845299 0.503546 0.039316 0.073759
0 0.606838 0.205674 0.017949 0.026950
0 0.793162 0.415603 0.029915 0.062411
0 0.447863 0.331915 0.020513 0.039716
0 0.819658 0.243972 0.019658 0.036879
0 0.430769 0.306383 0.018803 0.032624
0 0.736752 0.255319 0.017949 0.036879
0 0.552137 0.226950 0.015385 0.026950
0 0.637607 0.300709 0.023932 0.045390
0 0.645299 0.242553 0.015385 0.029787
0 0.600000 0.256738 0.017949 0.031206
0 0.770085 0.262411 0.016239 0.034043
0 0.468376 0.265248 0.017094 0.035461
0 0.925641 0.306383 0.017949 0.038298
0 0.953846 0.275177 0.017094 0.035461
0 0.934188 0.460993 0.033333 0.058156
0 0.866667 0.270922 0.013675 0.039716
0 0.502564 0.255319 0.020513 0.029787
0 0.278632 0.309220 0.020513 0.038298
0 0.476923 0.397163 0.030769 0.059574
0 0.743590 0.238298 0.015385 0.031206
0 0.667521 0.364539 0.027350 0.046809
0 0.952137 0.323404 0.020513 0.036879
0 0.713675 0.300709 0.019658 0.039716
0 0.419658 0.259574 0.015385 0.028369
0 0.641880 0.222695 0.015385 0.028369
0 0.517949 0.246809 0.013675 0.029787
