0 0.547260 0.280726 0.015091 0.027933
0 0.661636 0.226257 0.014297 0.029330
0 0.822081 0.301676 0.016680 0.034916
0 0.398729 0.269553 0.014297 0.029330
0 0.460683 0.296089 0.015091 0.027933
0 0.421763 0.245810 0.012708 0.023743
0 0.698173 0.462291 0.030977 0.069832
0 0.855441 0.340782 0.015091 0.036313
0 0.447180 0.336592 0.019063 0.033520
0 0.351867 0.290503 0.016680 0.030726
0 0.466243 0.263966 0.011914 0.022346
0 0.891978 0.459497 0.023034 0.047486
0 0.723590 0.258380 0.014297 0.034916
0 0.285147 0.298883 0.015886 0.032123
0 0.351072 0.329609 0.016680 0.029330
0 0.640985 0.209497 0.010326 0.020950
0 0.500397 0.263966 0.012708 0.022346
0 0.795075 0.262570 0.013503 0.023743
0 0.596505 0.351955 0.020651 0.043296
0 0.792693 0.358939 0.020651 0.041899
0 0.454329 0.405028 0.023828 0.051676
0 0.494043 0.315642 0.017474 0.026536
0 0.682288 0.220670 0.011914 0.023743
0 0.796664 0.326816 0.017474 0.032123
0 0.742653 0.230447 0.011914 0.025140
0 0.823670 0.424581 0.022240 0.050279
0 0.255759 0.363128 0.018268 0.041899
0 0.328832 0.350559 0.019857 0.036313
0 0.456712 0.237430 0.011120 0.020950
0 0.525020 0.347765 0.022240 0.047486
0 0.752979 0.280726 0.014297 0.030726
0 0.547260 0.224860 0.011120 0.020950
0 0.745036 0.252793 0.014297 0.027933
0 0.617156 0.290503 0.013503 0.025140
0 0.642573 0.363128 0.022240 0.039106
0 0.729944 0.234637 0.011914 0.023743
0 0.713264 0.392458 0.021446 0.046089
0 0.908658 0.340782 0.015091 0.036313
0 0.589357 0.217877 0.011914 0.026536
0 0.586180 0.328212 0.015091 0.027933
0 0.598094 0.413408 0.023828 0.051676
0 0.909452 0.293296 0.014297 0.027933
0 0.382844 0.254190 0.014297 0.026536
0 0.230342 0.333799 0.015091 0.034916
0 0.891183 0.318436 0.012708 0.032123
0 0.830024 0.270950 0.011914 0.029330
0 0.688642 0.251397 0.013503 0.033520
0 0.532963 0.393855 0.025417 0.046089
0 0.030183 0.414804 0.023034 0.051676
0 0.612391 0.215084 0.011120 0.023743
0 0.822081 0.250000 0.012708 0.025140
0 0.378872 0.321229 0.017474 0.032123
0 0.424940 0.296089 0.015886 0.032123
0 0.663225 0.430168 0.025417 0.051676
0 0.861795 0.315642 0.012708 0.032123
0 0.772836 0.405028 0.025417 0.044693
0 0.851469 0.250000 0.011120 0.032123
0 0.400318 0.333799 0.017474 0.033520
0 0.660842 0.261173 0.015091 0.026536
0 0.873709 0.280726 0.014297 0.036313
0 0.623511 0.226257 0.012708 0.020950
0 0.798253 0.296089 0.014297 0.032123
0 0.760127 0.234637 0.011914 0.026536
0 0.803018 0.493017 0.027006 0.054469
0 0.907863 0.275140 0.011914 0.025140
0 0.571088 0.252793 0.011120 0.026536
0 0.561557 0.220670 0.013503 0.020950
0 0.671168 0.344972 0.019063 0.040503
0 0.837967 0.262570 0.013503 0.026536
0 0.517077 0.236034 0.010326 0.019553
0 0.586180 0.245810 0.012708 0.025140
0 0.401906 0.293296 0.012708 0.026536
0 0.769658 0.244413 0.011120 0.027933
0 0.595711 0.205307 0.011120 0.022346
0 0.438443 0.258380 0.014297 0.026536
0 0.710087 0.284916 0.014297 0.029330
0 0.841144 0.365922 0.019857 0.050279
