0 0.698236 0.193656 0.022284 0.043406
0 0.314763 0.196995 0.025070 0.053422
0 0.548747 0.288815 0.027855 0.065109
0 0.579387 0.146912 0.023213 0.043406
0 0.322191 0.240401 0.021356 0.041736
0 0.649954 0.133556 0.025998 0.046745
0 0.390901 0.203673 0.021356 0.041736
0 0.623955 0.278798 0.032498 0.061770
0 0.062210 0.420701 0.033426 0.083472
0 0.847725 0.477462 0.052925 0.123539
0 0.362117 0.222037 0.026927 0.055092
0 0.087279 0.427379 0.045497 0.095159
0 0.612813 0.125209 0.021356 0.043406
0 0.604457 0.175292 0.026927 0.051753
0 0.515320 0.287145 0.027855 0.055092
