0 0.469373 0.532051 0.035613 0.058494
0 0.744302 0.545673 0.040420 0.066774
0 0.388355 0.561966 0.043091 0.070780
0 0.692308 0.512553 0.034900 0.058494
0 0.871439 0.533120 0.047899 0.064904
0 0.815527 0.535256 0.050036 0.085203
0 0.626959 0.525641 0.034188 0.067842
0 0.684829 0.488515 0.022614 0.043002
0 0.508725 0.522970 0.033654 0.062500
0 0.456375 0.568109 0.045228 0.066774
0 0.765848 0.359509 0.047899 0.070780
0 0.651353 0.513622 0.036325 0.054220
0 0.560185 0.481838 0.019943 0.040064
0 0.603632 0.488515 0.023326 0.038996
0 0.639245 0.480769 0.024751 0.038194
0 0.536859 0.495726 0.029380 0.055556
0 0.604701 0.555288 0.043091 0.071848
0 0.550570 0.520833 0.034900 0.058494
0 0.276531 0.392361 0.030805 0.056357
