0 0.953890 0.231687 0.021134 0.056218
0 0.451489 0.095400 0.014409 0.025554
0 0.297791 0.201022 0.020173 0.028961
0 0.129683 0.223169 0.017291 0.032368
0 0.309318 0.211244 0.010567 0.028961
0 0.209414 0.431005 0.035543 0.076661
0 0.121998 0.252129 0.019212 0.039182
0 0.497598 0.156729 0.011527 0.032368
0 0.411143 0.238501 0.015370 0.039182
0 0.170989 0.231687 0.019212 0.040886
0 0.482229 0.183986 0.015370 0.028961
0 0.343900 0.221465 0.016330 0.042589
0 0.933718 0.207836 0.016330 0.040886
0 0.884726 0.248722 0.021134 0.039182
0 0.472622 0.158433 0.015370 0.034072
0 0.423631 0.151618 0.016330 0.032368
0 0.556196 0.189097 0.014409 0.037479
0 0.435159 0.149915 0.011527 0.022147
0 0.917387 0.243612 0.014409 0.039182
0 0.895293 0.202726 0.018252 0.044293
0 0.628242 0.264055 0.017291 0.040886
