0 0.828482 0.319001 0.032258 0.072122
0 0.462628 0.227462 0.022817 0.047157
0 0.886703 0.368932 0.031471 0.072122
0 0.915814 0.234397 0.018883 0.048544
0 0.793863 0.170596 0.019670 0.047157
0 0.381589 0.230236 0.028324 0.040222
0 0.866247 0.230236 0.018883 0.045770
0 0.721479 0.155340 0.022817 0.040222
0 0.887490 0.178918 0.015736 0.033287
0 0.337530 0.226075 0.021243 0.042996
0 0.651456 0.214979 0.023603 0.047157
0 0.667191 0.251040 0.029111 0.056865
0 0.704170 0.228849 0.025964 0.055479
0 0.184107 0.479889 0.045633 0.081831
0 0.568057 0.165049 0.020456 0.044383
0 0.511408 0.185853 0.022030 0.042996
0 0.758458 0.273232 0.026751 0.061026
0 0.402832 0.202497 0.021243 0.038835
0 0.819827 0.219140 0.022030 0.038835
0 0.595594 0.106796 0.010228 0.022191
0 0.806452 0.353675 0.036979 0.074896
0 0.846577 0.162275 0.018096 0.037448
0 0.889064 0.296810 0.025964 0.065187
0 0.440598 0.220527 0.018096 0.036061
0 0.833989 0.174757 0.014949 0.038835
0 0.757671 0.167822 0.017309 0.042996
0 0.621558 0.234397 0.025964 0.048544
