0 0.912773 0.351201 0.023884 0.059150
0 0.753894 0.192237 0.014538 0.033272
0 0.326064 0.208872 0.015576 0.031423
0 0.636552 0.243993 0.018692 0.035120
0 0.418484 0.151571 0.010384 0.018484
0 0.904465 0.212569 0.014538 0.029575
0 0.521288 0.171904 0.013499 0.029575
0 0.636552 0.109057 0.011423 0.025878
0 0.388370 0.203327 0.017653 0.029575
0 0.480789 0.127542 0.011423 0.024030
0 0.716511 0.177449 0.015576 0.029575
0 0.832814 0.166359 0.011423 0.029575
0 0.801661 0.199630 0.015576 0.036969
0 0.464174 0.194085 0.018692 0.038817
0 0.293873 0.216266 0.017653 0.033272
0 0.496366 0.120148 0.010384 0.022181
0 0.539979 0.157116 0.014538 0.029575
0 0.570093 0.127542 0.013499 0.024030
0 0.415369 0.179298 0.013499 0.029575
0 0.872274 0.177449 0.013499 0.031423
0 0.386293 0.412200 0.044652 0.092421
0 0.440291 0.236599 0.017653 0.036969
0 0.695742 0.304991 0.028037 0.057301
0 0.691589 0.249538 0.019730 0.042514
0 0.856698 0.146026 0.010384 0.027726
0 0.640706 0.149723 0.011423 0.027726
0 0.661475 0.171904 0.015576 0.031423
0 0.552440 0.177449 0.017653 0.031423
0 0.441329 0.142329 0.013499 0.025878
0 0.840083 0.149723 0.012461 0.025878
0 0.366563 0.201479 0.013499 0.027726
0 0.379024 0.162662 0.012461 0.024030
0 0.764278 0.341959 0.028037 0.059150
0 0.598131 0.131238 0.011423 0.022181
0 0.902388 0.179298 0.012461 0.031423
0 0.735202 0.231054 0.018692 0.040665
0 0.933541 0.199630 0.012461 0.027726
0 0.645898 0.105360 0.011423 0.027726
0 0.773624 0.242144 0.022845 0.038817
0 0.271028 0.221811 0.016615 0.033272
0 0.484943 0.140481 0.014538 0.025878
0 0.743510 0.157116 0.013499 0.033272
0 0.808930 0.131238 0.010384 0.024030
0 0.591900 0.219963 0.017653 0.035120
0 0.652129 0.138632 0.013499 0.029575
0 0.793354 0.160813 0.010384 0.024030
0 0.910696 0.144177 0.012461 0.025878
0 0.585670 0.158965 0.016615 0.033272
0 0.685358 0.101664 0.010384 0.020333
0 0.909657 0.164510 0.011423 0.025878
0 0.629283 0.109057 0.010384 0.018484
0 0.518172 0.127542 0.010384 0.016636
0 0.734164 0.140481 0.012461 0.027726
0 0.699896 0.175601 0.015576 0.033272
0 0.689512 0.118299 0.015576 0.027726
0 0.822430 0.131238 0.009346 0.024030
0 0.798546 0.282810 0.023884 0.046211
0 0.348910 0.208872 0.016615 0.029575
0 0.371755 0.221811 0.018692 0.036969
0 0.652129 0.238447 0.018692 0.029575
0 0.598131 0.147874 0.012461 0.027726
0 0.842160 0.214418 0.016615 0.042514
0 0.877466 0.158965 0.011423 0.031423
0 0.490135 0.171904 0.014538 0.029575
0 0.437175 0.194085 0.016615 0.033272
0 0.709242 0.107209 0.013499 0.029575
0 0.957425 0.177449 0.011423 0.018484
0 0.929387 0.240296 0.016615 0.033272
0 0.343718 0.166359 0.011423 0.027726
0 0.820353 0.197782 0.014538 0.027726
0 0.617861 0.133087 0.015576 0.025878
0 0.781931 0.120148 0.010384 0.027726
0 0.385254 0.242144 0.019730 0.042514
0 0.441329 0.177449 0.012461 0.025878
0 0.510903 0.144177 0.012461 0.025878
0 0.830737 0.243993 0.018692 0.044362
0 0.548287 0.125693 0.012461 0.031423
0 0.593977 0.114603 0.010384 0.014787
0 0.595016 0.210721 0.019730 0.025878
0 0.946002 0.173752 0.010384 0.020333
