0 0.436019 0.185417 0.017773 0.039583
0 0.398104 0.283333 0.027251 0.054167
0 0.486967 0.302083 0.028436 0.050000
0 0.471564 0.187500 0.015403 0.029167
0 0.204976 0.264583 0.021327 0.047917
0 0.453791 0.202083 0.017773 0.031250
0 0.342417 0.214583 0.018957 0.029167
0 0.760664 0.266667 0.024882 0.056250
0 0.392180 0.187500 0.016588 0.031250
0 0.612559 0.250000 0.023697 0.041667
0 0.838863 0.289583 0.027251 0.058333
0 0.665877 0.264583 0.024882 0.047917
0 0.360190 0.200000 0.015403 0.035417
0 0.571090 0.143750 0.014218 0.025000
0 0.402844 0.195833 0.015403 0.031250
0 0.361374 0.287500 0.024882 0.047917
0 0.338863 0.241667 0.017773 0.033333
0 0.394550 0.220833 0.021327 0.033333
0 0.754739 0.231250 0.023697 0.045833
0 0.909953 0.231250 0.021327 0.050000
0 0.462085 0.235417 0.024882 0.054167
0 0.725118 0.262500 0.026066 0.052083
0 0.725118 0.181250 0.020142 0.039583
0 0.603081 0.200000 0.018957 0.037500
0 0.658768 0.197917 0.022512 0.039583
0 0.755924 0.177083 0.018957 0.037500
0 0.357820 0.247917 0.020142 0.047917
0 0.483412 0.197917 0.017773 0.041667
