0 0.705411 0.311504 0.035070 0.072566
0 0.807615 0.168142 0.014028 0.026549
0 0.955912 0.221239 0.017034 0.040708
0 0.783567 0.139823 0.015030 0.030088
0 0.934870 0.258407 0.022044 0.051327
0 0.559118 0.130973 0.012024 0.026549
0 0.842685 0.171681 0.014028 0.031858
0 0.449900 0.246018 0.021042 0.037168
0 0.599198 0.130973 0.015030 0.026549
0 0.580160 0.136283 0.015030 0.030088
0 0.445892 0.157522 0.013026 0.026549
0 0.291583 0.223009 0.016032 0.031858
0 0.764529 0.191150 0.019038 0.037168
0 0.757515 0.384071 0.032064 0.072566
0 0.866733 0.150442 0.013026 0.031858
0 0.850701 0.159292 0.015030 0.026549
0 0.886774 0.159292 0.015030 0.028319
0 0.375752 0.198230 0.017034 0.028319
0 0.663327 0.138053 0.016032 0.026549
0 0.378758 0.230088 0.020040 0.038938
0 0.690381 0.224779 0.023046 0.042478
0 0.532064 0.129204 0.013026 0.024779
0 0.564128 0.180531 0.018036 0.033628
0 0.554108 0.120354 0.015030 0.030088
0 0.709419 0.175221 0.016032 0.031858
0 0.965932 0.194690 0.012024 0.035398
0 0.922846 0.350442 0.036072 0.076106
0 0.948898 0.208850 0.014028 0.031858
0 0.502004 0.150442 0.014028 0.028319
0 0.671343 0.118584 0.013026 0.021239
0 0.918838 0.175221 0.013026 0.031858
0 0.461924 0.208850 0.020040 0.040708
0 0.631263 0.130973 0.013026 0.031858
0 0.392786 0.203540 0.018036 0.037168
0 0.893788 0.235398 0.022044 0.042478
0 0.700401 0.254867 0.026052 0.047788
0 0.348697 0.223009 0.019038 0.031858
0 0.844689 0.130973 0.011022 0.028319
0 0.428858 0.200000 0.019038 0.033628
0 0.601202 0.223009 0.026052 0.049558
0 0.695391 0.107965 0.013026 0.021239
0 0.744489 0.235398 0.021042 0.046018
0 0.832665 0.261947 0.027054 0.054867
0 0.613226 0.159292 0.017034 0.031858
0 0.574148 0.157522 0.016032 0.035398
0 0.427856 0.155752 0.014028 0.030088
0 0.676353 0.176991 0.016032 0.035398
0 0.865731 0.221239 0.016032 0.033628
0 0.356713 0.194690 0.016032 0.028319
0 0.803607 0.292035 0.027054 0.054867
0 0.345691 0.173451 0.016032 0.033628
0 0.647295 0.247788 0.028056 0.056637
0 0.715431 0.109735 0.015030 0.030088
0 0.528056 0.173451 0.019038 0.031858
0 0.490982 0.146903 0.014028 0.030088
0 0.621242 0.120354 0.012024 0.030088
0 0.626253 0.095575 0.018036 0.021239
0 0.450902 0.185841 0.014028 0.030088
0 0.508016 0.184071 0.020040 0.031858
0 0.774549 0.240708 0.021042 0.047788
0 0.602204 0.070796 0.017034 0.030088
0 0.911824 0.180531 0.017034 0.030088
0 0.743487 0.141593 0.014028 0.026549
0 0.789579 0.122124 0.013026 0.026549
0 0.725451 0.180531 0.018036 0.035398
0 0.633267 0.205310 0.022044 0.047788
0 0.508016 0.123894 0.015030 0.024779
0 0.404810 0.168142 0.016032 0.033628
0 0.905812 0.207080 0.014028 0.037168
0 0.745491 0.164602 0.016032 0.031858
0 0.880762 0.184071 0.019038 0.038938
0 0.809619 0.207080 0.017034 0.037168
0 0.853707 0.224779 0.020040 0.046018
0 0.924850 0.152212 0.013026 0.035398
0 0.277555 0.224779 0.019038 0.038938
0 0.411824 0.231858 0.019038 0.033628
0 0.689379 0.127434 0.013026 0.031858
0 0.327655 0.217699 0.019038 0.037168
0 0.086172 0.269027 0.025050 0.054867
0 0.769539 0.130973 0.013026 0.035398
0 0.646293 0.113274 0.013026 0.026549
