0 0.382498 0.251265 0.019666 0.038786
0 0.791544 0.143339 0.013766 0.032040
0 0.878073 0.269815 0.021632 0.048904
0 0.709931 0.160202 0.018682 0.038786
0 0.920354 0.313659 0.023599 0.065767
0 0.616519 0.136594 0.011799 0.020236
0 0.417896 0.259696 0.023599 0.047218
0 0.327434 0.251265 0.019666 0.040472
0 0.807276 0.284992 0.022616 0.052277
0 0.930187 0.284992 0.020649 0.047218
0 0.563422 0.288364 0.030482 0.065767
0 0.426745 0.146712 0.013766 0.032040
0 0.845624 0.301855 0.024582 0.065767
0 0.520157 0.141653 0.013766 0.026981
0 0.731563 0.227656 0.024582 0.043845
0 0.622419 0.150084 0.014749 0.030354
0 0.513274 0.124789 0.013766 0.028668
0 0.510324 0.172007 0.016716 0.028668
0 0.378564 0.195616 0.015733 0.038786
0 0.632252 0.220911 0.018682 0.037099
0 0.353982 0.195616 0.013766 0.028668
0 0.203540 0.357504 0.044248 0.077572
0 0.934120 0.225970 0.019666 0.040472
0 0.294985 0.214165 0.018682 0.035413
0 0.654867 0.133221 0.015733 0.033727
0 0.711898 0.310287 0.033432 0.059022
0 0.348083 0.185497 0.016716 0.033727
0 0.755162 0.134907 0.014749 0.035413
0 0.825959 0.396290 0.034415 0.079258
0 0.474926 0.153457 0.016716 0.028668
0 0.579154 0.239460 0.021632 0.048904
0 0.610619 0.330523 0.029499 0.057336
0 0.474926 0.138280 0.010816 0.020236
0 0.372665 0.232715 0.016716 0.033727
0 0.393314 0.197302 0.019666 0.040472
0 0.547689 0.192243 0.021632 0.040472
0 0.501475 0.284992 0.024582 0.059022
0 0.525074 0.180438 0.016716 0.037099
0 0.447394 0.210793 0.020649 0.042159
0 0.536873 0.160202 0.013766 0.025295
0 0.423795 0.205734 0.018682 0.032040
0 0.493609 0.134907 0.014749 0.025295
0 0.801377 0.249578 0.018682 0.037099
0 0.594887 0.146712 0.011799 0.026981
0 0.737463 0.290051 0.027532 0.062395
0 0.671583 0.136594 0.014749 0.028668
0 0.588987 0.112985 0.012783 0.021922
0 0.692232 0.121417 0.010816 0.028668
0 0.774828 0.251265 0.022616 0.057336
0 0.618486 0.237774 0.024582 0.050590
0 0.554572 0.141653 0.008850 0.023609
0 0.530973 0.126476 0.016716 0.026981
0 0.559489 0.161889 0.015733 0.028668
0 0.553589 0.126476 0.011799 0.020236
0 0.570305 0.153457 0.011799 0.025295
0 0.691249 0.178752 0.018682 0.035413
0 0.445428 0.170320 0.016716 0.032040
0 0.806293 0.214165 0.019666 0.042159
0 0.711898 0.190556 0.018682 0.037099
0 0.751229 0.374368 0.038348 0.075885
0 0.690265 0.241147 0.023599 0.048904
0 0.605703 0.133221 0.013766 0.025295
0 0.340216 0.215852 0.019666 0.033727
0 0.727630 0.111298 0.017699 0.026981
0 0.883972 0.227656 0.022616 0.042159
0 0.631268 0.124789 0.013766 0.032040
0 0.589971 0.168634 0.013766 0.030354
0 0.492625 0.172007 0.019666 0.047218
0 0.426745 0.173693 0.015733 0.032040
0 0.765978 0.183811 0.019666 0.042159
0 0.614553 0.111298 0.012783 0.021922
0 0.668633 0.109612 0.011799 0.026981
0 0.762045 0.158516 0.017699 0.033727
0 0.588987 0.128162 0.010816 0.025295
0 0.805310 0.161889 0.018682 0.035413
0 0.904621 0.414840 0.040315 0.079258
