0 0.446828 0.217320 0.019590 0.044118
0 0.363806 0.256536 0.020522 0.039216
0 0.409515 0.236928 0.018657 0.037582
0 0.411381 0.112745 0.017724 0.035948
0 0.574627 0.156863 0.019590 0.031046
0 0.748134 0.142157 0.014925 0.037582
0 0.769590 0.158497 0.016791 0.032680
0 0.809701 0.132353 0.015858 0.029412
0 0.313433 0.277778 0.024254 0.042484
0 0.400187 0.132353 0.019590 0.032680
0 0.426306 0.276144 0.022388 0.045752
0 0.767724 0.259804 0.023321 0.049020
0 0.445896 0.183007 0.021455 0.039216
0 0.707090 0.147059 0.016791 0.037582
0 0.256530 0.437908 0.045709 0.101307
0 0.470149 0.192810 0.020522 0.044118
0 0.710821 0.289216 0.027985 0.055556
0 0.875000 0.227124 0.018657 0.045752
0 0.547575 0.153595 0.013993 0.031046
0 0.453358 0.148693 0.013060 0.027778
0 0.652052 0.253268 0.028918 0.049020
0 0.528918 0.137255 0.013060 0.032680
0 0.194963 0.447712 0.050373 0.111111
0 0.798507 0.178105 0.016791 0.037582
