0 0.203598 0.451987 0.050189 0.114238
0 0.807765 0.129139 0.012311 0.026490
0 0.845644 0.188742 0.018939 0.039735
0 0.620265 0.104305 0.017992 0.029801
0 0.708333 0.149007 0.015152 0.034768
0 0.404356 0.192053 0.024621 0.033113
0 0.506629 0.172185 0.017992 0.031457
0 0.697917 0.178808 0.019886 0.041391
0 0.241477 0.372517 0.041667 0.102649
0 0.262311 0.210265 0.020833 0.036424
0 0.755682 0.168874 0.015152 0.031457
0 0.455492 0.155629 0.016098 0.024834
0 0.745265 0.147351 0.013258 0.034768
0 0.483902 0.190397 0.018939 0.031457
0 0.660985 0.256623 0.025568 0.046358
0 0.566288 0.119205 0.015152 0.026490
0 0.656250 0.105960 0.017992 0.029801
0 0.796402 0.183775 0.018939 0.033113
0 0.452652 0.185430 0.019886 0.031457
0 0.556818 0.155629 0.014205 0.026490
0 0.426136 0.274834 0.027462 0.044702
0 0.576705 0.162252 0.013258 0.029801
0 0.444129 0.221854 0.017045 0.039735
0 0.471591 0.188742 0.014205 0.039735
0 0.349432 0.261589 0.023674 0.033113
0 0.694129 0.096026 0.014205 0.029801
0 0.530303 0.145695 0.017992 0.036424
0 0.716856 0.278146 0.030303 0.052980
0 0.468750 0.155629 0.016098 0.026490
0 0.623106 0.246689 0.024621 0.039735
0 0.520833 0.211921 0.021780 0.036424
0 0.683712 0.157285 0.017045 0.038079
0 0.482955 0.135762 0.014205 0.026490
0 0.870265 0.226821 0.017992 0.048013
0 0.727273 0.167219 0.015152 0.033113
0 0.747159 0.109272 0.013258 0.026490
0 0.769886 0.304636 0.028409 0.056291
0 0.425189 0.216887 0.018939 0.036424
