0 0.395000 0.463869 0.035000 0.060606
0 0.460000 0.449883 0.035000 0.062937
0 0.768333 0.522145 0.036667 0.062937
0 0.800000 0.431235 0.036667 0.058275
0 0.295000 0.496503 0.033333 0.055944
0 0.481667 0.510490 0.040000 0.055944
0 0.710000 0.433566 0.033333 0.058275
0 0.415000 0.503497 0.030000 0.060606
0 0.315000 0.580420 0.033333 0.060606
0 0.345000 0.501166 0.033333 0.053613
0 0.250000 0.578089 0.038333 0.069930
0 0.575000 0.587413 0.040000 0.058275
0 0.210000 0.449883 0.031667 0.053613
0 0.805000 0.566434 0.041667 0.065268
0 0.283333 0.452214 0.033333 0.053613
0 0.505000 0.566434 0.038333 0.060606
0 0.686667 0.489510 0.038333 0.055944
0 0.633333 0.573427 0.043333 0.067599
0 0.203333 0.529138 0.036667 0.062937
0 0.445000 0.531469 0.033333 0.053613
0 0.536667 0.438228 0.036667 0.060606
0 0.165000 0.578089 0.040000 0.074592
0 0.860000 0.538462 0.041667 0.065268
0 0.761667 0.466200 0.036667 0.058275
0 0.335000 0.452214 0.036667 0.048951
0 0.228333 0.487179 0.038333 0.062937
0 0.611667 0.524476 0.031667 0.058275
0 0.440000 0.582751 0.040000 0.062937
0 0.143333 0.482517 0.038333 0.072261
0 0.363333 0.519814 0.035000 0.051282
0 0.711667 0.571096 0.040000 0.058275
0 0.373333 0.566434 0.036667 0.069930
0 0.623333 0.412587 0.038333 0.062937
0 0.540000 0.531469 0.035000 0.060606
0 0.685000 0.543124 0.036667 0.060606
