0 0.337500 0.311659 0.051562 0.069507
0 0.114062 0.320628 0.056250 0.071749
0 0.428125 0.318386 0.053125 0.058296
0 0.282813 0.374439 0.065625 0.089686
0 0.696875 0.356502 0.081250 0.107623
0 0.764062 0.278027 0.037500 0.060538
0 0.792188 0.304933 0.070312 0.098655
0 0.354687 0.334081 0.051562 0.089686
0 0.018750 0.331839 0.032813 0.094170
0 0.960938 0.508969 0.073438 0.179372
0 0.526563 0.334081 0.053125 0.067265
0 0.700000 0.295964 0.067187 0.085202
0 0.525000 0.295964 0.032813 0.047085
0 0.882812 0.372197 0.068750 0.089686
0 0.837500 0.331839 0.042188 0.069507
0 0.940625 0.264574 0.040625 0.056054
0 0.623437 0.295964 0.039062 0.058296
0 0.060937 0.336323 0.060937 0.091928
0 0.304688 0.336323 0.042188 0.069507
0 0.232813 0.452915 0.082812 0.114350
