0 0.406639 0.208791 0.024896 0.053114
0 0.911826 0.181319 0.011411 0.027473
0 0.872407 0.152015 0.013485 0.040293
0 0.449170 0.173993 0.014523 0.031136
0 0.604772 0.119048 0.018672 0.038462
0 0.641079 0.214286 0.016598 0.029304
0 0.849585 0.148352 0.014523 0.036630
0 0.613071 0.073260 0.010373 0.021978
0 0.186722 0.353480 0.037344 0.082418
0 0.636929 0.071429 0.011411 0.021978
0 0.423237 0.089744 0.006224 0.016484
0 0.686722 0.067766 0.010373 0.021978
0 0.947095 0.172161 0.009336 0.020147
0 0.546680 0.064103 0.009336 0.014652
0 0.653527 0.073260 0.010373 0.021978
0 0.594398 0.060440 0.012448 0.021978
0 0.934647 0.168498 0.011411 0.027473
0 0.467842 0.179487 0.014523 0.032967
0 0.880705 0.157509 0.011411 0.020147
0 0.530083 0.064103 0.007261 0.016484
0 0.208506 0.322344 0.033195 0.073260
0 0.366183 0.195971 0.016598 0.029304
0 0.939834 0.190476 0.010373 0.021978
0 0.774896 0.128205 0.009336 0.025641
0 0.417012 0.097070 0.008299 0.018315
0 0.101660 0.221612 0.010373 0.027473
0 0.410788 0.104396 0.012448 0.027473
0 0.789419 0.388278 0.042531 0.106227
0 0.560166 0.075092 0.012448 0.018315
