0 0.562854 0.185259 0.016988 0.041833
0 0.619479 0.137450 0.013590 0.029880
0 0.451869 0.233068 0.020385 0.037849
0 0.938845 0.241036 0.020385 0.047809
0 0.386183 0.123506 0.016988 0.027888
0 0.550396 0.173307 0.016988 0.029880
0 0.688562 0.298805 0.027180 0.049801
0 0.416761 0.219124 0.018120 0.035857
0 0.680634 0.225100 0.020385 0.045817
0 0.624009 0.270916 0.023783 0.049801
0 0.672707 0.169323 0.014723 0.029880
0 0.630804 0.316733 0.029445 0.057769
0 0.329558 0.147410 0.021518 0.039841
0 0.630804 0.219124 0.019253 0.041833
0 0.636467 0.125498 0.016988 0.031873
