0 0.730233 0.126036 0.015814 0.024876
0 0.885581 0.129353 0.017674 0.038143
0 0.583256 0.374793 0.035349 0.056385
0 0.753488 0.111111 0.016744 0.033167
0 0.346047 0.273632 0.020465 0.048093
0 0.603721 0.263682 0.025116 0.043118
0 0.766512 0.124378 0.013023 0.029851
0 0.921860 0.207297 0.015814 0.039801
0 0.424186 0.271973 0.021395 0.048093
0 0.648372 0.099502 0.012093 0.024876
0 0.427907 0.202322 0.015814 0.039801
0 0.597209 0.137645 0.013023 0.031509
0 0.440930 0.197347 0.015814 0.034826
0 0.800000 0.184080 0.018605 0.039801
0 0.555349 0.116086 0.012093 0.021559
0 0.796279 0.144279 0.013023 0.024876
0 0.675349 0.348259 0.038140 0.071310
0 0.308837 0.227197 0.014884 0.028192
0 0.229767 0.371476 0.044651 0.087894
0 0.722791 0.172471 0.017674 0.034826
0 0.676279 0.152570 0.018605 0.039801
0 0.482791 0.300166 0.027907 0.063018
0 0.624186 0.104478 0.013953 0.023217
0 0.745116 0.218905 0.020465 0.048093
0 0.521860 0.135987 0.016744 0.028192
0 0.547907 0.135987 0.012093 0.023217
0 0.560000 0.167496 0.017674 0.033167
0 0.704186 0.180763 0.018605 0.043118
0 0.659535 0.263682 0.027907 0.053068
0 0.889302 0.208955 0.017674 0.041459
0 0.863256 0.213930 0.020465 0.044776
0 0.653953 0.212272 0.019535 0.046434
0 0.640000 0.177446 0.020465 0.043118
0 0.774884 0.126036 0.011163 0.028192
0 0.653023 0.119403 0.014884 0.028192
0 0.468837 0.152570 0.013953 0.031509
0 0.560000 0.245439 0.023256 0.043118
0 0.373023 0.205638 0.017674 0.033167
0 0.598140 0.227197 0.019535 0.034826
0 0.427907 0.233831 0.021395 0.034826
0 0.373023 0.225539 0.016744 0.031509
0 0.585116 0.101161 0.012093 0.024876
0 0.857674 0.159204 0.016744 0.034826
0 0.603721 0.127695 0.010233 0.024876
0 0.331163 0.225539 0.018605 0.031509
0 0.312558 0.298507 0.026977 0.041459
0 0.920000 0.174129 0.013023 0.021559
0 0.535814 0.311774 0.028837 0.058043
0 0.519070 0.162521 0.014884 0.028192
0 0.733953 0.194030 0.017674 0.038143
0 0.880930 0.180763 0.013023 0.034826
0 0.815814 0.140962 0.015814 0.026534
0 0.813953 0.162521 0.011163 0.024876
0 0.621395 0.122720 0.012093 0.024876
0 0.403721 0.233831 0.017674 0.041459
0 0.770233 0.162521 0.016744 0.034826
0 0.591628 0.122720 0.012093 0.021559
0 0.920930 0.155887 0.012093 0.023217
0 0.459535 0.233831 0.020465 0.043118
0 0.534884 0.202322 0.019535 0.038143
0 0.409302 0.172471 0.012093 0.031509
0 0.476279 0.164179 0.016744 0.031509
0 0.455814 0.145937 0.013023 0.029851
0 0.283721 0.268657 0.014884 0.038143
0 0.861395 0.129353 0.013023 0.026534
0 0.891163 0.164179 0.014884 0.031509
0 0.681860 0.106136 0.013023 0.031509
0 0.776744 0.293532 0.028837 0.059701
0 0.728372 0.140962 0.015814 0.031509
0 0.503256 0.192371 0.019535 0.033167
0 0.301395 0.258706 0.018605 0.036484
0 0.483721 0.131012 0.011163 0.021559
0 0.640000 0.116086 0.010233 0.026534
0 0.586047 0.149254 0.015814 0.033167
0 0.841860 0.197347 0.016744 0.041459
0 0.691163 0.225539 0.025116 0.046434
0 0.534884 0.159204 0.016744 0.034826
0 0.815814 0.252073 0.020465 0.051410
