0 0.449490 0.153213 0.011121 0.026359
0 0.530120 0.171334 0.011121 0.026359
0 0.696942 0.184514 0.018536 0.044481
0 0.457831 0.186161 0.012975 0.028007
0 0.518072 0.144975 0.012975 0.023064
0 0.620019 0.102142 0.010195 0.024712
0 0.708063 0.105437 0.009268 0.029654
0 0.371640 0.199341 0.014829 0.029654
0 0.919370 0.215815 0.014829 0.023064
0 0.604263 0.151565 0.015755 0.024712
0 0.395737 0.200988 0.013902 0.023064
0 0.508804 0.131796 0.010195 0.024712
0 0.741427 0.116969 0.013902 0.029654
0 0.265060 0.265239 0.012975 0.024712
0 0.851715 0.179572 0.012048 0.028007
0 0.693234 0.313015 0.028730 0.051071
0 0.837813 0.303130 0.022243 0.056013
0 0.667285 0.116969 0.012975 0.024712
0 0.748842 0.341021 0.028730 0.065898
0 0.448563 0.233937 0.016682 0.031301
0 0.814643 0.339374 0.029657 0.059308
0 0.901761 0.296540 0.022243 0.057661
0 0.702502 0.240527 0.018536 0.034596
0 0.378128 0.278418 0.015755 0.034596
0 0.627433 0.248764 0.016682 0.044481
0 0.488415 0.220758 0.015755 0.036244
0 0.809082 0.260297 0.018536 0.039539
0 0.867470 0.130148 0.010195 0.023064
0 0.430955 0.179572 0.016682 0.028007
0 0.652456 0.140033 0.012048 0.026359
0 0.784986 0.140033 0.012975 0.028007
0 0.359592 0.235585 0.013902 0.029654
0 0.696015 0.156507 0.013902 0.023064
0 0.586654 0.146623 0.013902 0.023064
0 0.506024 0.316310 0.026877 0.044481
0 0.752549 0.238880 0.018536 0.042834
0 0.392956 0.227348 0.018536 0.031301
0 0.830399 0.207578 0.016682 0.041186
0 0.775718 0.133443 0.010195 0.028007
0 0.528267 0.349259 0.021316 0.049423
0 0.794254 0.285008 0.018536 0.047776
0 0.640408 0.140033 0.011121 0.021417
0 0.559778 0.169687 0.014829 0.028007
0 0.501390 0.163097 0.012975 0.028007
0 0.729379 0.168040 0.013902 0.032949
0 0.856348 0.144975 0.012048 0.023064
0 0.812790 0.159802 0.012975 0.029654
0 0.923077 0.250412 0.016682 0.036244
0 0.669138 0.166392 0.014829 0.031301
0 0.834106 0.141680 0.012048 0.024712
0 0.887859 0.169687 0.010195 0.023064
0 0.569045 0.128501 0.010195 0.026359
0 0.669138 0.217463 0.017609 0.037891
0 0.750695 0.156507 0.013902 0.024712
0 0.607044 0.309720 0.023170 0.057661
0 0.397590 0.169687 0.013902 0.023064
0 0.631140 0.112026 0.010195 0.018122
0 0.729379 0.252059 0.018536 0.046129
0 0.879518 0.370675 0.026877 0.062603
0 0.928638 0.161450 0.010195 0.026359
0 0.630213 0.212521 0.017609 0.036244
0 0.590361 0.118616 0.012975 0.021417
0 0.864690 0.266886 0.017609 0.044481
0 0.189991 0.423394 0.038925 0.075783
0 0.559778 0.260297 0.019462 0.042834
0 0.336423 0.285008 0.019462 0.034596
0 0.873957 0.209226 0.015755 0.046129
0 0.292864 0.280066 0.017609 0.031301
0 0.556997 0.126853 0.011121 0.024712
0 0.770158 0.209226 0.017609 0.032949
0 0.516219 0.204283 0.013902 0.036244
0 0.897127 0.184514 0.012048 0.028007
