0 0.537313 0.306773 0.050746 0.087649
0 0.782090 0.448207 0.050746 0.089641
0 0.440299 0.304781 0.050746 0.085657
0 0.671642 0.312749 0.055224 0.091633
0 0.368657 0.316733 0.049254 0.083665
0 0.535821 0.233068 0.061194 0.079681
0 0.119403 0.354582 0.050746 0.075697
0 0.268657 0.316733 0.050746 0.081673
0 0.207463 0.458167 0.068657 0.099602
0 0.738806 0.322709 0.052239 0.079681
0 0.607463 0.288845 0.050746 0.081673
0 0.213433 0.219124 0.056716 0.093625
0 0.777612 0.219124 0.056716 0.105578
0 0.197015 0.314741 0.056716 0.075697
0 0.585075 0.446215 0.061194 0.095618
0 0.426866 0.456175 0.058209 0.093625
0 0.873134 0.330677 0.055224 0.093625
0 0.320896 0.458167 0.071642 0.095618
0 0.668657 0.450199 0.059701 0.091633
0 0.394030 0.229084 0.058209 0.087649
0 0.474627 0.233068 0.058209 0.085657
0 0.505970 0.416335 0.049254 0.081673
0 0.646269 0.233068 0.049254 0.083665
