0 0.816000 0.325949 0.052000 0.094937
0 0.702000 0.376582 0.054000 0.088608
0 0.636000 0.474684 0.078000 0.126582
0 0.974000 0.389241 0.052000 0.094937
0 0.640000 0.310127 0.038000 0.075949
0 0.310000 0.405063 0.068000 0.107595
0 0.552000 0.335443 0.040000 0.069620
0 0.468000 0.379747 0.058000 0.088608
0 0.228000 0.553797 0.082000 0.129747
0 0.186000 0.389241 0.060000 0.091772
0 0.252000 0.363924 0.052000 0.079114
0 0.274000 0.306962 0.042000 0.079114
0 0.038000 0.329114 0.048000 0.091772
0 0.110000 0.294304 0.062000 0.091772
0 0.902000 0.386076 0.056000 0.094937
0 0.670000 0.664557 0.096000 0.177215
0 0.918000 0.528481 0.086000 0.183544
0 0.376000 0.341772 0.050000 0.098101
0 0.476000 0.471519 0.102000 0.212025
