0 0.917500 0.836667 0.165000 0.210000
0 0.052500 0.713333 0.095000 0.153333
0 0.360000 0.686667 0.072500 0.116667
0 0.287500 0.623333 0.062500 0.083333
0 0.195000 0.783333 0.120000 0.193333
0 0.972500 0.696667 0.047500 0.103333
0 0.435000 0.633333 0.055000 0.083333
0 0.770000 0.690000 0.090000 0.140000
0 0.242500 0.680000 0.060000 0.080000
0 0.502500 0.830000 0.210000 0.286667
0 0.775000 0.626667 0.062500 0.086667
0 0.297500 0.690000 0.090000 0.140000
0 0.140000 0.680000 0.075000 0.106667
0 0.907500 0.690000 0.062500 0.073333
0 0.380000 0.640000 0.062500 0.080000
