0 0.550347 0.373457 0.037326 0.074074
0 0.869792 0.291667 0.176215 0.277778
0 0.112847 0.282407 0.025174 0.060185
0 0.416667 0.384259 0.057292 0.106481
0 0.145833 0.339506 0.029514 0.061728
0 0.067708 0.291667 0.026910 0.043210
0 0.024306 0.314815 0.029514 0.058642
0 0.233507 0.367284 0.039062 0.080247
0 0.021701 0.266975 0.023438 0.038580
0 0.581597 0.293210 0.030382 0.050926
0 0.391493 0.325617 0.033854 0.066358
0 0.204861 0.310185 0.026910 0.052469
0 0.150174 0.313272 0.025174 0.047840
0 0.372396 0.268519 0.026042 0.054012
0 0.620660 0.266975 0.023438 0.049383
0 0.289931 0.317901 0.030382 0.061728
0 0.524306 0.273148 0.025174 0.050926
0 0.134549 0.287037 0.021701 0.043210
0 0.450521 0.276235 0.025174 0.047840
