0 0.605364 0.724949 0.153257 0.197342
0 0.403831 0.486708 0.077395 0.113497
0 0.673563 0.447853 0.056705 0.080777
0 0.565517 0.474438 0.066667 0.087935
0 0.447510 0.779141 0.160153 0.234151
0 0.239847 0.183027 0.068966 0.105317
0 0.490421 0.479550 0.075096 0.094070
0 0.786973 0.492843 0.086590 0.108384
0 0.725670 0.421268 0.058238 0.077710
0 0.829885 0.480573 0.059770 0.109407
0 0.809195 0.360941 0.038314 0.058282
0 0.787739 0.373211 0.049808 0.068507
0 0.932567 0.466258 0.093487 0.104294
0 0.730268 0.625767 0.133333 0.166667
0 0.727203 0.531697 0.116475 0.125767
0 0.277395 0.554192 0.097318 0.123722
