0 0.618076 0.232759 0.021380 0.051724
0 0.525753 0.129310 0.013605 0.025862
0 0.636540 0.098276 0.016521 0.032759
0 0.951409 0.215517 0.018465 0.036207
0 0.491740 0.122414 0.014577 0.024138
0 0.510204 0.110345 0.015549 0.031034
0 0.209913 0.350000 0.043732 0.082759
0 0.388727 0.236207 0.020408 0.046552
0 0.522838 0.156897 0.014577 0.029310
0 0.683188 0.094828 0.013605 0.027586
0 0.820214 0.391379 0.031098 0.074138
0 0.750243 0.127586 0.016521 0.032759
0 0.676385 0.248276 0.031098 0.065517
0 0.362488 0.248276 0.022352 0.044828
0 0.795918 0.208621 0.019436 0.044828
0 0.351798 0.194828 0.018465 0.036207
0 0.663751 0.112069 0.014577 0.029310
0 0.676385 0.189655 0.019436 0.039655
0 0.924198 0.277586 0.020408 0.048276
0 0.313897 0.220690 0.020408 0.037931
0 0.528669 0.115517 0.009718 0.020690
0 0.605442 0.322414 0.028183 0.075862
0 0.752187 0.360345 0.031098 0.065517
0 0.427600 0.136207 0.012634 0.032759
0 0.561710 0.293103 0.028183 0.063793
0 0.578231 0.115517 0.014577 0.031034
0 0.469388 0.129310 0.017493 0.029310
0 0.624879 0.136207 0.013605 0.032759
0 0.718173 0.174138 0.021380 0.053448
0 0.569485 0.113793 0.014577 0.032759
0 0.293489 0.213793 0.015549 0.036207
0 0.552964 0.156897 0.017493 0.031034
0 0.586978 0.167241 0.018465 0.036207
0 0.475219 0.196552 0.018465 0.039655
0 0.884354 0.429310 0.032070 0.082759
0 0.610301 0.112069 0.012634 0.025862
0 0.501458 0.277586 0.031098 0.063793
0 0.434402 0.222414 0.021380 0.041379
0 0.569485 0.237931 0.030126 0.055172
0 0.750243 0.182759 0.018465 0.044828
0 0.507289 0.134483 0.013605 0.027586
0 0.775510 0.237931 0.021380 0.053448
0 0.742468 0.156897 0.019436 0.037931
0 0.378037 0.184483 0.016521 0.032759
0 0.820214 0.239655 0.024295 0.060345
0 0.502430 0.208621 0.023324 0.043103
0 0.700680 0.153448 0.018465 0.034483
0 0.723032 0.213793 0.022352 0.048276
0 0.495627 0.168966 0.019436 0.036207
0 0.871720 0.256897 0.020408 0.044828
0 0.689990 0.320690 0.028183 0.067241
0 0.529640 0.174138 0.018465 0.034483
0 0.779397 0.127586 0.014577 0.034483
0 0.486880 0.137931 0.015549 0.031034
0 0.567541 0.141379 0.013605 0.025862
0 0.887269 0.218966 0.021380 0.044828
0 0.761905 0.148276 0.017493 0.034483
0 0.655977 0.143103 0.013605 0.037931
0 0.845481 0.346552 0.029155 0.070690
0 0.798834 0.144828 0.016521 0.036207
0 0.717201 0.098276 0.014577 0.031034
0 0.550049 0.108621 0.013605 0.032759
0 0.591837 0.136207 0.017493 0.032759
0 0.334305 0.224138 0.019436 0.037931
0 0.789116 0.282759 0.024295 0.055172
0 0.338192 0.182759 0.016521 0.034483
0 0.658892 0.091379 0.011662 0.029310
0 0.618076 0.100000 0.012634 0.025862
0 0.560739 0.170690 0.014577 0.034483
0 0.918367 0.332759 0.025267 0.060345
0 0.452867 0.156897 0.015549 0.031034
0 0.450923 0.187931 0.017493 0.032759
0 0.689018 0.110345 0.014577 0.025862
0 0.408163 0.186207 0.020408 0.044828
0 0.716229 0.265517 0.024295 0.048276
0 0.624879 0.113793 0.014577 0.029310
