0 0.453500 0.223684 0.017258 0.036184
0 0.572387 0.126645 0.016299 0.019737
0 0.753595 0.120066 0.014382 0.029605
0 0.742090 0.179276 0.013423 0.031250
0 0.616491 0.250000 0.018217 0.037829
0 0.567593 0.302632 0.027804 0.050987
0 0.945350 0.199013 0.017258 0.034539
0 0.895494 0.233553 0.017258 0.031250
0 0.908917 0.194079 0.015340 0.041118
0 0.391179 0.207237 0.015340 0.032895
0 0.700863 0.161184 0.016299 0.032895
0 0.630872 0.302632 0.025887 0.054276
0 0.202301 0.486842 0.046021 0.087171
0 0.434324 0.281250 0.023011 0.041118
0 0.649089 0.059211 0.012464 0.027961
0 0.493768 0.134868 0.012464 0.024671
0 0.674976 0.263158 0.021093 0.050987
0 0.817833 0.190789 0.020134 0.039474
0 0.775647 0.182566 0.012464 0.026316
0 0.567593 0.149671 0.012464 0.024671
0 0.771812 0.152961 0.013423 0.026316
0 0.489933 0.325658 0.024928 0.044408
0 0.632790 0.118421 0.015340 0.026316
0 0.718121 0.202303 0.017258 0.041118
0 0.730585 0.146382 0.013423 0.026316
0 0.762224 0.190789 0.018217 0.027961
0 0.792905 0.315789 0.022052 0.047697
0 0.484180 0.192434 0.015340 0.027961
0 0.622244 0.143092 0.011505 0.024671
0 0.850431 0.152961 0.013423 0.027961
0 0.551294 0.126645 0.013423 0.026316
0 0.480345 0.157895 0.014382 0.029605
0 0.303931 0.243421 0.019175 0.034539
0 0.432407 0.217105 0.014382 0.034539
0 0.707574 0.106908 0.014382 0.029605
0 0.543624 0.146382 0.012464 0.027961
0 0.437200 0.172697 0.015340 0.031250
0 0.734420 0.284539 0.021093 0.052632
0 0.633749 0.199013 0.022052 0.036184
0 0.679770 0.210526 0.021093 0.032895
0 0.871524 0.187500 0.015340 0.029605
0 0.769895 0.113487 0.012464 0.031250
0 0.462128 0.157895 0.012464 0.027961
0 0.455417 0.189145 0.017258 0.031250
0 0.573346 0.248355 0.021093 0.037829
0 0.510067 0.167763 0.013423 0.032895
0 0.479386 0.215461 0.020134 0.037829
0 0.832215 0.133224 0.012464 0.021382
0 0.341323 0.276316 0.021093 0.041118
0 0.600192 0.125000 0.012464 0.023026
0 0.606903 0.060855 0.011505 0.021382
