0 0.740439 0.404935 0.028478 0.055152
0 0.509357 0.261248 0.013019 0.033382
0 0.672091 0.230769 0.013832 0.030479
0 0.124491 0.476052 0.041497 0.084180
0 0.364524 0.332366 0.015460 0.034833
0 0.432059 0.281567 0.014646 0.033382
0 0.670464 0.448476 0.035801 0.065312
0 0.689992 0.230769 0.013832 0.031930
0 0.439382 0.310595 0.017087 0.034833
0 0.563873 0.255443 0.015460 0.034833
0 0.742880 0.227866 0.012205 0.031930
0 0.801465 0.496372 0.030919 0.059507
0 0.606184 0.227866 0.011391 0.031930
0 0.886086 0.322206 0.017087 0.036284
0 0.547600 0.407837 0.027665 0.056604
0 0.703011 0.262700 0.013832 0.037736
0 0.646867 0.346880 0.021155 0.050798
0 0.690806 0.358491 0.020342 0.052250
0 0.510985 0.319303 0.017901 0.036284
0 0.297803 0.364296 0.019528 0.042090
0 0.785191 0.412192 0.027665 0.056604
0 0.397884 0.261248 0.013832 0.033382
0 0.611880 0.428157 0.030919 0.063861
0 0.636290 0.251089 0.012205 0.031930
0 0.604557 0.258345 0.014646 0.034833
0 0.853539 0.284470 0.014646 0.031930
0 0.559805 0.223512 0.012205 0.027576
0 0.411717 0.301887 0.016273 0.033382
0 0.419040 0.271408 0.013832 0.030479
0 0.870627 0.262700 0.012205 0.033382
0 0.611880 0.210450 0.010578 0.031930
0 0.659886 0.222061 0.013019 0.026125
0 0.838080 0.265602 0.012205 0.036284
0 0.930024 0.316401 0.013019 0.031930
0 0.628967 0.224964 0.013019 0.029028
0 0.542718 0.374456 0.021155 0.047896
0 0.668836 0.278665 0.018714 0.040639
0 0.505289 0.384615 0.028478 0.060958
0 0.441823 0.349782 0.021155 0.043541
0 0.708706 0.516691 0.038242 0.081277
0 0.538649 0.255443 0.014646 0.036284
0 0.864117 0.345428 0.017087 0.049347
0 0.814483 0.306241 0.017087 0.036284
0 0.266070 0.349782 0.018714 0.042090
0 0.807160 0.368650 0.020342 0.043541
0 0.563873 0.280116 0.015460 0.039187
0 0.843775 0.448476 0.025224 0.049347
0 0.359642 0.297533 0.015460 0.037736
0 0.855167 0.269956 0.012205 0.034833
0 0.635476 0.310595 0.019528 0.040639
0 0.721725 0.288824 0.016273 0.034833
0 0.519121 0.285922 0.016273 0.043541
0 0.288039 0.310595 0.017901 0.040639
0 0.844589 0.309144 0.015460 0.036284
0 0.807974 0.352685 0.018714 0.043541
0 0.570382 0.226415 0.012205 0.026125
0 0.665582 0.371553 0.025224 0.055152
0 0.914565 0.402032 0.023596 0.055152
0 0.471115 0.269956 0.014646 0.031930
0 0.779496 0.239478 0.013832 0.033382
0 0.343369 0.367199 0.023596 0.047896
0 0.925956 0.358491 0.017901 0.036284
0 0.472742 0.309144 0.017901 0.036284
0 0.499593 0.269956 0.016273 0.037736
0 0.746949 0.272859 0.013019 0.036284
0 0.782750 0.272859 0.014646 0.034833
0 0.812042 0.281567 0.013832 0.033382
0 0.427990 0.262700 0.013019 0.026125
0 0.464605 0.248186 0.013832 0.030479
0 0.600488 0.328012 0.023596 0.044993
0 0.855167 0.417997 0.022783 0.052250
0 0.893409 0.294630 0.014646 0.042090
0 0.907242 0.468795 0.028478 0.066763
0 0.763222 0.285922 0.013832 0.039187
0 0.232710 0.345428 0.018714 0.039187
0 0.808788 0.252540 0.012205 0.033382
