0 0.101724 0.434483 0.032759 0.041379
0 0.767241 0.377011 0.029310 0.039080
0 0.198276 0.406897 0.032759 0.039080
0 0.684483 0.533333 0.163793 0.211494
0 0.265517 0.404598 0.039655 0.052874
0 0.682759 0.416092 0.044828 0.062069
0 0.351724 0.383908 0.032759 0.029885
0 0.494828 0.379310 0.036207 0.039080
0 0.141379 0.439080 0.039655 0.048276
0 0.727586 0.377011 0.034483 0.045977
0 0.075862 0.429885 0.024138 0.036782
0 0.556897 0.372414 0.027586 0.032184
0 0.627586 0.418391 0.086207 0.091954
0 0.803448 0.422989 0.072414 0.085057
0 0.784483 0.471264 0.062069 0.087356
0 0.410345 0.374713 0.024138 0.032184
0 0.151724 0.395402 0.027586 0.039080
0 0.348276 0.416092 0.041379 0.055172
0 0.455172 0.386207 0.024138 0.039080
0 0.336207 0.310345 0.018966 0.034483
0 0.836207 0.370115 0.062069 0.082759
0 0.051724 0.416092 0.027586 0.036782
