0 0.746403 0.432039 0.019784 0.021845
0 0.741007 0.478155 0.026978 0.041262
0 0.827338 0.412621 0.017986 0.021845
0 0.841727 0.463592 0.016187 0.029126
0 0.248201 0.485437 0.023381 0.036408
0 0.825540 0.531553 0.034173 0.055825
0 0.886691 0.419903 0.012590 0.016990
0 0.856115 0.626214 0.086331 0.123786
0 0.787770 0.468447 0.019784 0.026699
0 0.512590 0.468447 0.012590 0.029126
0 0.674460 0.427184 0.010791 0.024272
0 0.949640 0.492718 0.025180 0.038835
0 0.302158 0.577670 0.066547 0.099515
0 0.408273 0.538835 0.043165 0.067961
0 0.478417 0.473301 0.021583 0.031553
0 0.926259 0.451456 0.019784 0.031553
0 0.854317 0.417476 0.014388 0.021845
0 0.980216 0.475728 0.021583 0.041262
0 0.710432 0.427184 0.017986 0.021845
0 0.793165 0.427184 0.017986 0.021845
0 0.465827 0.601942 0.075540 0.114078
0 0.899281 0.475728 0.017986 0.029126
0 0.719424 0.478155 0.016187 0.033981
0 0.170863 0.519417 0.028777 0.058252
0 0.910072 0.463592 0.016187 0.029126
0 0.672662 0.495146 0.026978 0.036408
0 0.336331 0.495146 0.037770 0.058252
0 0.823741 0.480583 0.019784 0.029126
0 0.447842 0.492718 0.017986 0.031553
0 0.406475 0.480583 0.025180 0.038835
0 0.602518 0.478155 0.026978 0.033981
0 0.528777 0.461165 0.016187 0.024272
0 0.654676 0.614078 0.071942 0.106796
0 0.870504 0.470874 0.019784 0.029126
0 0.561151 0.473301 0.023381 0.026699
0 0.282374 0.485437 0.025180 0.038835
0 0.611511 0.526699 0.039568 0.067961
0 0.489209 0.480583 0.019784 0.036408
