0 0.574778 0.225941 0.013743 0.025105
0 0.064673 0.555091 0.044462 0.100418
0 0.523040 0.269177 0.016977 0.034868
0 0.856912 0.274756 0.015360 0.023710
0 0.925627 0.313808 0.012126 0.025105
0 0.407437 0.278940 0.015360 0.022315
0 0.288601 0.308229 0.017785 0.032078
0 0.560226 0.350070 0.022635 0.044630
0 0.864996 0.258020 0.012935 0.026499
0 0.652385 0.218968 0.012935 0.020921
0 0.886823 0.326360 0.016977 0.032078
0 0.856103 0.373780 0.018593 0.046025
0 0.501213 0.267782 0.013743 0.032078
0 0.918351 0.334728 0.013743 0.033473
0 0.902183 0.463040 0.026677 0.054393
0 0.221504 0.350070 0.017785 0.030683
0 0.704931 0.263598 0.012935 0.029289
0 0.913500 0.397490 0.020210 0.039052
0 0.637833 0.458856 0.035570 0.064156
0 0.608731 0.209205 0.012126 0.025105
0 0.251415 0.366806 0.021019 0.034868
0 0.597413 0.326360 0.016977 0.030683
0 0.704123 0.492329 0.033145 0.066946
0 0.286985 0.372385 0.019402 0.033473
0 0.637025 0.242678 0.011318 0.018131
0 0.933711 0.373780 0.019402 0.044630
0 0.409054 0.299861 0.016168 0.026499
0 0.412288 0.348675 0.024252 0.046025
0 0.577203 0.256625 0.018593 0.033473
0 0.718674 0.281729 0.014551 0.034868
0 0.742926 0.407252 0.024252 0.036262
0 0.509297 0.320781 0.016977 0.034868
0 0.358124 0.298466 0.018593 0.030683
0 0.466451 0.415621 0.025869 0.047420
0 0.521423 0.242678 0.016168 0.019526
0 0.632175 0.297071 0.016168 0.026499
0 0.587712 0.419805 0.021019 0.036262
0 0.474535 0.269177 0.014551 0.026499
0 0.838319 0.436541 0.023444 0.057183
0 0.434923 0.276151 0.016168 0.027894
0 0.818108 0.334728 0.020210 0.043236
0 0.801132 0.383543 0.016977 0.037657
0 0.662894 0.368201 0.022635 0.046025
0 0.351657 0.333333 0.016977 0.033473
0 0.674212 0.269177 0.012935 0.025105
0 0.793856 0.309623 0.016168 0.027894
0 0.832660 0.262204 0.013743 0.023710
0 0.450283 0.345886 0.016977 0.036262
0 0.746160 0.295676 0.014551 0.026499
0 0.886823 0.285914 0.012126 0.034868
0 0.337106 0.369596 0.022635 0.043236
0 0.867421 0.361227 0.017785 0.040446
0 0.729184 0.266388 0.013743 0.027894
0 0.624899 0.216179 0.013743 0.018131
0 0.510105 0.252441 0.011318 0.029289
0 0.575586 0.433752 0.029911 0.051604
0 0.670978 0.231520 0.009701 0.025105
0 0.786580 0.412831 0.018593 0.043236
0 0.774454 0.238494 0.015360 0.030683
0 0.932094 0.270572 0.015360 0.027894
0 0.589329 0.239888 0.014551 0.027894
0 0.551334 0.284519 0.016168 0.026499
0 0.423605 0.255230 0.016168 0.025105
0 0.393694 0.274756 0.020210 0.034868
0 0.469685 0.238494 0.013743 0.018131
0 0.538399 0.404463 0.022635 0.046025
0 0.598222 0.258020 0.012935 0.020921
0 0.736459 0.244073 0.012935 0.020921
0 0.555376 0.227336 0.016977 0.027894
0 0.797898 0.538354 0.026677 0.069735
0 0.599030 0.228731 0.016168 0.026499
0 0.547292 0.251046 0.016168 0.036262
