0 0.504000 0.591592 0.052000 0.069069
0 0.836000 0.543544 0.050000 0.066066
0 0.346000 0.654655 0.064000 0.147147
0 0.248000 0.528529 0.024000 0.045045
0 0.580000 0.564565 0.048000 0.066066
0 0.500000 0.372372 0.028000 0.054054
0 0.062000 0.528529 0.034000 0.048048
0 0.306000 0.522523 0.030000 0.048048
0 0.976000 0.549550 0.038000 0.063063
0 0.112000 0.555556 0.044000 0.042042
0 0.114000 0.621622 0.088000 0.108108
0 0.286000 0.555556 0.040000 0.057057
0 0.852000 0.702703 0.076000 0.147147
0 0.280000 0.516517 0.024000 0.039039
0 0.460000 0.771772 0.116000 0.165165
0 0.162000 0.567568 0.040000 0.054054
0 0.182000 0.534535 0.024000 0.045045
0 0.144000 0.513514 0.030000 0.057057
0 0.114000 0.528529 0.034000 0.036036
0 0.196000 0.633634 0.072000 0.099099
0 0.856000 0.609610 0.054000 0.090090
0 0.698000 0.612613 0.054000 0.069069
0 0.682000 0.534535 0.032000 0.045045
0 0.956000 0.672673 0.072000 0.120120
0 0.926000 0.552553 0.042000 0.060060
0 0.440000 0.528529 0.036000 0.054054
0 0.482000 0.624625 0.060000 0.096096
0 0.222000 0.522523 0.026000 0.042042
0 0.614000 0.639640 0.068000 0.099099
0 0.378000 0.540541 0.032000 0.057057
0 0.768000 0.540541 0.048000 0.063063
0 0.424000 0.672673 0.072000 0.090090
0 0.060000 0.894895 0.112000 0.207207
0 0.656000 0.558559 0.048000 0.072072
0 0.784000 0.783784 0.138000 0.198198
