0 0.442029 0.400387 0.023188 0.044487
0 0.372464 0.413926 0.034783 0.048356
0 0.636232 0.384913 0.034783 0.048356
0 0.807246 0.392650 0.040580 0.063830
0 0.634783 0.425532 0.044928 0.050290
0 0.733333 0.363636 0.043478 0.067698
0 0.421739 0.415861 0.023188 0.046422
0 0.294203 0.589942 0.081159 0.127660
0 0.313043 0.439072 0.034783 0.067698
0 0.247826 0.369439 0.053623 0.088975
0 0.644928 0.568665 0.142029 0.214700
0 0.591304 0.334623 0.033333 0.046422
0 0.153623 0.705996 0.152174 0.206963
0 0.869565 0.392650 0.026087 0.046422
0 0.910145 0.460348 0.049275 0.087041
0 0.565217 0.352031 0.026087 0.038685
0 0.839130 0.460348 0.059420 0.085106
0 0.389855 0.442940 0.042029 0.056093
0 0.534783 0.736944 0.163768 0.243714
0 0.524638 0.353965 0.027536 0.040619
0 0.342029 0.437137 0.036232 0.056093
0 0.289855 0.344294 0.027536 0.040619
0 0.505797 0.410058 0.030435 0.048356
