0 0.743169 0.428571 0.024200 0.053221
0 0.817330 0.273109 0.011710 0.029412
0 0.527713 0.224090 0.011710 0.019608
0 0.416081 0.263305 0.016393 0.021008
0 0.283372 0.357143 0.017955 0.043417
0 0.795472 0.491597 0.026542 0.056022
0 0.588603 0.422969 0.027322 0.053221
0 0.608119 0.296919 0.015613 0.032213
0 0.805621 0.259104 0.012490 0.037815
0 0.651054 0.264706 0.014832 0.025210
0 0.114754 0.502801 0.043716 0.096639
0 0.417642 0.301120 0.013271 0.026611
0 0.342701 0.289916 0.012490 0.029412
0 0.452771 0.303922 0.016393 0.025210
0 0.347385 0.323529 0.011710 0.026611
0 0.308353 0.393557 0.022639 0.050420
0 0.829040 0.264706 0.010929 0.030812
0 0.822795 0.371148 0.018735 0.047619
0 0.621390 0.331933 0.017955 0.036415
0 0.551132 0.208683 0.010148 0.014006
0 0.635441 0.211485 0.010148 0.023810
0 0.832943 0.249300 0.011710 0.023810
0 0.658080 0.219888 0.010148 0.026611
0 0.575332 0.246499 0.014832 0.029412
0 0.779859 0.271709 0.011710 0.026611
0 0.485558 0.317927 0.013271 0.030812
0 0.784543 0.302521 0.014832 0.025210
0 0.736144 0.280112 0.012490 0.028011
0 0.711163 0.263305 0.013271 0.026611
0 0.663544 0.348739 0.017955 0.039216
0 0.895394 0.299720 0.014832 0.025210
0 0.637002 0.369748 0.023419 0.051821
0 0.480094 0.387955 0.019516 0.044818
0 0.747073 0.232493 0.014052 0.029412
0 0.720531 0.238095 0.011710 0.021008
0 0.693989 0.288515 0.013271 0.030812
0 0.701795 0.238095 0.014832 0.026611
0 0.384856 0.252101 0.014052 0.023810
0 0.532397 0.284314 0.013271 0.029412
0 0.775956 0.239496 0.014052 0.032213
0 0.521468 0.397759 0.022639 0.051821
0 0.395004 0.336134 0.014832 0.036415
0 0.605777 0.245098 0.011710 0.025210
0 0.601874 0.217087 0.007026 0.022409
0 0.456674 0.268908 0.010148 0.023810
0 0.484778 0.260504 0.010929 0.028011
0 0.612022 0.225490 0.009368 0.021008
0 0.700234 0.385154 0.020297 0.042017
0 0.887588 0.352941 0.014832 0.042017
0 0.573770 0.222689 0.010148 0.021008
0 0.394223 0.299720 0.015613 0.025210
0 0.667447 0.532213 0.028103 0.075630
0 0.676815 0.254902 0.011710 0.026611
0 0.856362 0.278711 0.014052 0.033613
0 0.775956 0.357143 0.016393 0.046218
0 0.814988 0.302521 0.014052 0.028011
0 0.648712 0.228291 0.007806 0.026611
0 0.858704 0.394958 0.015613 0.047619
0 0.423888 0.351541 0.019516 0.039216
0 0.807182 0.450980 0.021077 0.049020
0 0.871194 0.456583 0.020297 0.051821
0 0.551132 0.231092 0.013271 0.019608
0 0.844653 0.313725 0.012490 0.029412
0 0.393443 0.268908 0.013271 0.018207
0 0.881343 0.301120 0.013271 0.035014
0 0.277908 0.301120 0.017174 0.033613
0 0.228728 0.334734 0.014832 0.030812
0 0.589383 0.204482 0.012490 0.030812
0 0.441062 0.246499 0.010929 0.022409
0 0.374707 0.324930 0.014052 0.032213
0 0.896956 0.263305 0.012490 0.032213
0 0.837627 0.350140 0.015613 0.044818
0 0.505074 0.253501 0.012490 0.025210
0 0.449649 0.229692 0.011710 0.019608
0 0.552693 0.259104 0.014052 0.026611
0 0.235753 0.382353 0.017174 0.030812
0 0.636222 0.431373 0.021077 0.061625
0 0.654957 0.317927 0.018735 0.033613
