0 0.319502 0.206581 0.015560 0.032907
0 0.551867 0.129799 0.011411 0.025594
0 0.799793 0.160878 0.013485 0.032907
0 0.751037 0.248629 0.018672 0.043876
0 0.495851 0.223035 0.018672 0.036563
0 0.710581 0.188300 0.016598 0.032907
0 0.829876 0.186472 0.014523 0.034735
0 0.746888 0.201097 0.014523 0.032907
0 0.782158 0.177331 0.012448 0.031079
0 0.727178 0.308958 0.026971 0.054845
0 0.651452 0.146252 0.013485 0.023766
0 0.463693 0.157221 0.013485 0.021938
0 0.846473 0.164534 0.013485 0.036563
0 0.408714 0.263254 0.018672 0.040219
0 0.649378 0.106033 0.010373 0.023766
0 0.623444 0.122486 0.010373 0.021938
0 0.858921 0.314442 0.022822 0.051188
0 0.622407 0.303473 0.030083 0.047532
0 0.479253 0.144424 0.011411 0.020110
0 0.756224 0.168190 0.013485 0.029250
0 0.939834 0.195612 0.013485 0.036563
0 0.389004 0.208410 0.014523 0.027422
0 0.445021 0.175503 0.015560 0.029250
0 0.597510 0.131627 0.015560 0.029250
0 0.419087 0.179159 0.013485 0.021938
0 0.737552 0.166362 0.016598 0.025594
0 0.540456 0.193784 0.016598 0.031079
0 0.572614 0.115174 0.011411 0.025594
0 0.530083 0.148080 0.013485 0.025594
0 0.895228 0.202925 0.015560 0.038391
0 0.413900 0.213894 0.013485 0.029250
0 0.508299 0.193784 0.016598 0.032907
0 0.546680 0.168190 0.012448 0.027422
0 0.737552 0.148080 0.015560 0.031079
0 0.470954 0.129799 0.010373 0.023766
0 0.492739 0.127971 0.010373 0.025594
0 0.674274 0.360146 0.032158 0.062157
0 0.422199 0.155393 0.010373 0.023766
0 0.447095 0.210238 0.017635 0.036563
0 0.679461 0.190128 0.016598 0.032907
0 0.937759 0.166362 0.012448 0.029250
0 0.613071 0.246801 0.023859 0.051188
0 0.623444 0.140768 0.012448 0.025594
0 0.149378 0.338208 0.037344 0.078611
0 0.836100 0.223035 0.014523 0.029250
0 0.783195 0.133455 0.011411 0.025594
0 0.586100 0.166362 0.014523 0.032907
0 0.934647 0.239488 0.011411 0.038391
0 0.827801 0.263254 0.018672 0.043876
0 0.886929 0.248629 0.014523 0.038391
0 0.952282 0.215722 0.017635 0.032907
0 0.787344 0.221207 0.016598 0.034735
0 0.703320 0.157221 0.013485 0.025594
0 0.875519 0.175503 0.013485 0.034735
0 0.717842 0.115174 0.012448 0.021938
0 0.470954 0.182815 0.016598 0.031079
0 0.573651 0.151737 0.012448 0.031079
0 0.385892 0.166362 0.013485 0.023766
0 0.612033 0.109689 0.009336 0.021938
0 0.930498 0.330896 0.020747 0.045704
0 0.716805 0.148080 0.011411 0.031079
0 0.858921 0.263254 0.018672 0.043876
0 0.522822 0.166362 0.013485 0.029250
