0 0.853434 0.248521 0.012563 0.029586
0 0.606365 0.461538 0.031826 0.084320
0 0.735343 0.279586 0.014238 0.032544
0 0.355946 0.284024 0.014238 0.031065
0 0.947236 0.301775 0.027638 0.045858
0 0.926298 0.483728 0.026801 0.062130
0 0.412898 0.334320 0.023451 0.039941
0 0.643216 0.292899 0.019263 0.039941
0 0.411223 0.294379 0.015075 0.025148
0 0.783082 0.279586 0.015913 0.038462
0 0.409548 0.260355 0.014238 0.031065
0 0.386097 0.323964 0.020938 0.039941
0 0.588777 0.251479 0.014238 0.028107
0 0.602178 0.329882 0.020938 0.042899
0 0.294807 0.362426 0.019263 0.048817
0 0.288945 0.300296 0.012563 0.032544
0 0.617253 0.198225 0.015075 0.029586
0 0.531826 0.242604 0.023451 0.031065
0 0.870184 0.258876 0.019263 0.032544
0 0.451424 0.335799 0.019263 0.029586
0 0.665829 0.202663 0.010050 0.028107
0 0.688442 0.267751 0.020938 0.029586
0 0.539363 0.352071 0.022613 0.042899
0 0.634841 0.208580 0.011725 0.019231
0 0.649079 0.467456 0.037688 0.060651
0 0.661642 0.362426 0.028476 0.045858
0 0.930486 0.312130 0.015075 0.044379
0 0.624791 0.341716 0.021776 0.035503
0 0.529313 0.315089 0.016750 0.032544
0 0.850921 0.539941 0.030151 0.079882
0 0.505863 0.318047 0.017588 0.039941
0 0.829146 0.297337 0.015913 0.029586
0 0.951424 0.276627 0.013400 0.025148
0 0.951424 0.357988 0.021776 0.042899
0 0.750419 0.412722 0.028476 0.054734
0 0.789782 0.241124 0.013400 0.032544
0 0.525963 0.272189 0.021776 0.047337
0 0.441374 0.300296 0.020101 0.038462
0 0.257956 0.371302 0.019263 0.039941
0 0.513400 0.255917 0.012563 0.036982
0 0.474037 0.300296 0.017588 0.029586
0 0.866834 0.281065 0.015075 0.038462
0 0.755444 0.235207 0.013400 0.034024
0 0.833333 0.260355 0.014238 0.029586
0 0.773869 0.232249 0.015075 0.034024
0 0.014238 0.415680 0.024288 0.051775
0 0.886935 0.334320 0.023451 0.042899
0 0.469849 0.402367 0.026801 0.056213
0 0.798157 0.242604 0.007538 0.034024
0 0.795645 0.421598 0.026801 0.063609
0 0.429648 0.251479 0.014238 0.031065
0 0.711893 0.242604 0.020101 0.034024
0 0.871022 0.366864 0.020938 0.051775
0 0.362647 0.329882 0.020101 0.038462
0 0.337521 0.356509 0.027638 0.045858
0 0.394472 0.255917 0.013400 0.026627
0 0.857621 0.468935 0.033501 0.062130
0 0.607203 0.213018 0.016750 0.029586
0 0.647404 0.213018 0.017588 0.019231
0 0.822446 0.357988 0.025126 0.056213
0 0.551926 0.244083 0.010888 0.032544
0 0.609715 0.245562 0.016750 0.036982
0 0.708543 0.210059 0.020938 0.032544
0 0.473199 0.227811 0.024288 0.029586
0 0.642379 0.244083 0.020101 0.031065
0 0.229481 0.332840 0.014238 0.034024
0 0.852596 0.306213 0.018425 0.035503
0 0.582077 0.215976 0.019263 0.026627
0 0.697655 0.350592 0.014238 0.034024
0 0.720268 0.479290 0.040201 0.082840
0 0.477387 0.261834 0.013400 0.035503
0 0.856784 0.334320 0.020101 0.038462
