0 0.746411 0.261474 0.015152 0.025035
0 0.455343 0.272601 0.015949 0.027816
0 0.917863 0.312935 0.015949 0.030598
0 0.758373 0.431154 0.027911 0.062587
0 0.579745 0.428373 0.029506 0.073713
0 0.534290 0.399166 0.027911 0.051460
0 0.283094 0.361613 0.017544 0.037552
0 0.923445 0.267038 0.014354 0.029207
0 0.839713 0.367177 0.024721 0.054242
0 0.664274 0.264256 0.017544 0.036161
0 0.836523 0.301808 0.014354 0.037552
0 0.350080 0.331015 0.016746 0.034771
0 0.439394 0.247566 0.012759 0.025035
0 0.285486 0.301808 0.013557 0.033380
0 0.381180 0.254520 0.012759 0.026426
0 0.818979 0.264256 0.013557 0.031989
0 0.908293 0.344924 0.017544 0.041725
0 0.734450 0.225313 0.011962 0.026426
0 0.622010 0.297636 0.017544 0.037552
0 0.539872 0.283727 0.016746 0.034771
0 0.521531 0.351878 0.024721 0.052851
0 0.708134 0.280946 0.015152 0.031989
0 0.764753 0.236439 0.014354 0.029207
0 0.616427 0.211405 0.015949 0.025035
0 0.450558 0.429764 0.034290 0.065369
0 0.693780 0.244784 0.017544 0.034771
0 0.677033 0.221140 0.012759 0.033380
0 0.725678 0.394993 0.030303 0.065369
0 0.863636 0.317107 0.016746 0.037552
0 0.401116 0.296245 0.017544 0.030598
0 0.885965 0.392211 0.026316 0.054242
0 0.329346 0.364395 0.021531 0.040334
0 0.790271 0.364395 0.023923 0.047288
0 0.589314 0.223922 0.013557 0.029207
0 0.463317 0.232267 0.015152 0.029207
0 0.462520 0.301808 0.014354 0.033380
0 0.218501 0.350487 0.016746 0.034771
0 0.071770 0.514604 0.043062 0.082058
0 0.539075 0.226704 0.015152 0.026426
0 0.857257 0.369958 0.015949 0.044506
0 0.563796 0.233658 0.011962 0.023644
0 0.828549 0.436718 0.031898 0.058414
0 0.646730 0.386648 0.027911 0.062587
0 0.600478 0.201669 0.011164 0.027816
0 0.720096 0.251739 0.015152 0.034771
0 0.851675 0.257302 0.011962 0.034771
0 0.354067 0.289291 0.015152 0.029207
0 0.484051 0.267038 0.015949 0.041725
0 0.647528 0.219750 0.011962 0.023644
0 0.259968 0.344924 0.021531 0.047288
0 0.796651 0.294854 0.015152 0.031989
0 0.403509 0.335188 0.019936 0.037552
0 0.445774 0.258693 0.011962 0.022253
0 0.799841 0.264256 0.013557 0.027816
0 0.400319 0.271210 0.014354 0.025035
0 0.440989 0.333797 0.019139 0.040334
0 0.629187 0.460362 0.035885 0.068150
0 0.523923 0.253129 0.015949 0.026426
0 0.429825 0.310153 0.014354 0.031989
0 0.380383 0.329624 0.016746 0.034771
0 0.877990 0.286509 0.015949 0.037552
0 0.570175 0.254520 0.015949 0.036161
0 0.679426 0.343533 0.023126 0.048679
0 0.588517 0.247566 0.011962 0.026426
0 0.661085 0.228095 0.013557 0.031989
0 0.769537 0.265647 0.014354 0.030598
0 0.893939 0.456189 0.031100 0.065369
0 0.632376 0.243394 0.012759 0.029207
0 0.755183 0.276773 0.015152 0.036161
0 0.499203 0.324061 0.019936 0.045897
0 0.796651 0.506259 0.031898 0.066759
0 0.684211 0.510431 0.036683 0.079277
0 0.573365 0.394993 0.027113 0.048679
0 0.515949 0.264256 0.015152 0.031989
0 0.726475 0.236439 0.012759 0.025035
0 0.644338 0.329624 0.023126 0.044506
