0 0.835351 0.437500 0.033091 0.049716
0 0.371267 0.325284 0.016949 0.035511
0 0.777240 0.232955 0.015335 0.032670
0 0.840194 0.258523 0.011299 0.025568
0 0.623083 0.218750 0.012107 0.021307
0 0.357546 0.291193 0.015335 0.031250
0 0.405165 0.276989 0.012107 0.031250
0 0.237288 0.338068 0.012914 0.034091
0 0.588378 0.326705 0.018563 0.044034
0 0.564165 0.264205 0.016142 0.029830
0 0.468927 0.237216 0.012107 0.028409
0 0.516546 0.252841 0.016142 0.036932
0 0.287328 0.365057 0.018563 0.045455
0 0.695722 0.254261 0.015335 0.032670
0 0.451170 0.346591 0.020178 0.048295
0 0.379338 0.350852 0.016142 0.042614
0 0.603713 0.373580 0.022599 0.049716
0 0.548830 0.289773 0.016949 0.038352
0 0.716707 0.295455 0.016142 0.036932
0 0.635190 0.227273 0.009685 0.021307
0 0.925747 0.279830 0.012107 0.022727
0 0.341404 0.365057 0.017756 0.045455
0 0.806295 0.296875 0.015335 0.045455
0 0.500404 0.397727 0.025827 0.056818
0 0.689266 0.352273 0.019370 0.044034
0 0.531073 0.259943 0.016949 0.028409
0 0.836965 0.309659 0.015335 0.039773
0 0.681195 0.228693 0.008071 0.019886
0 0.668281 0.228693 0.014528 0.032670
0 0.469734 0.313920 0.017756 0.035511
0 0.712672 0.508523 0.034705 0.076705
0 0.518160 0.312500 0.017756 0.041193
0 0.410008 0.302557 0.014528 0.035511
0 0.430186 0.282670 0.013721 0.036932
0 0.551251 0.227273 0.014528 0.021307
0 0.288943 0.306818 0.016142 0.032670
0 0.572236 0.221591 0.016142 0.025568
0 0.661824 0.446023 0.032284 0.063920
0 0.866828 0.261364 0.009685 0.026989
0 0.635997 0.258523 0.016949 0.031250
0 0.539952 0.406250 0.027441 0.049716
0 0.644068 0.336648 0.017756 0.039773
0 0.022599 0.416193 0.025827 0.061080
0 0.629540 0.298295 0.015335 0.041193
0 0.740920 0.271307 0.012107 0.031250
0 0.661017 0.387784 0.022599 0.046875
0 0.885391 0.289773 0.015335 0.026989
0 0.443099 0.311080 0.015335 0.044034
0 0.907183 0.409091 0.020178 0.045455
0 0.457627 0.248580 0.011299 0.034091
0 0.786118 0.411932 0.020985 0.052557
0 0.914447 0.323864 0.016949 0.034091
0 0.594027 0.252841 0.012914 0.028409
0 0.606941 0.208807 0.012914 0.031250
0 0.266344 0.350852 0.019370 0.052557
0 0.405973 0.342330 0.017756 0.036932
0 0.674738 0.268466 0.014528 0.034091
0 0.916061 0.356534 0.018563 0.046875
0 0.863600 0.325284 0.017756 0.032670
0 0.799839 0.367898 0.021792 0.052557
0 0.897498 0.473011 0.020985 0.065341
0 0.731235 0.399148 0.027441 0.053977
0 0.385795 0.259943 0.014528 0.028409
0 0.650525 0.220170 0.014528 0.026989
0 0.865214 0.370739 0.028249 0.049716
