0 0.610043 0.145558 0.012821 0.034026
0 0.311966 0.217391 0.016026 0.037807
0 0.706197 0.109641 0.010684 0.034026
0 0.917735 0.338374 0.028846 0.071834
0 0.329060 0.179584 0.016026 0.034026
0 0.839744 0.155009 0.014957 0.034026
0 0.324786 0.213611 0.017094 0.037807
0 0.491453 0.149338 0.010684 0.026465
0 0.910256 0.153119 0.011752 0.028355
0 0.797009 0.285444 0.025641 0.062382
0 0.537393 0.149338 0.012821 0.032136
0 0.460470 0.202268 0.021368 0.043478
0 0.744658 0.378072 0.036325 0.083176
0 0.394231 0.204159 0.016026 0.035917
0 0.345085 0.215501 0.019231 0.041588
0 0.643162 0.153119 0.014957 0.035917
0 0.668803 0.177694 0.017094 0.037807
0 0.803419 0.134216 0.011752 0.030246
0 0.740385 0.166352 0.017094 0.037807
0 0.789530 0.136106 0.012821 0.032136
0 0.691239 0.253308 0.021368 0.054820
0 0.948718 0.232514 0.016026 0.045369
0 0.897436 0.213611 0.014957 0.043478
0 0.821581 0.253308 0.024573 0.054820
0 0.651709 0.130435 0.013889 0.032136
0 0.442308 0.240076 0.022436 0.047259
0 0.799145 0.196597 0.018162 0.041588
0 0.686966 0.102079 0.013889 0.032136
0 0.934829 0.251418 0.020299 0.047259
0 0.625000 0.130435 0.013889 0.032136
0 0.720085 0.177694 0.019231 0.043478
0 0.636752 0.207940 0.019231 0.043478
0 0.438034 0.179584 0.013889 0.032136
0 0.776709 0.126654 0.011752 0.030246
0 0.440171 0.155009 0.012821 0.026465
0 0.951923 0.190926 0.012821 0.039698
0 0.755342 0.190926 0.021368 0.045369
0 0.860043 0.224953 0.017094 0.034026
0 0.935897 0.194707 0.013889 0.034026
0 0.601496 0.156900 0.014957 0.039698
0 0.627137 0.109641 0.010684 0.022684
0 0.589744 0.223062 0.027778 0.052930
0 0.400641 0.168242 0.016026 0.035917
0 0.838675 0.209830 0.018162 0.047259
0 0.102564 0.499055 0.064103 0.117202
0 0.464744 0.128544 0.011752 0.028355
0 0.522436 0.173913 0.018162 0.035917
0 0.907051 0.185255 0.012821 0.034026
0 0.507479 0.143667 0.016026 0.034026
0 0.858974 0.145558 0.013889 0.024575
0 0.372863 0.206049 0.016026 0.041588
0 0.823718 0.126654 0.013889 0.030246
0 0.563034 0.156900 0.014957 0.037807
0 0.526709 0.141777 0.011752 0.026465
0 0.876068 0.158790 0.013889 0.035917
0 0.669872 0.334594 0.032051 0.083176
0 0.352564 0.196597 0.018162 0.043478
0 0.415598 0.198488 0.018162 0.039698
0 0.761752 0.249527 0.024573 0.062382
0 0.376068 0.164461 0.016026 0.026465
0 0.575855 0.132325 0.013889 0.028355
0 0.423077 0.153119 0.012821 0.028355
0 0.761752 0.128544 0.013889 0.035917
0 0.701923 0.173913 0.016026 0.039698
0 0.482906 0.141777 0.010684 0.030246
0 0.791667 0.164461 0.013889 0.034026
0 0.496795 0.173913 0.013889 0.035917
0 0.635684 0.251418 0.024573 0.060491
0 0.654915 0.109641 0.013889 0.030246
0 0.882479 0.228733 0.020299 0.047259
0 0.498932 0.119093 0.011752 0.028355
0 0.661325 0.217391 0.018162 0.049149
0 0.410256 0.238185 0.021368 0.049149
0 0.816239 0.206049 0.018162 0.034026
0 0.382479 0.228733 0.018162 0.045369
0 0.724359 0.240076 0.020299 0.043478
0 0.677350 0.126654 0.012821 0.026465
0 0.554487 0.177694 0.017094 0.039698
0 0.608974 0.117202 0.011752 0.028355
0 0.866453 0.185255 0.014957 0.037807
