0 0.648343 0.392910 0.028294 0.057607
0 0.546483 0.299852 0.015360 0.032496
0 0.625707 0.485968 0.029103 0.062038
0 0.714632 0.428360 0.031528 0.059084
0 0.328213 0.387001 0.022635 0.042836
0 0.685530 0.319055 0.021019 0.039882
0 0.405012 0.350074 0.020210 0.033973
0 0.409054 0.293944 0.012935 0.031019
0 0.687146 0.570162 0.033145 0.064993
0 0.680679 0.381093 0.020210 0.044313
0 0.693614 0.271787 0.016977 0.035451
0 0.352466 0.307238 0.016168 0.032496
0 0.844786 0.413589 0.030719 0.062038
0 0.518189 0.296898 0.016977 0.032496
0 0.620049 0.220089 0.013743 0.028065
0 0.797898 0.262925 0.016168 0.036928
0 0.770412 0.450517 0.026677 0.060561
0 0.440582 0.279173 0.012935 0.026588
0 0.924818 0.305761 0.014551 0.033973
0 0.881164 0.289513 0.014551 0.029542
0 0.284559 0.384047 0.016977 0.039882
0 0.349232 0.348597 0.014551 0.032496
0 0.536783 0.270310 0.016168 0.029542
0 0.836702 0.348597 0.020210 0.048744
0 0.513339 0.268833 0.013743 0.029542
0 0.799515 0.381093 0.022635 0.048744
0 0.419563 0.277696 0.011318 0.025111
0 0.469685 0.432792 0.025061 0.053176
0 0.459984 0.336780 0.019402 0.032496
0 0.510105 0.478582 0.029103 0.050222
0 0.911884 0.391433 0.021019 0.054653
0 0.867421 0.273264 0.015360 0.035451
0 0.591754 0.237814 0.009701 0.023634
0 0.764753 0.296898 0.014551 0.042836
0 0.854487 0.357459 0.015360 0.044313
0 0.600647 0.223043 0.014551 0.025111
0 0.776071 0.270310 0.012935 0.025111
0 0.805982 0.316100 0.020210 0.032496
0 0.898141 0.474151 0.031528 0.064993
0 0.451900 0.289513 0.017785 0.032496
0 0.375101 0.370753 0.021019 0.039882
0 0.637833 0.366322 0.021827 0.044313
0 0.576395 0.469719 0.028294 0.062038
0 0.624899 0.242245 0.015360 0.025111
0 0.660469 0.223043 0.012935 0.022157
0 0.400162 0.320532 0.018593 0.026588
0 0.425222 0.329394 0.020210 0.026588
0 0.280517 0.335303 0.016977 0.033973
0 0.531124 0.381093 0.021019 0.047267
0 0.591754 0.345643 0.019402 0.039882
0 0.386419 0.279173 0.013743 0.029542
0 0.251415 0.387001 0.020210 0.044313
0 0.679871 0.236337 0.014551 0.022157
0 0.126920 0.553914 0.036378 0.070901
0 0.751011 0.271787 0.014551 0.026588
0 0.568310 0.282127 0.016168 0.033973
0 0.438157 0.361891 0.024252 0.035451
0 0.900566 0.344165 0.018593 0.041359
0 0.833468 0.488922 0.027486 0.057607
0 0.880356 0.341211 0.014551 0.035451
0 0.658852 0.296898 0.015360 0.026588
0 0.221504 0.358936 0.015360 0.029542
0 0.589329 0.265879 0.012126 0.029542
0 0.610348 0.397341 0.021019 0.047267
0 0.457559 0.255539 0.013743 0.028065
0 0.561843 0.233383 0.013743 0.020679
0 0.662086 0.245199 0.014551 0.025111
0 0.724333 0.258493 0.014551 0.033973
0 0.490703 0.347120 0.020210 0.035451
0 0.607922 0.280650 0.014551 0.020679
0 0.919159 0.330871 0.016977 0.029542
0 0.830234 0.273264 0.013743 0.035451
0 0.732417 0.277696 0.015360 0.032496
0 0.624899 0.319055 0.016168 0.028065
0 0.807599 0.530281 0.027486 0.076809
