0 0.873684 0.278409 0.026316 0.051136
0 0.920000 0.291667 0.020000 0.049242
0 0.823158 0.267045 0.027368 0.054924
0 0.625263 0.200758 0.020000 0.043561
0 0.935789 0.285985 0.022105 0.064394
0 0.680000 0.176136 0.020000 0.045455
0 0.341053 0.206439 0.016842 0.028409
0 0.588421 0.219697 0.020000 0.051136
0 0.664211 0.214015 0.020000 0.047348
0 0.630526 0.225379 0.025263 0.053030
0 0.706316 0.195076 0.017895 0.041667
0 0.747368 0.270833 0.023158 0.051136
0 0.542105 0.223485 0.024211 0.051136
0 0.882105 0.331439 0.040000 0.085227
0 0.532632 0.204545 0.021053 0.039773
