0 0.912037 0.587384 0.033179 0.057870
0 0.599151 0.644097 0.051698 0.078704
0 0.857253 0.914931 0.126157 0.169560
0 0.755015 0.584491 0.054784 0.071181
0 0.528935 0.596065 0.037423 0.067130
0 0.859568 0.663194 0.077932 0.102431
0 0.131559 0.677662 0.063272 0.106481
0 0.918210 0.631366 0.050926 0.090278
0 0.165123 0.927083 0.114583 0.145833
0 0.430556 0.806134 0.080247 0.140625
0 0.653549 0.782407 0.072917 0.134838
0 0.337963 0.596065 0.043210 0.071181
0 0.057870 0.673032 0.064815 0.093171
0 0.427469 0.609954 0.047840 0.072338
0 0.176698 0.623843 0.033951 0.052662
0 0.398534 0.674190 0.058642 0.089120
0 0.194830 0.653935 0.048225 0.081597
0 0.643519 0.578704 0.048997 0.074653
0 0.059414 0.604745 0.039352 0.059606
0 0.320602 0.682870 0.054398 0.104167
0 0.796296 0.607639 0.043981 0.064236
0 0.748457 0.650463 0.051698 0.094907
0 0.532022 0.439815 0.043596 0.089699
0 0.587963 0.479167 0.032407 0.077546
