0 0.085484 0.322997 0.027419 0.043928
0 0.575806 0.832041 0.085484 0.198966
0 0.093548 0.291990 0.024194 0.043928
0 0.374194 0.317829 0.012903 0.031008
0 0.024194 0.297158 0.030645 0.046512
0 0.048387 0.426357 0.054839 0.087855
0 0.459677 0.312661 0.009677 0.020672
0 0.416129 0.341085 0.016129 0.028424
0 0.393548 0.310078 0.014516 0.031008
0 0.527419 0.338501 0.017742 0.031008
0 0.209677 0.307494 0.019355 0.036176
0 0.477419 0.325581 0.009677 0.033592
0 0.537097 0.242894 0.009677 0.020672
0 0.290323 0.379845 0.024194 0.041344
0 0.179032 0.315245 0.029032 0.041344
0 0.156452 0.266150 0.014516 0.028424
0 0.588710 0.410853 0.032258 0.054264
0 0.983871 0.408269 0.030645 0.067183
0 0.520968 0.317829 0.014516 0.023256
0 0.233871 0.506460 0.062903 0.103359
0 0.756452 0.374677 0.019355 0.033592
0 0.301613 0.315245 0.017742 0.038760
0 0.200000 0.281654 0.012903 0.020672
0 0.461290 0.253230 0.012903 0.020672
0 0.267742 0.291990 0.012903 0.020672
0 0.491935 0.335917 0.016129 0.031008
0 0.140323 0.263566 0.016129 0.031008
0 0.569355 0.325581 0.012903 0.023256
0 0.388710 0.369509 0.025806 0.043928
0 0.793548 0.369509 0.020968 0.028424
0 0.593548 0.351421 0.016129 0.031008
0 0.261290 0.428941 0.053226 0.082687
0 0.122581 0.338501 0.043548 0.062016
0 0.730645 0.351421 0.017742 0.028424
0 0.587097 0.374677 0.019355 0.031008
0 0.443548 0.317829 0.016129 0.028424
0 0.841935 0.462532 0.038710 0.064599
0 0.814516 0.387597 0.020968 0.043928
0 0.374194 0.682171 0.087097 0.147287
0 0.108065 0.250646 0.016129 0.033592
0 0.964516 0.452196 0.038710 0.054264
0 0.556452 0.333333 0.011290 0.028424
0 0.011290 0.268734 0.019355 0.031008
0 0.424194 0.392765 0.025806 0.041344
0 0.064516 0.268734 0.019355 0.025840
0 0.524194 0.387597 0.022581 0.056848
0 0.475806 0.516796 0.053226 0.108527
0 0.541935 0.328165 0.012903 0.031008
0 0.340323 0.299742 0.017742 0.031008
0 0.225806 0.304910 0.022581 0.033592
0 0.317742 0.289406 0.011290 0.025840
0 0.872581 0.410853 0.033871 0.056848
