0 0.150000 0.292490 0.050000 0.088933
0 0.458889 0.488142 0.044444 0.116601
0 0.143333 0.470356 0.053333 0.106719
0 0.392222 0.308300 0.032222 0.065217
0 0.446667 0.207510 0.034444 0.069170
0 0.343333 0.482213 0.055556 0.122530
0 0.247778 0.446640 0.052222 0.098814
0 0.675556 0.215415 0.028889 0.059289
0 0.383333 0.203557 0.025556 0.069170
0 0.182222 0.158103 0.038889 0.071146
0 0.315556 0.162055 0.034444 0.081028
0 0.657778 0.470356 0.052222 0.102767
0 0.491111 0.294466 0.031111 0.077075
0 0.497778 0.205534 0.032222 0.063241
0 0.446667 0.314229 0.031111 0.061265
0 0.355556 0.405138 0.032222 0.059289
0 0.242222 0.272727 0.034444 0.065217
0 0.476667 0.462451 0.031111 0.079051
0 0.384444 0.482213 0.032222 0.073123
0 0.820000 0.326087 0.034444 0.069170
0 0.313333 0.306324 0.034444 0.067194
0 0.265556 0.416996 0.034444 0.073123
0 0.610000 0.420949 0.025556 0.061265
0 0.545556 0.300395 0.026667 0.057312
0 0.572222 0.456522 0.047778 0.114625
0 0.537778 0.468379 0.028889 0.063241
0 0.798889 0.209486 0.032222 0.059289
0 0.765556 0.454545 0.048889 0.114625
0 0.631111 0.330040 0.024444 0.059289
0 0.245556 0.173913 0.034444 0.071146
0 0.598889 0.474308 0.025556 0.053360
0 0.710000 0.339921 0.026667 0.063241
0 0.720000 0.215415 0.028889 0.065217
0 0.602222 0.333992 0.028889 0.063241
0 0.507778 0.422925 0.026667 0.061265
0 0.175556 0.424901 0.035556 0.075099
0 0.542222 0.225296 0.027778 0.065217
0 0.666667 0.337945 0.028889 0.071146
0 0.580000 0.225296 0.026667 0.063241
0 0.095556 0.169960 0.037778 0.084980
