0 0.890723 0.259259 0.015723 0.044753
0 0.607704 0.347222 0.023585 0.058642
0 0.328616 0.188272 0.015723 0.037037
0 0.562893 0.131173 0.012579 0.033951
0 0.937893 0.256173 0.013365 0.044753
0 0.661950 0.382716 0.027516 0.063272
0 0.589623 0.129630 0.014937 0.033951
0 0.908019 0.212963 0.014151 0.035494
0 0.759434 0.214506 0.014937 0.044753
0 0.863994 0.327160 0.018868 0.052469
0 0.663522 0.231481 0.021226 0.052469
0 0.383648 0.245370 0.019654 0.052469
0 0.605346 0.120370 0.015723 0.030864
0 0.445755 0.276235 0.020440 0.050926
0 0.977201 0.285494 0.017296 0.041667
0 0.748428 0.197531 0.011792 0.035494
0 0.455975 0.158951 0.011792 0.040123
0 0.819969 0.283951 0.020440 0.052469
0 0.768868 0.271605 0.021226 0.047840
0 0.560535 0.206790 0.013365 0.035494
0 0.970126 0.316358 0.014151 0.040123
0 0.950472 0.433642 0.021226 0.052469
0 0.569182 0.324074 0.025943 0.055556
0 0.639937 0.118827 0.014937 0.030864
0 0.665881 0.169753 0.012579 0.032407
0 0.716195 0.200617 0.014151 0.040123
0 0.729560 0.370370 0.025157 0.067901
0 0.407233 0.177469 0.013365 0.037037
0 0.316038 0.223765 0.013365 0.032407
0 0.902516 0.237654 0.013365 0.037037
0 0.338050 0.211420 0.016509 0.046296
0 0.650943 0.146605 0.015723 0.033951
0 0.477201 0.239198 0.014937 0.046296
0 0.412736 0.217593 0.013365 0.032407
0 0.787736 0.197531 0.017296 0.044753
0 0.217767 0.248457 0.012579 0.041667
0 0.693396 0.155864 0.011792 0.035494
0 0.468553 0.149691 0.013365 0.032407
0 0.783019 0.163580 0.014937 0.038580
0 0.922956 0.304012 0.017296 0.041667
0 0.714623 0.145062 0.015723 0.030864
0 0.620283 0.151235 0.014151 0.032407
0 0.580189 0.199074 0.014937 0.040123
0 0.803459 0.429012 0.027516 0.074074
0 0.948899 0.236111 0.012579 0.032407
0 0.514937 0.083333 0.014151 0.038580
0 0.724843 0.243827 0.018868 0.044753
0 0.878145 0.199074 0.014151 0.032407
0 0.283805 0.225309 0.018082 0.033951
0 0.621069 0.274691 0.018868 0.052469
0 0.486635 0.158951 0.015723 0.035494
0 0.358491 0.199074 0.014937 0.032407
0 0.440252 0.186728 0.014151 0.040123
0 0.436321 0.158951 0.016509 0.032407
0 0.871855 0.223765 0.015723 0.035494
0 0.977201 0.344136 0.017296 0.043210
0 0.981132 0.242284 0.013365 0.033951
0 0.558176 0.154321 0.014151 0.040123
0 0.670597 0.123457 0.012579 0.029321
0 0.507075 0.191358 0.014937 0.035494
0 0.812893 0.183642 0.013365 0.037037
0 0.874214 0.388889 0.022013 0.060185
0 0.501572 0.141975 0.011006 0.026235
0 0.818396 0.223765 0.015723 0.037037
