0 0.752000 0.288591 0.022400 0.053691
0 0.527200 0.154362 0.013600 0.040268
0 0.199200 0.291946 0.022400 0.055369
0 0.608000 0.156040 0.016000 0.038591
0 0.776800 0.204698 0.015200 0.038591
0 0.864000 0.315436 0.020000 0.053691
0 0.897600 0.258389 0.012800 0.043624
0 0.905600 0.233221 0.016000 0.041946
0 0.308000 0.206376 0.019200 0.040268
0 0.980800 0.256711 0.015200 0.041946
0 0.791200 0.447987 0.034400 0.097315
0 0.348800 0.218121 0.017600 0.050336
0 0.600800 0.187919 0.015200 0.040268
0 0.871200 0.483221 0.029600 0.080537
0 0.946400 0.243289 0.014400 0.045302
0 0.552800 0.135906 0.014400 0.036913
0 0.928000 0.268456 0.016000 0.046980
0 0.769600 0.179530 0.013600 0.030201
0 0.598400 0.385906 0.027200 0.068792
0 0.396800 0.241611 0.020000 0.043624
0 0.868000 0.226510 0.012800 0.038591
0 0.846400 0.372483 0.024800 0.062081
0 0.493600 0.151007 0.015200 0.035235
0 0.312000 0.239933 0.016800 0.045302
0 0.839200 0.211409 0.015200 0.038591
0 0.944000 0.379195 0.022400 0.067114
0 0.629600 0.127517 0.016000 0.041946
0 0.560800 0.159396 0.015200 0.041946
0 0.433600 0.191275 0.017600 0.040268
0 0.819200 0.224832 0.020000 0.045302
0 0.810400 0.296980 0.020800 0.057047
0 0.660800 0.253356 0.020800 0.055369
0 0.494400 0.203020 0.016800 0.041946
0 0.479200 0.171141 0.019200 0.040268
0 0.330400 0.228188 0.018400 0.050336
0 0.968000 0.327181 0.012800 0.033557
0 0.952000 0.434564 0.021600 0.070470
0 0.885600 0.395973 0.026400 0.065436
0 0.695200 0.216443 0.019200 0.045302
0 0.740800 0.228188 0.015200 0.041946
0 0.609600 0.290268 0.024800 0.055369
0 0.234400 0.276846 0.025600 0.053691
0 0.472000 0.246644 0.020800 0.053691
0 0.921600 0.323826 0.020800 0.060403
0 0.100800 0.538591 0.052000 0.100671
0 0.576800 0.134228 0.016800 0.035235
0 0.973600 0.303691 0.012800 0.036913
0 0.363200 0.196309 0.016800 0.036913
0 0.720800 0.399329 0.028800 0.073826
0 0.368800 0.265101 0.018400 0.052013
0 0.707200 0.154362 0.015200 0.040268
0 0.886400 0.291946 0.015200 0.045302
0 0.517600 0.164430 0.016800 0.048658
0 0.657600 0.397651 0.032800 0.067114
0 0.549600 0.216443 0.016000 0.040268
0 0.688800 0.134228 0.012800 0.036913
0 0.728800 0.261745 0.020800 0.052013
0 0.655200 0.182886 0.018400 0.038591
0 0.971200 0.362416 0.016800 0.052013
0 0.688800 0.162752 0.017600 0.041946
0 0.663200 0.134228 0.013600 0.036913
0 0.621600 0.196309 0.016800 0.041946
0 0.652000 0.144295 0.017600 0.038591
0 0.443200 0.159396 0.016000 0.035235
0 0.796000 0.248322 0.016800 0.050336
0 0.875200 0.223154 0.010400 0.041946
0 0.744800 0.189597 0.015200 0.040268
0 0.598400 0.124161 0.016000 0.041946
0 0.808000 0.191275 0.016800 0.041946
0 0.575200 0.330537 0.025600 0.053691
0 0.432000 0.327181 0.024800 0.048658
0 0.387200 0.191275 0.020000 0.046980
0 0.456000 0.162752 0.012800 0.030201
