0 0.333953 0.281198 0.024186 0.043261
0 0.446512 0.202995 0.017674 0.034942
0 0.352558 0.236273 0.018605 0.041597
0 0.868837 0.131448 0.013953 0.031614
0 0.603721 0.217970 0.025116 0.046589
0 0.567442 0.244592 0.022326 0.044925
0 0.555349 0.114809 0.014884 0.026622
0 0.925581 0.158070 0.014884 0.038270
0 0.703256 0.287854 0.026977 0.058236
0 0.865116 0.222962 0.017674 0.041597
0 0.528372 0.216306 0.018605 0.033278
0 0.546977 0.158070 0.018605 0.036606
0 0.533953 0.314476 0.033488 0.069884
0 0.812093 0.126456 0.011163 0.033278
0 0.608372 0.113145 0.012093 0.026622
0 0.477209 0.163062 0.013953 0.026622
0 0.696744 0.096506 0.013953 0.038270
0 0.285581 0.272879 0.016744 0.034942
0 0.862326 0.153078 0.013953 0.028286
0 0.737674 0.124792 0.013023 0.034942
0 0.687442 0.146423 0.017674 0.036606
0 0.647442 0.114809 0.014884 0.031614
0 0.735814 0.198003 0.021395 0.051581
0 0.846512 0.181364 0.019535 0.034942
0 0.893953 0.126456 0.011163 0.031614
0 0.577674 0.171381 0.017674 0.038270
0 0.685581 0.184692 0.015814 0.041597
0 0.826977 0.141431 0.013953 0.034942
0 0.464186 0.234609 0.020465 0.044925
0 0.502326 0.169717 0.013023 0.031614
0 0.887442 0.166389 0.015814 0.034942
0 0.308837 0.286190 0.014884 0.038270
0 0.757209 0.161398 0.015814 0.036606
0 0.706047 0.134775 0.017674 0.038270
0 0.613953 0.098170 0.013023 0.028286
0 0.469767 0.196339 0.014884 0.031614
0 0.612093 0.266223 0.027907 0.056572
0 0.623256 0.136439 0.014884 0.033278
0 0.651163 0.171381 0.020465 0.044925
0 0.667907 0.259567 0.026047 0.056572
0 0.783256 0.114809 0.014884 0.033278
0 0.920930 0.193012 0.014884 0.044925
0 0.592558 0.119800 0.011163 0.024958
0 0.757209 0.229617 0.025116 0.056572
0 0.525581 0.141431 0.017674 0.033278
0 0.798140 0.179700 0.019535 0.043261
0 0.488372 0.294509 0.033488 0.056572
0 0.452093 0.141431 0.011163 0.028286
0 0.409302 0.169717 0.014884 0.024958
0 0.725581 0.158070 0.018605 0.034942
0 0.749767 0.128120 0.015814 0.036606
0 0.534884 0.128120 0.014884 0.029950
0 0.316279 0.231281 0.016744 0.031614
0 0.790698 0.131448 0.013023 0.033278
0 0.405581 0.282862 0.026977 0.044925
0 0.483721 0.199667 0.020465 0.038270
0 0.411163 0.226290 0.019535 0.039933
0 0.761860 0.128120 0.014884 0.031614
0 0.672558 0.327787 0.032558 0.078203
0 0.584186 0.106489 0.013953 0.028286
0 0.260465 0.282862 0.016744 0.036606
0 0.484651 0.138103 0.011163 0.028286
0 0.576744 0.367720 0.032558 0.066556
0 0.813023 0.166389 0.017674 0.039933
0 0.377674 0.231281 0.020465 0.036606
0 0.920930 0.269551 0.022326 0.054908
0 0.426047 0.183028 0.015814 0.034942
0 0.661395 0.212978 0.024186 0.053245
0 0.671628 0.123128 0.016744 0.031614
0 0.636279 0.103161 0.012093 0.026622
0 0.888372 0.206323 0.014884 0.039933
0 0.386047 0.201331 0.020465 0.041597
0 0.473488 0.149750 0.013023 0.026622
0 0.781395 0.284526 0.030698 0.066556
0 0.702326 0.222962 0.023256 0.049917
