0 0.533865 0.293463 0.026295 0.044506
0 0.926693 0.201669 0.015936 0.033380
0 0.513147 0.187761 0.016733 0.031989
0 0.616733 0.210014 0.019124 0.036161
0 0.050996 0.393602 0.023108 0.047288
0 0.424701 0.261474 0.023904 0.044506
0 0.520319 0.132128 0.010359 0.025035
0 0.665339 0.112656 0.009562 0.025035
0 0.912351 0.340751 0.024701 0.047288
0 0.298805 0.305981 0.018327 0.023644
0 0.837450 0.127955 0.011952 0.022253
0 0.773705 0.225313 0.018327 0.036161
0 0.458167 0.171071 0.012749 0.022253
0 0.827092 0.346314 0.028685 0.066759
0 0.914741 0.143255 0.012749 0.029207
0 0.869323 0.246175 0.022311 0.040334
0 0.912351 0.225313 0.020717 0.041725
0 0.397610 0.264256 0.019124 0.038943
0 0.734661 0.137691 0.016733 0.030598
0 0.586454 0.118220 0.011155 0.025035
0 0.653386 0.127955 0.013546 0.026426
0 0.467729 0.146036 0.011952 0.023644
0 0.509163 0.146036 0.011952 0.023644
0 0.670916 0.267038 0.023904 0.052851
0 0.534661 0.148818 0.011952 0.025035
0 0.638247 0.123783 0.010359 0.023644
0 0.750598 0.146036 0.016733 0.030598
0 0.600000 0.127955 0.013546 0.029207
0 0.433466 0.225313 0.019124 0.036161
0 0.729880 0.210014 0.020717 0.043115
0 0.764940 0.299026 0.023108 0.054242
0 0.587251 0.143255 0.015139 0.029207
0 0.787251 0.119611 0.011155 0.025035
0 0.613546 0.109875 0.011155 0.022253
0 0.811155 0.155772 0.015139 0.029207
0 0.425498 0.193324 0.016733 0.031989
0 0.827888 0.251739 0.019124 0.037552
0 0.891633 0.180807 0.016733 0.037552
0 0.446215 0.166898 0.013546 0.025035
0 0.557769 0.262865 0.022311 0.043115
0 0.551394 0.165508 0.013546 0.026426
0 0.593625 0.116829 0.011155 0.027816
0 0.379283 0.222531 0.015139 0.033380
0 0.613546 0.247566 0.022311 0.044506
0 0.873307 0.140473 0.011952 0.022253
0 0.659761 0.107093 0.011952 0.025035
0 0.690040 0.190542 0.015936 0.033380
0 0.713944 0.155772 0.015139 0.036161
0 0.564940 0.122392 0.011155 0.025035
0 0.755378 0.240612 0.021514 0.044506
0 0.779283 0.155772 0.015139 0.033380
0 0.371315 0.257302 0.017530 0.037552
0 0.340239 0.255911 0.019124 0.034771
0 0.560159 0.144645 0.011952 0.027816
0 0.342629 0.216968 0.016733 0.037552
0 0.519522 0.159944 0.012749 0.023644
0 0.929880 0.166898 0.015936 0.031989
0 0.665339 0.136300 0.013546 0.025035
0 0.938645 0.154381 0.015936 0.030598
0 0.835857 0.204451 0.016733 0.031989
0 0.631873 0.133519 0.010359 0.022253
0 0.843825 0.187761 0.015936 0.030598
0 0.802390 0.180807 0.015139 0.029207
0 0.624701 0.139082 0.012749 0.026426
0 0.450996 0.191933 0.014343 0.027816
0 0.686853 0.219750 0.016733 0.037552
0 0.368924 0.221140 0.016733 0.030598
0 0.484462 0.146036 0.011155 0.025035
0 0.482072 0.216968 0.015936 0.034771
0 0.880478 0.479833 0.028685 0.061196
0 0.807968 0.126565 0.013546 0.023644
0 0.542629 0.136300 0.009562 0.026426
0 0.921912 0.290682 0.019124 0.036161
0 0.578486 0.168289 0.015139 0.030598
0 0.834263 0.151599 0.015936 0.030598
0 0.866932 0.152990 0.014343 0.030598
0 0.402390 0.235049 0.016733 0.030598
0 0.585657 0.321280 0.025498 0.054242
