0 0.813750 0.335835 0.058750 0.114447
0 0.898750 0.300188 0.041250 0.082552
0 0.676250 0.294559 0.038750 0.078799
0 0.942500 0.288931 0.033750 0.065666
0 0.702500 0.350844 0.055000 0.110694
0 0.562500 0.324578 0.053750 0.105066
0 0.606250 0.375235 0.063750 0.097561
0 0.122500 0.337711 0.073750 0.106942
0 0.361250 0.337711 0.057500 0.095685
0 0.591250 0.440901 0.101250 0.170732
0 0.225000 0.399625 0.070000 0.121951
0 0.872500 0.412758 0.093750 0.148218
0 0.911250 0.360225 0.052500 0.112570
0 0.367500 0.444653 0.090000 0.142589
0 0.616250 0.311445 0.056250 0.080675
0 0.332500 0.324578 0.041250 0.076923
0 0.287500 0.412758 0.077500 0.131332
0 0.507500 0.285178 0.050000 0.076923
0 0.972500 0.298311 0.036250 0.060038
0 0.505000 0.347092 0.062500 0.110694
0 0.732500 0.497186 0.117500 0.195122
0 0.757500 0.388368 0.078750 0.114447
0 0.858750 0.294559 0.046250 0.078799
0 0.962500 0.397749 0.075000 0.157598
