0 0.432000 0.519637 0.016000 0.030211
0 0.454000 0.501511 0.016000 0.021148
0 0.438000 0.459215 0.018000 0.021148
0 0.208000 0.513595 0.016000 0.024169
0 0.226000 0.519637 0.018000 0.030211
0 0.466000 0.507553 0.020000 0.027190
0 0.490000 0.507553 0.020000 0.030211
0 0.414000 0.564955 0.042000 0.060423
0 0.176000 0.531722 0.022000 0.042296
0 0.318000 0.534743 0.022000 0.033233
0 0.582000 0.534743 0.028000 0.042296
0 0.276000 0.516616 0.012000 0.027190
0 0.306000 0.519637 0.020000 0.036254
0 0.546000 0.513595 0.018000 0.033233
0 0.338000 0.504532 0.016000 0.030211
0 0.482000 0.567976 0.034000 0.054381
0 0.536000 0.546828 0.034000 0.051360
0 0.506000 0.531722 0.020000 0.033233
0 0.254000 0.516616 0.022000 0.030211
0 0.322000 0.507553 0.016000 0.024169
0 0.396000 0.510574 0.018000 0.027190
0 0.158000 0.546828 0.030000 0.042296
0 0.376000 0.528701 0.016000 0.030211
0 0.460000 0.531722 0.020000 0.027190
0 0.416000 0.534743 0.018000 0.030211
0 0.358000 0.540785 0.022000 0.045317
0 0.086000 0.519637 0.024000 0.033233
0 0.630000 0.516616 0.026000 0.042296
0 0.352000 0.510574 0.016000 0.027190
0 0.262000 0.567976 0.036000 0.054381
0 0.368000 0.501511 0.014000 0.024169
0 0.484000 0.492447 0.018000 0.027190
0 0.338000 0.570997 0.042000 0.069486
0 0.246000 0.537764 0.022000 0.030211
0 0.428000 0.495468 0.014000 0.024169
0 0.150000 0.513595 0.022000 0.033233
