0 0.783636 0.371359 0.076364 0.121359
0 0.630909 0.509709 0.063636 0.104369
0 0.654545 0.694175 0.085455 0.123786
0 0.949091 0.388350 0.087273 0.121359
0 0.120000 0.400485 0.083636 0.121359
0 0.103636 0.567961 0.080000 0.104369
0 0.338182 0.529126 0.063636 0.101942
0 0.412727 0.531553 0.063636 0.114078
0 0.214545 0.439320 0.061818 0.111650
0 0.367273 0.417476 0.054545 0.087379
0 0.514545 0.674757 0.080000 0.123786
0 0.512727 0.485437 0.067273 0.118932
0 0.790909 0.587379 0.080000 0.145631
0 0.265455 0.623786 0.076364 0.123786
