0 0.818947 0.429907 0.040000 0.080374
0 0.227368 0.448598 0.035789 0.074766
0 0.651579 0.381308 0.025263 0.059813
0 0.370526 0.444860 0.032632 0.061682
0 0.332632 0.521495 0.056842 0.108411
0 0.800000 0.476636 0.051579 0.091589
0 0.518947 0.409346 0.029474 0.061682
0 0.032632 0.441121 0.047368 0.072897
0 0.980000 0.551402 0.038947 0.138318
0 0.849474 0.403738 0.031579 0.069159
0 0.405263 0.476636 0.035789 0.071028
0 0.169474 0.420561 0.032632 0.065421
0 0.207368 0.659813 0.087368 0.173832
0 0.203158 0.426168 0.029474 0.063551
0 0.087368 0.433645 0.045263 0.085981
0 0.121053 0.586916 0.067368 0.119626
0 0.865263 0.373832 0.033684 0.061682
0 0.543158 0.452336 0.035789 0.074766
0 0.358947 0.377570 0.024211 0.046729
0 0.577895 0.381308 0.028421 0.057944
0 0.381053 0.413084 0.029474 0.052336
0 0.611579 0.416822 0.040000 0.069159
0 0.515789 0.493458 0.045263 0.110280
0 0.084211 0.512150 0.050526 0.082243
0 0.305263 0.364486 0.024211 0.041121
0 0.468421 0.459813 0.035789 0.080374
0 0.967368 0.437383 0.041053 0.085981
0 0.688421 0.360748 0.028421 0.061682
0 0.348421 0.364486 0.018947 0.052336
0 0.692632 0.885981 0.127368 0.226168
0 0.627368 0.366355 0.027368 0.059813
0 0.974737 0.371963 0.033684 0.065421
0 0.445263 0.368224 0.029474 0.052336
0 0.243158 0.400000 0.028421 0.042991
0 0.983158 0.401869 0.031579 0.069159
0 0.390526 0.534579 0.060000 0.119626
0 0.555789 0.362617 0.026316 0.054206
0 0.757895 0.674766 0.078947 0.185047
0 0.457895 0.409346 0.029474 0.059813
0 0.285263 0.433645 0.052632 0.095327
