0 0.868000 0.178313 0.034667 0.072289
0 0.588000 0.134940 0.029333 0.062651
0 0.886667 0.149398 0.026667 0.062651
0 0.218667 0.313253 0.065333 0.146988
0 0.761333 0.209639 0.038667 0.096386
0 0.630667 0.098795 0.024000 0.057831
0 0.964000 0.173494 0.026667 0.072289
0 0.426667 0.146988 0.036000 0.057831
0 0.404000 0.171084 0.036000 0.067470
0 0.332000 0.098795 0.029333 0.062651
0 0.840000 0.250602 0.052000 0.108434
0 0.318667 0.144578 0.033333 0.074699
0 0.441333 0.120482 0.025333 0.055422
0 0.258667 0.233735 0.054667 0.115663
0 0.704000 0.173494 0.040000 0.069880
0 0.657333 0.197590 0.045333 0.079518
0 0.085333 0.481928 0.104000 0.207229
0 0.421333 0.209639 0.049333 0.084337
0 0.610667 0.161446 0.030667 0.062651
0 0.562667 0.106024 0.025333 0.055422
0 0.950667 0.190361 0.034667 0.077108
0 0.422667 0.320482 0.066667 0.125301
0 0.418667 0.086747 0.030667 0.055422
0 0.293333 0.185542 0.041333 0.091566
0 0.660000 0.120482 0.025333 0.060241
0 0.820000 0.130120 0.033333 0.067470
0 0.794667 0.351807 0.061333 0.139759
0 0.421333 0.489157 0.101333 0.204819
0 0.706667 0.240964 0.036000 0.103614
