0 0.108333 0.371429 0.061667 0.117143
0 0.461667 0.417143 0.045000 0.077143
0 0.868333 0.440000 0.088333 0.157143
0 0.956667 0.585714 0.086667 0.180000
0 0.960000 0.405714 0.048333 0.094286
0 0.986667 0.431429 0.025000 0.085714
0 0.585000 0.431429 0.063333 0.111429
0 0.070000 0.497143 0.105000 0.182857
0 0.573333 0.400000 0.041667 0.080000
0 0.495000 0.394286 0.055000 0.097143
0 0.033333 0.214286 0.053333 0.108571
0 0.740000 0.425714 0.058333 0.120000
0 0.763333 0.445714 0.048333 0.097143
0 0.150000 0.714286 0.148333 0.308571
0 0.168333 0.468571 0.076667 0.140000
0 0.658333 0.382857 0.036667 0.085714
0 0.206667 0.248571 0.058333 0.102857
0 0.735000 0.534286 0.088333 0.168571
0 0.103333 0.265714 0.053333 0.105714
0 0.621667 0.394286 0.045000 0.082857
