0 0.793468 0.549435 0.034070 0.064619
0 0.634164 0.518715 0.016682 0.038489
0 0.291118 0.522952 0.022791 0.036370
0 0.899201 0.577684 0.049107 0.070621
0 0.067199 0.594280 0.046288 0.074859
0 0.572838 0.516243 0.019267 0.039195
0 0.231673 0.540254 0.027021 0.041667
0 0.352914 0.517655 0.015273 0.032133
0 0.691024 0.521893 0.019267 0.042726
0 0.466635 0.521540 0.024201 0.039548
0 0.518562 0.524011 0.020207 0.032133
0 0.138393 0.556850 0.029840 0.051907
0 0.852679 0.554732 0.038534 0.068503
0 0.407190 0.522599 0.017152 0.037429
0 0.722979 0.546257 0.029840 0.054025
0 0.198543 0.546963 0.031015 0.046610
0 0.269032 0.536017 0.029605 0.045551
0 0.112077 0.560028 0.036419 0.057910
