0 0.745469 0.579572 0.026793 0.045131
0 0.710796 0.608076 0.039401 0.065321
0 0.179669 0.597387 0.033885 0.071259
0 0.188337 0.554632 0.025217 0.045131
0 0.315997 0.629454 0.049645 0.072447
0 0.651694 0.598575 0.044129 0.061758
0 0.118991 0.656770 0.055162 0.084323
0 0.382979 0.448931 0.044917 0.074822
0 0.486998 0.566508 0.025217 0.035629
0 0.579196 0.552257 0.022065 0.036817
0 0.830575 0.598575 0.034673 0.057007
0 0.422380 0.549881 0.022853 0.040380
0 0.156816 0.686461 0.061466 0.130641
0 0.330181 0.674584 0.048857 0.083135
0 0.046493 0.459620 0.011820 0.032067
0 0.055950 0.470309 0.012608 0.023753
0 0.485422 0.611639 0.040189 0.068884
0 0.617021 0.557007 0.030733 0.049881
0 0.289204 0.555819 0.021277 0.039192
0 0.071710 0.475059 0.021277 0.038005
0 0.013396 0.446556 0.025217 0.079572
0 0.539795 0.580760 0.025217 0.039192
0 0.561072 0.637767 0.047281 0.084323
0 0.676911 0.548694 0.026793 0.039192
0 0.319149 0.561758 0.026005 0.047506
0 0.560284 0.538005 0.022853 0.038005
0 0.719464 0.547506 0.025217 0.047506
0 0.215130 0.566508 0.028369 0.052257
0 0.845548 0.571259 0.029157 0.043943
0 0.092199 0.561758 0.029157 0.060570
0 0.944050 0.585511 0.033097 0.051069
0 0.502758 0.539192 0.025217 0.042755
