0 0.617959 0.199664 0.017143 0.043624
0 0.951020 0.243289 0.014694 0.041946
0 0.356735 0.194631 0.016327 0.036913
0 0.101224 0.546980 0.045714 0.114094
0 0.657143 0.181208 0.013061 0.035235
0 0.885714 0.293624 0.017143 0.048658
0 0.326531 0.236577 0.018776 0.063758
0 0.219592 0.280201 0.020408 0.053691
0 0.871020 0.231544 0.014694 0.036913
0 0.902041 0.258389 0.014694 0.041946
0 0.868571 0.318792 0.022041 0.050336
0 0.447347 0.166107 0.013061 0.031879
0 0.489796 0.206376 0.018776 0.040268
0 0.577143 0.171141 0.015510 0.038591
0 0.777959 0.204698 0.016327 0.046980
0 0.550204 0.134228 0.014694 0.031879
0 0.432653 0.295302 0.023673 0.053691
0 0.298776 0.214765 0.019592 0.053691
0 0.881633 0.414430 0.022857 0.067114
0 0.813878 0.295302 0.018776 0.060403
0 0.746939 0.194631 0.015510 0.036913
0 0.602449 0.369128 0.026939 0.063758
0 0.693878 0.213087 0.017143 0.048658
0 0.602449 0.156040 0.014694 0.033557
0 0.208980 0.268456 0.017959 0.053691
0 0.576327 0.134228 0.017143 0.035235
0 0.841633 0.213087 0.017959 0.038591
0 0.608980 0.295302 0.021224 0.057047
0 0.926531 0.325503 0.015510 0.057047
0 0.513469 0.172819 0.020408 0.043624
0 0.892245 0.229866 0.013878 0.045302
0 0.421224 0.196309 0.017143 0.043624
0 0.960000 0.437919 0.024490 0.063758
0 0.364898 0.258389 0.023673 0.052013
0 0.520816 0.157718 0.012245 0.035235
0 0.570612 0.332215 0.025306 0.062081
0 0.751837 0.290268 0.022041 0.053691
0 0.549388 0.224832 0.016327 0.045302
0 0.341224 0.208054 0.017143 0.046980
0 0.464490 0.243289 0.021224 0.053691
0 0.710204 0.156040 0.013878 0.040268
0 0.715102 0.421141 0.030204 0.067114
0 0.931429 0.268456 0.014694 0.041946
0 0.284082 0.243289 0.021224 0.052013
0 0.820408 0.226510 0.017143 0.036913
0 0.382041 0.186242 0.015510 0.041946
0 0.386939 0.239933 0.018776 0.043624
0 0.721633 0.256711 0.023673 0.050336
0 0.974694 0.362416 0.017143 0.053691
0 0.941224 0.379195 0.022041 0.065436
0 0.806531 0.192953 0.016327 0.040268
0 0.739592 0.228188 0.019592 0.043624
0 0.870204 0.494966 0.031837 0.082215
0 0.793469 0.444631 0.031837 0.093960
0 0.796735 0.243289 0.018776 0.052013
0 0.657143 0.397651 0.029388 0.063758
0 0.607347 0.177852 0.015510 0.041946
0 0.428571 0.169463 0.015510 0.041946
0 0.687347 0.139262 0.013878 0.038591
0 0.486531 0.154362 0.018776 0.035235
0 0.563265 0.216443 0.017143 0.040268
0 0.984490 0.261745 0.014694 0.038591
0 0.653061 0.149329 0.013878 0.038591
0 0.975510 0.313758 0.015510 0.052013
0 0.662857 0.129195 0.014694 0.035235
0 0.595102 0.119128 0.014694 0.033557
0 0.553469 0.159396 0.015510 0.036913
0 0.768980 0.184564 0.015510 0.040268
0 0.655510 0.244966 0.022041 0.058725
0 0.626122 0.132550 0.013878 0.036913
