0 0.328333 0.252226 0.058333 0.115727
0 0.838333 0.362018 0.081667 0.195846
0 0.516667 0.270030 0.056667 0.124629
0 0.716667 0.252226 0.031667 0.077151
0 0.940000 0.350148 0.053333 0.121662
0 0.203333 0.222552 0.038333 0.083086
0 0.408333 0.454006 0.113333 0.267062
0 0.663333 0.448071 0.096667 0.228487
0 0.756667 0.231454 0.026667 0.065282
0 0.455000 0.246291 0.065000 0.148368
0 0.183333 0.275964 0.055000 0.115727
0 0.166667 0.207715 0.040000 0.086053
0 0.660000 0.278932 0.055000 0.133531
0 0.616667 0.270030 0.043333 0.109792
0 0.763333 0.275964 0.028333 0.059347
