0 0.821687 0.263383 0.022892 0.044968
0 0.532530 0.190578 0.016867 0.036403
0 0.759036 0.233405 0.022892 0.044968
0 0.750602 0.197002 0.018072 0.038544
0 0.662651 0.248394 0.024096 0.051392
0 0.808434 0.396146 0.032530 0.072805
0 0.674699 0.203426 0.019277 0.040685
0 0.708434 0.197002 0.015663 0.038544
0 0.672289 0.182013 0.015663 0.034261
0 0.749398 0.274090 0.024096 0.047109
0 0.625301 0.201285 0.019277 0.032120
0 0.591566 0.158458 0.014458 0.032120
0 0.916867 0.400428 0.032530 0.062099
0 0.745783 0.349036 0.032530 0.068522
0 0.581928 0.306210 0.040964 0.085653
