0 0.168000 0.441270 0.076000 0.114286
0 0.772000 0.266667 0.066000 0.117460
0 0.424000 0.365079 0.042000 0.082540
0 0.208000 0.352381 0.028000 0.044444
0 0.282000 0.349206 0.030000 0.044444
0 0.396000 0.374603 0.044000 0.076190
0 0.236000 0.336508 0.024000 0.047619
0 0.068000 0.380952 0.048000 0.082540
0 0.104000 0.358730 0.026000 0.053968
0 0.034000 0.514286 0.066000 0.142857
0 0.250000 0.415873 0.062000 0.114286
0 0.024000 0.355556 0.040000 0.066667
0 0.320000 0.409524 0.050000 0.088889
0 0.128000 0.380952 0.050000 0.073016
0 0.506000 0.358730 0.032000 0.050794
