0 0.473333 0.487261 0.048333 0.098726
0 0.391667 0.410828 0.036667 0.073248
0 0.163333 0.398089 0.028333 0.050955
0 0.948333 0.429936 0.053333 0.085987
0 0.158333 0.436306 0.040000 0.076433
0 0.286667 0.398089 0.026667 0.054140
0 0.501667 0.423567 0.023333 0.057325
0 0.531667 0.378981 0.018333 0.044586
0 0.558333 0.417197 0.028333 0.070064
0 0.683333 0.452229 0.030000 0.060510
0 0.808333 0.506369 0.053333 0.105096
0 0.116667 0.420382 0.036667 0.079618
0 0.446667 0.401274 0.025000 0.047771
0 0.493333 0.461783 0.026667 0.060510
0 0.418333 0.391720 0.015000 0.050955
0 0.571667 0.496815 0.046667 0.095541
0 0.240000 0.442675 0.046667 0.082803
0 0.498333 0.378981 0.013333 0.041401
0 0.345000 0.420382 0.036667 0.073248
0 0.730000 0.531847 0.053333 0.111465
0 0.033333 0.592357 0.063333 0.146497
0 0.473333 0.388535 0.025000 0.044586
0 0.071667 0.394904 0.038333 0.073248
0 0.588333 0.385350 0.018333 0.047771
0 0.685000 0.398089 0.023333 0.047771
0 0.746667 0.439490 0.031667 0.070064
0 0.865000 0.340764 0.050000 0.101911
0 0.513333 0.398089 0.021667 0.041401
0 0.643333 0.401274 0.026667 0.054140
