0 0.643333 0.619632 0.041667 0.059305
0 0.428333 0.619632 0.040000 0.049080
0 0.221667 0.484663 0.036667 0.047035
0 0.716667 0.539877 0.043333 0.057260
0 0.821667 0.552147 0.040000 0.053170
0 0.403333 0.494888 0.033333 0.049080
0 0.541667 0.623722 0.046667 0.063395
0 0.201667 0.541922 0.035000 0.049080
0 0.798333 0.513292 0.036667 0.051125
0 0.735000 0.629857 0.040000 0.059305
0 0.303333 0.519427 0.035000 0.044990
0 0.136667 0.521472 0.043333 0.063395
0 0.755000 0.505112 0.035000 0.051125
0 0.906667 0.521472 0.036667 0.044990
0 0.330000 0.629857 0.040000 0.047035
0 0.933333 0.535787 0.040000 0.051125
0 0.091667 0.521472 0.036667 0.051125
0 0.055000 0.543967 0.043333 0.057260
0 0.456667 0.509202 0.040000 0.051125
0 0.535000 0.541922 0.035000 0.053170
0 0.481667 0.537832 0.033333 0.049080
0 0.185000 0.492843 0.033333 0.040900
0 0.851667 0.517382 0.038333 0.049080
0 0.656667 0.531697 0.035000 0.047035
0 0.883333 0.560327 0.040000 0.049080
0 0.413333 0.546012 0.030000 0.049080
0 0.893333 0.635992 0.043333 0.063395
0 0.560000 0.490798 0.033333 0.051125
0 0.365000 0.525562 0.036667 0.063395
0 0.216667 0.613497 0.043333 0.055215
0 0.595000 0.543967 0.036667 0.051125
0 0.616667 0.468303 0.036667 0.051125
0 0.168333 0.521472 0.033333 0.049080
0 0.676667 0.509202 0.035000 0.053170
