0 0.478901 0.183246 0.017664 0.036649
0 0.909715 0.144852 0.017664 0.031414
0 0.510304 0.123909 0.012758 0.022688
0 0.375859 0.181501 0.017664 0.038394
0 0.802748 0.408377 0.035329 0.078534
0 0.662414 0.218150 0.026497 0.047120
0 0.899902 0.375218 0.044161 0.089005
0 0.847890 0.127400 0.013739 0.029668
0 0.256133 0.272251 0.022571 0.038394
0 0.908734 0.317627 0.032385 0.073298
0 0.431796 0.230366 0.019627 0.043630
0 0.833170 0.137871 0.017664 0.036649
0 0.835132 0.305410 0.036310 0.068063
0 0.922473 0.282723 0.028459 0.061082
0 0.453386 0.150087 0.015702 0.027923
0 0.559372 0.260035 0.023553 0.052356
0 0.501472 0.183246 0.018646 0.040140
0 0.656526 0.048866 0.012758 0.024433
0 0.585868 0.141361 0.015702 0.033159
0 0.735034 0.184991 0.023553 0.050611
0 0.936212 0.155323 0.015702 0.041885
0 0.404318 0.172775 0.014720 0.026178
0 0.695780 0.190227 0.022571 0.043630
0 0.612365 0.263525 0.025515 0.054101
0 0.698724 0.059337 0.018646 0.036649
0 0.834151 0.204188 0.021590 0.055846
0 0.814524 0.237347 0.023553 0.048866
0 0.617272 0.146597 0.018646 0.031414
0 0.879293 0.212914 0.018646 0.048866
0 0.578018 0.172775 0.023553 0.040140
0 0.442591 0.200698 0.018646 0.033159
0 0.398430 0.223386 0.016683 0.038394
0 0.801766 0.134380 0.015702 0.034904
0 0.650638 0.111693 0.013739 0.026178
0 0.786065 0.193717 0.022571 0.052356
0 0.875368 0.129145 0.015702 0.033159
0 0.870461 0.251309 0.022571 0.057592
0 0.172718 0.492147 0.048086 0.087260
0 0.681060 0.319372 0.037291 0.068063
0 0.747792 0.233857 0.021590 0.050611
0 0.924436 0.219895 0.024534 0.054101
0 0.536801 0.123909 0.015702 0.024433
0 0.389598 0.263525 0.022571 0.038394
0 0.490677 0.315881 0.036310 0.061082
0 0.542689 0.322862 0.027478 0.054101
0 0.476938 0.146597 0.014720 0.033159
0 0.719333 0.272251 0.028459 0.068063
0 0.566241 0.068063 0.015702 0.036649
0 0.780177 0.287958 0.026497 0.048866
