0 0.736041 0.382653 0.062606 0.094388
0 0.866328 0.647959 0.091371 0.163265
0 0.441624 0.647959 0.082910 0.150510
0 0.952623 0.579082 0.067682 0.112245
0 0.033841 0.619898 0.060914 0.142857
0 0.101523 0.635204 0.093063 0.107143
0 0.780034 0.520408 0.043993 0.076531
0 0.181049 0.517857 0.028765 0.048469
0 0.355330 0.683673 0.109983 0.178571
0 0.519459 0.558673 0.071066 0.091837
0 0.094755 0.500000 0.047377 0.068878
0 0.236887 0.413265 0.060914 0.107143
0 0.971235 0.617347 0.054146 0.127551
0 0.109983 0.538265 0.049069 0.073980
0 0.304569 0.535714 0.032149 0.045918
0 0.148900 0.517857 0.033841 0.068878
0 0.742809 0.576531 0.076142 0.107143
0 0.346870 0.558673 0.057530 0.089286
