0 0.734435 0.235556 0.024142 0.037778
0 0.218551 0.257778 0.017789 0.033333
0 0.534943 0.160000 0.019060 0.035556
0 0.972046 0.320000 0.013977 0.044444
0 0.590851 0.157778 0.019060 0.033333
0 0.825921 0.206667 0.016518 0.028889
0 0.406607 0.175556 0.017789 0.033333
0 0.440915 0.184444 0.020330 0.037778
0 0.930114 0.244444 0.013977 0.031111
0 0.606099 0.126667 0.016518 0.031111
0 0.949174 0.413333 0.019060 0.053333
0 0.367217 0.193333 0.015248 0.035556
0 0.817027 0.264444 0.020330 0.044444
0 0.124524 0.477778 0.050826 0.091111
0 0.973316 0.273333 0.011436 0.028889
0 0.337992 0.226667 0.025413 0.044444
0 0.614994 0.322222 0.022872 0.046667
0 0.922490 0.297778 0.016518 0.044444
0 0.867853 0.420000 0.025413 0.068889
0 0.625159 0.255556 0.024142 0.044444
0 0.639136 0.126667 0.013977 0.028889
0 0.753494 0.180000 0.016518 0.033333
0 0.674714 0.342222 0.022872 0.053333
0 0.794155 0.242222 0.016518 0.035556
0 0.468869 0.157778 0.017789 0.022222
0 0.701398 0.197778 0.019060 0.035556
0 0.862770 0.297778 0.019060 0.037778
0 0.979670 0.228889 0.010165 0.033333
0 0.587039 0.133333 0.015248 0.026667
0 0.946633 0.224444 0.015248 0.035556
0 0.567980 0.155556 0.016518 0.028889
0 0.733164 0.346667 0.029225 0.062222
0 0.484117 0.222222 0.022872 0.040000
0 0.902160 0.208889 0.015248 0.035556
0 0.716645 0.153333 0.015248 0.033333
0 0.565438 0.135556 0.016518 0.031111
0 0.387548 0.231111 0.017789 0.042222
0 0.506989 0.188889 0.020330 0.040000
0 0.888183 0.257778 0.016518 0.042222
0 0.247776 0.251111 0.021601 0.035556
0 0.785260 0.217778 0.015248 0.031111
0 0.663278 0.137778 0.013977 0.031111
0 0.973316 0.293333 0.012706 0.037778
0 0.614994 0.148889 0.016518 0.033333
0 0.748412 0.208889 0.016518 0.037778
0 0.675985 0.128889 0.013977 0.031111
0 0.583227 0.297778 0.024142 0.048889
0 0.447268 0.157778 0.013977 0.028889
0 0.888183 0.351111 0.020330 0.057778
0 0.452351 0.275556 0.022872 0.044444
0 0.611182 0.177778 0.016518 0.028889
0 0.665820 0.168889 0.013977 0.026667
0 0.679797 0.206667 0.019060 0.037778
0 0.844981 0.197778 0.017789 0.028889
0 0.944091 0.331111 0.019060 0.060000
0 0.776366 0.175556 0.017789 0.033333
0 0.875476 0.280000 0.017789 0.037778
0 0.879288 0.206667 0.015248 0.028889
0 0.287166 0.220000 0.016518 0.031111
0 0.379924 0.182222 0.019060 0.026667
0 0.407878 0.217778 0.015248 0.031111
0 0.796696 0.380000 0.031766 0.066667
0 0.504447 0.148889 0.019060 0.037778
0 0.899619 0.235556 0.012706 0.033333
0 0.695044 0.133333 0.012706 0.022222
0 0.695044 0.162222 0.017789 0.026667
0 0.801779 0.204444 0.015248 0.031111
0 0.811944 0.177778 0.016518 0.035556
0 0.325286 0.195556 0.021601 0.028889
0 0.754765 0.257778 0.020330 0.042222
0 0.630241 0.186667 0.015248 0.035556
