0 0.579657 0.462929 0.046569 0.040748
0 0.767974 0.691789 0.148284 0.112439
0 0.876225 0.508578 0.070670 0.064338
0 0.630719 0.445159 0.050654 0.037684
0 0.527778 0.436581 0.062500 0.053309
0 0.099673 0.452206 0.080065 0.086703
0 0.438725 0.464767 0.053105 0.052083
0 0.200980 0.434436 0.046160 0.030637
0 0.581699 0.389706 0.034314 0.030637
0 0.336601 0.382966 0.031046 0.027574
0 0.959967 0.601103 0.080065 0.082414
0 0.699346 0.502757 0.073529 0.063419
0 0.369690 0.445159 0.051879 0.049939
0 0.405229 0.396752 0.035539 0.028799
0 0.028595 0.443627 0.055964 0.057292
0 0.944036 0.454963 0.028595 0.032475
0 0.299020 0.423713 0.046160 0.033701
0 0.898693 0.443627 0.047794 0.046875
0 0.836193 0.493566 0.050245 0.045037
0 0.439134 0.602022 0.109069 0.102328
0 0.486111 0.391544 0.039624 0.032782
0 0.803513 0.541054 0.096814 0.086703
0 0.799428 0.408395 0.047794 0.035846
