0 0.594086 0.480000 0.100806 0.310000
0 0.696237 0.360000 0.055108 0.133333
0 0.817204 0.460000 0.081989 0.306667
0 0.947581 0.610000 0.098118 0.350000
0 0.970430 0.383333 0.059140 0.170000
0 0.951613 0.216667 0.051075 0.133333
0 0.876344 0.573333 0.087366 0.296667
0 0.873656 0.193333 0.051075 0.146667
0 0.658602 0.426667 0.052419 0.120000
0 0.853495 0.323333 0.052419 0.130000
0 0.708333 0.486667 0.061828 0.253333
0 0.903226 0.383333 0.064516 0.190000
0 0.766129 0.466667 0.064516 0.293333
0 0.670699 0.670000 0.116935 0.356667
