0 0.870307 0.331818 0.040956 0.063636
0 0.399317 0.327273 0.044369 0.068182
0 0.412969 0.377273 0.061433 0.086364
0 0.511945 0.327273 0.040956 0.054545
0 0.733788 0.450000 0.078498 0.127273
0 0.621160 0.350000 0.040956 0.081818
0 0.095563 0.345455 0.044369 0.050000
0 0.044369 0.368182 0.044369 0.072727
0 0.757679 0.304545 0.044369 0.059091
0 0.662116 0.390909 0.061433 0.090909
0 0.959044 0.404545 0.081911 0.127273
0 0.119454 0.409091 0.071672 0.113636
0 0.682594 0.336364 0.044369 0.072727
0 0.822526 0.327273 0.044369 0.068182
0 0.078498 0.395455 0.061433 0.095455
0 0.170648 0.554545 0.122867 0.168182
0 0.535836 0.418182 0.071672 0.122727
0 0.825939 0.390909 0.061433 0.095455
0 0.457338 0.345455 0.044369 0.068182
0 0.573379 0.354545 0.051195 0.086364
0 0.948805 0.322727 0.044369 0.063636
0 0.600683 0.318182 0.040956 0.054545
0 0.733788 0.359091 0.047782 0.072727
