0 0.438750 0.488333 0.061250 0.091667
0 0.481250 0.485000 0.056250 0.088333
0 0.265000 0.535000 0.086250 0.091667
0 0.801250 0.646667 0.110000 0.196667
0 0.933750 0.680000 0.126250 0.180000
0 0.468750 0.453333 0.050000 0.060000
0 0.191250 0.703333 0.126250 0.205000
0 0.518750 0.476667 0.040000 0.075000
0 0.575000 0.465000 0.066250 0.096667
0 0.060000 0.456667 0.053750 0.088333
0 0.826250 0.548333 0.075000 0.091667
0 0.076250 0.421667 0.047500 0.078333
0 0.126250 0.568333 0.097500 0.121667
0 0.456250 0.243333 0.028750 0.045000
0 0.752500 0.508333 0.057500 0.091667
0 0.532500 0.631667 0.120000 0.178333
0 0.627500 0.458333 0.055000 0.085000
0 0.706250 0.540000 0.077500 0.111667
0 0.681250 0.441667 0.043750 0.071667
0 0.370000 0.556667 0.095000 0.128333
0 0.217500 0.438333 0.057500 0.080000
0 0.792500 0.455000 0.062500 0.085000
0 0.308750 0.881667 0.207500 0.223333
0 0.263750 0.455000 0.041250 0.065000
0 0.616250 0.408333 0.050000 0.053333
0 0.665000 0.713333 0.147500 0.231667
0 0.345000 0.473333 0.052500 0.080000
0 0.885000 0.500000 0.065000 0.098333
