0 0.601923 0.776923 0.140385 0.164103
0 0.048077 0.415385 0.048077 0.066667
0 0.473077 0.320513 0.025000 0.035897
0 0.925000 0.379487 0.030769 0.038462
0 0.434615 0.428205 0.040385 0.058974
0 0.659615 0.389744 0.028846 0.041026
0 0.630769 0.458974 0.051923 0.069231
0 0.598077 0.374359 0.028846 0.038462
0 0.828846 0.397436 0.028846 0.030769
0 0.561538 0.425641 0.042308 0.066667
0 0.696154 0.358974 0.023077 0.035897
0 0.542308 0.551282 0.071154 0.082051
0 0.486538 0.464103 0.053846 0.076923
0 0.696154 0.402564 0.036538 0.041026
0 0.169231 0.441026 0.057692 0.076923
0 0.523077 0.358974 0.034615 0.046154
0 0.823077 0.482051 0.040385 0.056410
0 0.767308 0.546154 0.067308 0.089744
0 0.775000 0.384615 0.030769 0.030769
0 0.873077 0.371795 0.032692 0.046154
0 0.092308 0.535897 0.094231 0.120513
0 0.361538 0.369231 0.025000 0.035897
0 0.442308 0.307692 0.017308 0.030769
0 0.730769 0.358974 0.025000 0.025641
0 0.376923 0.405128 0.028846 0.033333
0 0.123077 0.423077 0.042308 0.061538
0 0.936538 0.523077 0.090385 0.130769
0 0.636538 0.343590 0.028846 0.033333
