0 0.166667 0.482222 0.055000 0.095556
0 0.108333 0.582222 0.085000 0.146667
0 0.915000 0.475556 0.055000 0.086667
0 0.746667 0.528889 0.061667 0.115556
0 0.611667 0.537778 0.085000 0.126667
0 0.673333 0.488889 0.055000 0.095556
0 0.546667 0.397778 0.026667 0.044444
0 0.428333 0.522222 0.055000 0.093333
0 0.650000 0.417778 0.033333 0.060000
0 0.208333 0.442222 0.046667 0.066667
0 0.366667 0.404444 0.031667 0.055556
0 0.773333 0.417778 0.040000 0.077778
0 0.935000 0.451111 0.043333 0.082222
0 0.491667 0.620000 0.111667 0.155556
0 0.560000 0.428889 0.036667 0.044444
0 0.843333 0.484444 0.071667 0.104444
0 0.248333 0.668889 0.140000 0.202222
