0 0.632877 0.468468 0.053425 0.132132
0 0.265753 0.360360 0.031507 0.078078
0 0.171233 0.429429 0.043836 0.108108
0 0.567123 0.249249 0.030137 0.072072
0 0.683562 0.414414 0.042466 0.099099
0 0.050685 0.333333 0.036986 0.075075
0 0.489041 0.369369 0.046575 0.093093
0 0.376712 0.369369 0.036986 0.087087
0 0.108219 0.705706 0.061644 0.147147
0 0.871233 0.657658 0.061644 0.135135
0 0.310959 0.786787 0.080822 0.150150
0 0.802740 0.423423 0.047945 0.084084
0 0.913699 0.864865 0.080822 0.165165
0 0.675342 0.339339 0.032877 0.075075
0 0.786301 0.351351 0.038356 0.093093
0 0.176712 0.264264 0.032877 0.072072
0 0.434247 0.588589 0.046575 0.126126
0 0.306849 0.279279 0.030137 0.081081
0 0.435616 0.318318 0.035616 0.081081
0 0.568493 0.798799 0.067123 0.162162
0 0.119178 0.114114 0.034247 0.075075
0 0.590411 0.639640 0.058904 0.126126
0 0.342466 0.441441 0.043836 0.102102
0 0.508219 0.474474 0.043836 0.096096
0 0.043836 0.405405 0.042466 0.090090
0 0.943836 0.360360 0.036986 0.078078
0 0.698630 0.285285 0.031507 0.081081
0 0.230137 0.555556 0.053425 0.114114
0 0.482192 0.243243 0.039726 0.069069
0 0.976712 0.456456 0.041096 0.105105
0 0.063014 0.543544 0.050685 0.123123
0 0.117808 0.327327 0.034247 0.066066
