0 0.681667 0.465054 0.053333 0.094086
0 0.431667 0.483871 0.045000 0.069892
0 0.361667 0.629032 0.098333 0.174731
0 0.225000 0.502688 0.055000 0.069892
0 0.746667 0.314516 0.030000 0.056452
0 0.266667 0.473118 0.041667 0.059140
0 0.023333 0.540323 0.045000 0.112903
0 0.555000 0.473118 0.056667 0.102151
0 0.816667 0.739247 0.151667 0.241935
0 0.278333 0.427419 0.028333 0.056452
0 0.568333 0.580645 0.063333 0.123656
0 0.095000 0.548387 0.061667 0.102151
0 0.765000 0.516129 0.071667 0.129032
0 0.880000 0.524194 0.080000 0.120968
0 0.965000 0.481183 0.066667 0.107527
0 0.336667 0.465054 0.041667 0.061828
0 0.055000 0.518817 0.045000 0.064516
0 0.221667 0.459677 0.036667 0.053763
