0 0.591970 0.147841 0.015873 0.033223
0 0.796452 0.146179 0.012138 0.026578
0 0.779645 0.290698 0.028011 0.061462
0 0.638655 0.197674 0.019608 0.036545
0 0.625584 0.099668 0.013072 0.028239
0 0.483660 0.132890 0.012138 0.026578
0 0.894491 0.210963 0.017740 0.041528
0 0.591970 0.119601 0.014939 0.026578
0 0.677871 0.337209 0.030812 0.061462
0 0.548086 0.132890 0.011204 0.023256
0 0.537815 0.200997 0.020542 0.029900
0 0.866480 0.229236 0.017740 0.033223
0 0.732026 0.132890 0.016807 0.036545
0 0.601307 0.222591 0.022409 0.049834
0 0.706816 0.179402 0.021475 0.039867
0 0.537815 0.320598 0.029879 0.061462
0 0.921569 0.177741 0.012138 0.026578
0 0.713352 0.294020 0.025210 0.056478
0 0.427638 0.274086 0.021475 0.044850
0 0.743231 0.192691 0.022409 0.048173
0 0.624650 0.117940 0.012138 0.028239
0 0.452848 0.137874 0.011204 0.021595
0 0.725490 0.171096 0.015873 0.039867
0 0.483660 0.300664 0.028945 0.051495
0 0.582633 0.365449 0.033613 0.063123
0 0.302521 0.255814 0.020542 0.038206
0 0.656396 0.210963 0.023343 0.046512
0 0.802054 0.182724 0.017740 0.038206
0 0.771242 0.126246 0.014006 0.023256
0 0.924370 0.207641 0.017740 0.033223
0 0.881419 0.171096 0.019608 0.033223
0 0.507003 0.189369 0.018674 0.031561
0 0.411765 0.171096 0.013072 0.034884
0 0.651727 0.117940 0.014939 0.031561
0 0.428571 0.242525 0.017740 0.036545
0 0.468721 0.154485 0.012138 0.024917
0 0.897292 0.162791 0.016807 0.034884
0 0.586368 0.098007 0.014006 0.026578
0 0.520075 0.161130 0.016807 0.029900
0 0.345472 0.270764 0.020542 0.046512
0 0.923436 0.152824 0.012138 0.021595
0 0.466853 0.196013 0.015873 0.033223
0 0.679739 0.152824 0.018674 0.046512
0 0.818861 0.254153 0.025210 0.049834
0 0.377218 0.210963 0.017740 0.038206
0 0.283847 0.269103 0.019608 0.033223
0 0.685341 0.107973 0.016807 0.033223
0 0.310924 0.230897 0.016807 0.028239
0 0.559290 0.164452 0.019608 0.036545
0 0.536881 0.159468 0.019608 0.034884
0 0.256769 0.282392 0.019608 0.034884
0 0.709617 0.146179 0.018674 0.033223
0 0.333333 0.225914 0.016807 0.033223
0 0.869281 0.202658 0.017740 0.041528
0 0.890756 0.129568 0.014006 0.031561
0 0.747899 0.219269 0.021475 0.039867
0 0.859010 0.157807 0.014939 0.034884
0 0.430439 0.192691 0.017740 0.029900
0 0.309991 0.297342 0.027077 0.041528
0 0.563025 0.240864 0.023343 0.046512
0 0.774043 0.161130 0.021475 0.034884
0 0.559290 0.112957 0.016807 0.023256
0 0.929038 0.275748 0.022409 0.044850
0 0.251167 0.365449 0.036415 0.073090
0 0.361345 0.224252 0.018674 0.039867
0 0.824463 0.142857 0.015873 0.033223
0 0.403361 0.229236 0.019608 0.043189
0 0.462185 0.235880 0.020542 0.046512
0 0.845938 0.197674 0.014939 0.038206
0 0.660131 0.260797 0.022409 0.046512
0 0.608777 0.139535 0.018674 0.033223
0 0.805789 0.132890 0.011204 0.029900
0 0.834734 0.167774 0.014939 0.036545
0 0.477124 0.164452 0.011204 0.026578
0 0.523810 0.134551 0.014939 0.029900
