0 0.440000 0.476331 0.028889 0.050296
0 0.260000 0.449704 0.046667 0.059172
0 0.435556 0.437870 0.028889 0.038462
0 0.528889 0.428994 0.031111 0.041420
0 0.546667 0.428994 0.028889 0.050296
0 0.120000 0.579882 0.071111 0.097633
0 0.157778 0.464497 0.037778 0.056213
0 0.311111 0.488166 0.044444 0.076923
0 0.648889 0.316568 0.026667 0.044379
0 0.828889 0.431953 0.040000 0.062130
0 0.388889 0.437870 0.024444 0.032544
0 0.220000 0.426036 0.028889 0.044379
0 0.737778 0.541420 0.077778 0.115385
0 0.340000 0.423077 0.020000 0.029586
0 0.655556 0.704142 0.131111 0.204142
0 0.808889 0.485207 0.048889 0.068047
0 0.291111 0.417160 0.035556 0.044379
0 0.928889 0.446746 0.048889 0.068047
0 0.604444 0.434911 0.037778 0.053254
0 0.200000 0.485207 0.040000 0.044379
0 0.104444 0.479290 0.042222 0.065089
0 0.028889 0.476331 0.037778 0.053254
0 0.664444 0.431953 0.033333 0.041420
