0 0.277858 0.585683 0.020260 0.036876
0 0.568741 0.611714 0.026049 0.049892
0 0.813314 0.633406 0.047757 0.065076
0 0.393632 0.613883 0.039074 0.062907
0 0.017366 0.652928 0.033285 0.084599
0 0.065123 0.594360 0.026049 0.043384
0 0.947902 0.635575 0.039074 0.065076
0 0.266281 0.587852 0.017366 0.036876
0 0.470333 0.707158 0.075253 0.156182
0 0.329957 0.583514 0.015919 0.026030
0 0.428365 0.581345 0.021708 0.032538
0 0.040521 0.590022 0.026049 0.049892
0 0.662808 0.598698 0.023155 0.036876
0 0.751085 0.626898 0.030391 0.045553
0 0.680174 0.605206 0.024602 0.049892
0 0.534009 0.607375 0.021708 0.036876
0 0.160637 0.574837 0.018813 0.028200
0 0.920405 0.524946 0.024602 0.036876
0 0.635311 0.598698 0.027496 0.047722
0 0.755427 0.689805 0.070912 0.099783
0 0.435601 0.626898 0.037627 0.058568
0 0.182344 0.635575 0.043415 0.065076
0 0.360347 0.585683 0.018813 0.028200
0 0.405210 0.559653 0.014472 0.023861
0 0.454414 0.594360 0.018813 0.030369
0 0.311143 0.583514 0.028944 0.036876
0 0.250362 0.631236 0.049204 0.082430
0 0.713459 0.657267 0.041968 0.067245
0 0.515195 0.642082 0.047757 0.084599
0 0.136035 0.585683 0.023155 0.041215
0 0.196816 0.603037 0.026049 0.043384
0 0.311143 0.668113 0.052098 0.091106
0 0.483357 0.590022 0.017366 0.026030
