0 0.608453 0.098611 0.015152 0.023611
0 0.708134 0.272222 0.024721 0.059722
0 0.744019 0.187500 0.019139 0.037500
0 0.582935 0.116667 0.012759 0.023611
0 0.515152 0.163889 0.018341 0.023611
0 0.566986 0.147222 0.015949 0.029167
0 0.864434 0.151389 0.018341 0.034722
0 0.663477 0.222222 0.023923 0.045833
0 0.618820 0.119444 0.013557 0.025000
0 0.853270 0.191667 0.016746 0.041667
0 0.492823 0.204167 0.017544 0.036111
0 0.498405 0.127778 0.013557 0.025000
0 0.784689 0.151389 0.017544 0.037500
0 0.614833 0.233333 0.024721 0.054167
0 0.752791 0.231944 0.021531 0.041667
0 0.468102 0.154167 0.015949 0.029167
0 0.882775 0.225000 0.018341 0.044444
0 0.810207 0.176389 0.017544 0.040278
0 0.307815 0.227778 0.017544 0.031944
0 0.745614 0.375000 0.033493 0.072222
0 0.400319 0.173611 0.015949 0.029167
0 0.411483 0.236111 0.020734 0.038889
0 0.830941 0.212500 0.018341 0.041667
0 0.881180 0.195833 0.019936 0.041667
0 0.383573 0.276389 0.023923 0.040278
0 0.508772 0.293056 0.028708 0.048611
0 0.567783 0.236111 0.020734 0.045833
0 0.539075 0.305556 0.031100 0.062500
0 0.602073 0.213889 0.019139 0.040278
0 0.513557 0.144444 0.015152 0.025000
0 0.907496 0.259722 0.024721 0.054167
0 0.194577 0.408333 0.049442 0.083333
0 0.565391 0.179167 0.016746 0.031944
0 0.779107 0.272222 0.027113 0.062500
0 0.528708 0.205556 0.019139 0.031944
0 0.435407 0.238889 0.019936 0.036111
0 0.527911 0.179167 0.018341 0.029167
0 0.418660 0.186111 0.013557 0.031944
0 0.582935 0.148611 0.014354 0.033333
0 0.325359 0.262500 0.019936 0.033333
0 0.782297 0.201389 0.022329 0.044444
0 0.345295 0.266667 0.016746 0.038889
0 0.673046 0.113889 0.014354 0.031944
0 0.473684 0.226389 0.020734 0.041667
0 0.280702 0.259722 0.017544 0.036111
0 0.821372 0.255556 0.020734 0.045833
0 0.833333 0.144444 0.016746 0.036111
0 0.722488 0.158333 0.019139 0.037500
0 0.655502 0.265278 0.028708 0.056944
0 0.862041 0.247222 0.019936 0.054167
0 0.612440 0.148611 0.018341 0.033333
0 0.673844 0.304167 0.028708 0.065278
0 0.807815 0.125000 0.015949 0.033333
0 0.259171 0.265278 0.016746 0.034722
0 0.437799 0.173611 0.014354 0.034722
0 0.394737 0.193056 0.022329 0.029167
0 0.459330 0.166667 0.012759 0.029167
0 0.686603 0.165278 0.017544 0.036111
0 0.304625 0.263889 0.018341 0.036111
0 0.753589 0.133333 0.015949 0.037500
0 0.653907 0.175000 0.019936 0.041667
0 0.714514 0.223611 0.019936 0.038889
0 0.644338 0.116667 0.011962 0.030556
