0 0.557108 0.271331 0.023007 0.054608
0 0.295809 0.172355 0.015612 0.037543
0 0.635990 0.090444 0.014790 0.027304
0 0.487264 0.197952 0.018077 0.039249
0 0.175021 0.233788 0.015612 0.040956
0 0.400986 0.069966 0.011504 0.030717
0 0.945768 0.332765 0.016434 0.051195
0 0.456861 0.257679 0.023007 0.044369
0 0.214462 0.313993 0.022186 0.052901
0 0.433854 0.141638 0.016434 0.035836
0 0.240756 0.240614 0.022186 0.056314
0 0.605588 0.100683 0.013147 0.030717
0 0.870994 0.242321 0.016434 0.040956
0 0.081348 0.452218 0.028759 0.068259
0 0.371405 0.063140 0.011504 0.030717
0 0.441249 0.063140 0.012325 0.025597
0 0.518488 0.081911 0.009860 0.023891
0 0.668858 0.129693 0.015612 0.042662
0 0.387839 0.148464 0.015612 0.032423
0 0.698439 0.322526 0.020542 0.052901
0 0.789647 0.179181 0.013147 0.040956
0 0.213640 0.448805 0.027938 0.054608
0 0.191454 0.172355 0.014790 0.037543
0 0.058340 0.377133 0.024651 0.061433
0 0.493837 0.100683 0.013147 0.029010
0 0.057518 0.206485 0.021364 0.037543
0 0.159408 0.124573 0.013969 0.037543
0 0.115859 0.187713 0.017256 0.035836
0 0.475760 0.143345 0.015612 0.030717
0 0.549712 0.441980 0.027116 0.075085
0 0.554643 0.059727 0.013969 0.032423
0 0.826623 0.201365 0.017256 0.046075
0 0.364010 0.197952 0.019721 0.039249
0 0.317173 0.206485 0.017256 0.032423
0 0.262120 0.098976 0.015612 0.032423
0 0.891537 0.274744 0.015612 0.046075
0 0.623665 0.208191 0.018077 0.040956
0 0.585045 0.076792 0.012325 0.030717
0 0.472473 0.105802 0.014790 0.030717
0 0.298274 0.136519 0.018077 0.037543
0 0.720624 0.184300 0.014790 0.039249
0 0.585045 0.172355 0.018077 0.044369
0 0.136401 0.569966 0.033689 0.073379
0 0.794577 0.334471 0.027938 0.063140
0 0.724733 0.240614 0.017256 0.056314
