0 0.688333 0.545000 0.075000 0.102500
0 0.438333 0.502500 0.040000 0.077500
0 0.541667 0.535000 0.051667 0.090000
0 0.246667 0.572500 0.070000 0.137500
0 0.495000 0.537500 0.061667 0.077500
0 0.920000 0.712500 0.125000 0.240000
0 0.605000 0.530000 0.045000 0.085000
0 0.931667 0.570000 0.061667 0.115000
0 0.886667 0.567500 0.068333 0.107500
0 0.733333 0.635000 0.080000 0.150000
0 0.773333 0.532500 0.068333 0.090000
0 0.746667 0.347500 0.045000 0.072500
0 0.206667 0.605000 0.085000 0.142500
0 0.416667 0.850000 0.216667 0.262500
0 0.438333 0.642500 0.068333 0.112500
0 0.111667 0.525000 0.066667 0.095000
0 0.060000 0.765000 0.116667 0.225000
0 0.176667 0.492500 0.060000 0.100000
0 0.513333 0.672500 0.110000 0.197500
0 0.290000 0.540000 0.058333 0.110000
0 0.120000 0.642500 0.140000 0.205000
0 0.811667 0.627500 0.118333 0.197500
0 0.666667 0.625000 0.073333 0.127500
0 0.635000 0.547500 0.051667 0.077500
0 0.658333 0.505000 0.041667 0.060000
0 0.541667 0.485000 0.050000 0.070000
