0 0.743665 0.197615 0.018519 0.035775
0 0.915205 0.272572 0.020468 0.051107
0 0.509747 0.182283 0.017544 0.032368
0 0.750487 0.245315 0.023392 0.049404
0 0.372320 0.272572 0.022417 0.039182
0 0.514620 0.134583 0.012671 0.023850
0 0.875244 0.240204 0.022417 0.056218
0 0.846004 0.214651 0.015595 0.035775
0 0.453216 0.158433 0.016569 0.037479
0 0.789474 0.347530 0.045809 0.086882
0 0.198830 0.434412 0.053606 0.103918
0 0.711501 0.287905 0.033138 0.061329
0 0.601365 0.102215 0.016569 0.028961
0 0.615010 0.124361 0.011696 0.023850
0 0.685185 0.166951 0.019493 0.039182
0 0.788499 0.190801 0.021442 0.044293
0 0.647173 0.112436 0.012671 0.027257
0 0.505848 0.127768 0.015595 0.028961
0 0.650097 0.177172 0.021442 0.040886
0 0.553606 0.148211 0.018519 0.035775
0 0.665692 0.124361 0.015595 0.027257
0 0.530214 0.153322 0.014620 0.030664
0 0.528265 0.284497 0.026316 0.051107
0 0.894737 0.192504 0.013645 0.028961
0 0.801170 0.131175 0.018519 0.034072
0 0.465887 0.228279 0.022417 0.049404
0 0.862573 0.298126 0.027290 0.057922
0 0.783626 0.293015 0.027290 0.056218
0 0.827485 0.170358 0.016569 0.037479
0 0.748538 0.151618 0.016569 0.035775
0 0.582846 0.129472 0.014620 0.022147
0 0.671540 0.333901 0.035088 0.081772
0 0.838207 0.141397 0.013645 0.037479
0 0.421053 0.216354 0.018519 0.035775
0 0.333333 0.229983 0.019493 0.034072
0 0.426901 0.252129 0.020468 0.040886
0 0.284600 0.253833 0.020468 0.034072
0 0.609162 0.151618 0.013645 0.030664
0 0.473684 0.156729 0.016569 0.034072
0 0.633528 0.257240 0.025341 0.044293
0 0.886940 0.221465 0.014620 0.037479
0 0.324561 0.270869 0.020468 0.037479
0 0.379142 0.201022 0.022417 0.040886
0 0.717349 0.190801 0.019493 0.044293
0 0.711501 0.233390 0.028265 0.057922
0 0.627680 0.212947 0.022417 0.044293
0 0.596491 0.161840 0.017544 0.032368
0 0.661793 0.229983 0.021442 0.047700
0 0.884016 0.151618 0.017544 0.042589
0 0.733918 0.160136 0.017544 0.040886
0 0.407407 0.175468 0.014620 0.027257
0 0.576023 0.245315 0.026316 0.045997
0 0.405458 0.282794 0.024366 0.045997
0 0.766082 0.178876 0.019493 0.039182
0 0.481481 0.206133 0.017544 0.047700
0 0.828460 0.233390 0.023392 0.052811
0 0.257310 0.267462 0.018519 0.035775
0 0.312865 0.258944 0.020468 0.034072
0 0.627680 0.141397 0.014620 0.023850
0 0.853801 0.180579 0.016569 0.040886
0 0.790448 0.149915 0.017544 0.037479
0 0.425926 0.192504 0.017544 0.034072
0 0.770955 0.124361 0.016569 0.032368
0 0.546784 0.189097 0.019493 0.039182
0 0.655945 0.270869 0.025341 0.042589
0 0.559454 0.306644 0.031189 0.057922
0 0.809942 0.172061 0.018519 0.040886
