0 0.364000 0.204545 0.012000 0.025568
0 0.608000 0.318182 0.026000 0.051136
0 0.148000 0.178977 0.020000 0.028409
0 0.102000 0.201705 0.040000 0.045455
0 0.490000 0.252841 0.022000 0.034091
0 0.772000 0.403409 0.076000 0.096591
0 0.632000 0.295455 0.014000 0.031250
0 0.148000 0.241477 0.022000 0.028409
0 0.808000 0.247159 0.036000 0.059659
0 0.338000 0.213068 0.012000 0.025568
0 0.786000 0.480114 0.076000 0.093750
0 0.202000 0.363636 0.050000 0.088068
0 0.498000 0.215909 0.012000 0.031250
0 0.360000 0.238636 0.022000 0.031250
0 0.520000 0.247159 0.014000 0.022727
0 0.378000 0.193182 0.012000 0.022727
0 0.154000 0.230114 0.014000 0.022727
0 0.536000 0.315341 0.030000 0.056818
0 0.032000 0.244318 0.030000 0.036932
0 0.058000 0.366477 0.076000 0.107955
0 0.014000 0.269886 0.024000 0.048295
0 0.466000 0.312500 0.028000 0.056818
0 0.568000 0.227273 0.020000 0.031250
0 0.736000 0.553977 0.070000 0.093750
0 0.620000 0.235795 0.014000 0.025568
0 0.206000 0.261364 0.024000 0.034091
0 0.478000 0.224432 0.012000 0.025568
0 0.296000 0.235795 0.032000 0.051136
0 0.148000 0.198864 0.020000 0.019886
0 0.236000 0.244318 0.020000 0.034091
0 0.538000 0.232955 0.016000 0.025568
0 0.060000 0.190341 0.022000 0.025568
0 0.192000 0.201705 0.018000 0.028409
0 0.410000 0.321023 0.040000 0.062500
0 0.444000 0.201705 0.016000 0.022727
0 0.608000 0.281250 0.014000 0.019886
0 0.262000 0.187500 0.022000 0.031250
0 0.588000 0.232955 0.020000 0.025568
0 0.228000 0.213068 0.012000 0.019886
0 0.778000 0.227273 0.040000 0.085227
0 0.416000 0.210227 0.024000 0.039773
0 0.648000 0.238636 0.014000 0.025568
0 0.026000 0.193182 0.026000 0.042614
0 0.450000 0.235795 0.022000 0.036932
0 0.516000 0.303977 0.020000 0.039773
0 0.394000 0.198864 0.010000 0.022727
0 0.264000 0.247159 0.022000 0.022727
0 0.198000 0.295455 0.022000 0.042614
0 0.332000 0.329545 0.040000 0.079545
0 0.484000 0.312500 0.020000 0.042614
0 0.704000 0.221591 0.046000 0.079545
