0 0.723774 0.400538 0.021887 0.055108
0 0.883019 0.404570 0.026415 0.045699
0 0.703396 0.411290 0.024906 0.053763
0 0.677736 0.536290 0.055094 0.116935
0 0.692830 0.383065 0.021887 0.040323
0 0.855094 0.565860 0.064906 0.120968
0 0.485283 0.490591 0.055849 0.111559
0 0.835472 0.455645 0.036981 0.080645
0 0.823396 0.397849 0.018113 0.047043
0 0.935849 0.459677 0.030943 0.072581
0 0.664906 0.424731 0.030943 0.051075
0 0.615849 0.376344 0.018868 0.047043
0 0.400000 0.533602 0.058113 0.111559
0 0.307170 0.397849 0.026415 0.057796
0 0.181132 0.424731 0.033962 0.076613
0 0.803019 0.399194 0.022642 0.045699
0 0.664906 0.387097 0.024151 0.045699
0 0.741887 0.483871 0.030189 0.059140
0 0.367547 0.419355 0.029434 0.067204
0 0.573585 0.418011 0.028679 0.055108
0 0.752453 0.381720 0.023396 0.040323
0 0.583396 0.451613 0.033962 0.073925
0 0.433208 0.438172 0.031698 0.068548
0 0.772830 0.491935 0.040755 0.084677
0 0.239245 0.427419 0.038491 0.067204
0 0.515472 0.440860 0.038491 0.076613
0 0.819623 0.642473 0.070943 0.133065
0 0.858113 0.431452 0.036226 0.063172
0 0.903396 0.491935 0.036981 0.086022
0 0.317736 0.447581 0.043019 0.077957
0 0.622642 0.577957 0.070189 0.145161
0 0.560000 0.376344 0.024151 0.044355
0 0.390943 0.391129 0.024151 0.053763
0 0.628679 0.403226 0.029434 0.049731
