0 0.623243 0.244147 0.026242 0.053512
0 0.657919 0.172241 0.016870 0.036789
0 0.835989 0.192308 0.017807 0.038462
0 0.487348 0.128763 0.014058 0.031773
0 0.520150 0.284281 0.025305 0.050167
0 0.545455 0.299331 0.028116 0.055184
0 0.629803 0.128763 0.013121 0.026756
0 0.260544 0.239130 0.017807 0.035117
0 0.742268 0.137124 0.017807 0.033445
0 0.842549 0.135452 0.016870 0.033445
0 0.614808 0.140468 0.014995 0.033445
0 0.775070 0.224080 0.021556 0.046823
0 0.887535 0.157191 0.014058 0.036789
0 0.466729 0.142140 0.014995 0.028428
0 0.386129 0.180602 0.017807 0.035117
0 0.862231 0.145485 0.014995 0.036789
0 0.689784 0.142140 0.018744 0.040134
0 0.845361 0.287625 0.027179 0.060201
0 0.582006 0.160535 0.015933 0.033445
0 0.367385 0.242475 0.021556 0.040134
0 0.604499 0.122074 0.013121 0.025084
0 0.694470 0.183946 0.022493 0.043478
0 0.395501 0.265886 0.026242 0.048495
0 0.935333 0.254181 0.023430 0.061873
0 0.548266 0.153846 0.014058 0.035117
0 0.565136 0.112040 0.014995 0.026756
0 0.586692 0.118729 0.012184 0.028428
0 0.488285 0.188963 0.019681 0.035117
0 0.353327 0.204013 0.015933 0.033445
0 0.562324 0.143813 0.012184 0.026756
0 0.734770 0.117057 0.014995 0.030100
0 0.552952 0.244147 0.024367 0.056856
0 0.313964 0.214047 0.015933 0.030100
0 0.476101 0.152174 0.014995 0.023411
0 0.845361 0.165552 0.014995 0.031773
0 0.790066 0.140468 0.014058 0.030100
0 0.719775 0.163880 0.019681 0.038462
0 0.664480 0.127090 0.012184 0.023411
0 0.169634 0.484950 0.040300 0.070234
0 0.628866 0.301003 0.029991 0.051839
0 0.420806 0.178930 0.014995 0.033445
0 0.764761 0.153846 0.016870 0.038462
0 0.376757 0.178930 0.012184 0.038462
0 0.479850 0.224080 0.019681 0.035117
0 0.660731 0.204013 0.021556 0.038462
0 0.363636 0.212375 0.016870 0.031773
0 0.707591 0.212375 0.025305 0.040134
0 0.644799 0.107023 0.011246 0.033445
0 0.535145 0.182274 0.022493 0.038462
0 0.298969 0.249164 0.014995 0.033445
0 0.799438 0.155518 0.015933 0.035117
0 0.706654 0.145485 0.014995 0.035117
0 0.702905 0.270903 0.028116 0.053512
0 0.779756 0.178930 0.017807 0.040134
0 0.576382 0.140468 0.014058 0.030100
0 0.767573 0.262542 0.023430 0.053512
0 0.911903 0.232441 0.025305 0.041806
0 0.516401 0.158863 0.016870 0.035117
0 0.758201 0.122074 0.017807 0.035117
0 0.853796 0.232441 0.025305 0.051839
0 0.625117 0.197324 0.023430 0.043478
0 0.889410 0.205686 0.012184 0.036789
0 0.611996 0.108696 0.012184 0.023411
0 0.321462 0.239130 0.020619 0.036789
0 0.670103 0.242475 0.027179 0.053512
0 0.500469 0.148829 0.015933 0.036789
