0 0.244131 0.260563 0.030516 0.052817
0 0.131455 0.281690 0.025822 0.049296
0 0.417840 0.285211 0.023474 0.049296
0 0.988263 0.295775 0.021127 0.045775
0 0.457746 0.281690 0.021127 0.042254
0 0.070423 0.316901 0.075117 0.102113
0 0.596244 0.281690 0.023474 0.052817
0 0.537559 0.264085 0.021127 0.031690
0 0.927230 0.278169 0.032864 0.056338
0 0.607981 0.295775 0.021127 0.038732
0 0.830986 0.271127 0.028169 0.049296
0 0.840376 0.309859 0.039906 0.070423
0 0.748826 0.271127 0.133803 0.281690
0 0.523474 0.288732 0.037559 0.052817
0 0.021127 0.257042 0.039906 0.066901
0 0.654930 0.281690 0.025822 0.045775
0 0.361502 0.239437 0.115023 0.211268
