1 0.522333 0.463513 0.036333 0.061902
1 0.226667 0.383493 0.003667 0.007046
1 0.752000 0.455964 0.046000 0.078007
1 0.302333 0.457977 0.042000 0.063915
1 0.968333 0.591344 0.029333 0.054857
1 0.816667 0.485657 0.009000 0.017111
1 0.650000 0.469552 0.047667 0.087066
1 0.231333 0.386512 0.004000 0.006543
1 0.533667 0.339708 0.005000 0.009562
1 0.785000 0.488173 0.011667 0.028686
1 0.862000 0.488676 0.009667 0.015098
1 0.475000 0.378460 0.004667 0.009059
1 0.411333 0.456970 0.043333 0.058883
1 0.219667 0.381480 0.004667 0.006543
1 0.569000 0.482637 0.045000 0.084046
