0 0.082500 0.538240 0.089167 0.125541
0 0.228333 0.379509 0.030833 0.049062
0 0.697500 0.252525 0.055000 0.102453
0 0.125000 0.421356 0.038333 0.070707
0 0.429167 0.386724 0.024167 0.041847
0 0.925000 0.626263 0.131667 0.248196
0 0.278333 0.734488 0.170000 0.279942
0 0.365833 0.458874 0.056667 0.088023
0 0.038333 0.616162 0.070000 0.167388
0 0.503333 0.480519 0.074167 0.132756
0 0.238333 0.458874 0.068333 0.121212
0 0.615833 0.470418 0.070833 0.119769
0 0.131667 0.294372 0.024167 0.054834
0 0.548333 0.366522 0.020833 0.044733
0 0.469167 0.378066 0.020000 0.038961
0 0.542500 0.393939 0.020000 0.041847
0 0.896667 0.486291 0.099167 0.165945
0 0.082500 0.393939 0.035833 0.069264
0 0.510000 0.379509 0.020000 0.044733
