0 0.731944 0.631481 0.025000 0.044444
0 0.243056 0.766667 0.079167 0.118519
0 0.313889 0.512963 0.025000 0.046296
0 0.176389 0.646296 0.040278 0.050000
0 0.509722 0.777778 0.073611 0.103704
0 0.438889 0.690741 0.051389 0.074074
0 0.708333 0.531481 0.025000 0.038889
0 0.518056 0.683333 0.048611 0.072222
0 0.880556 0.531481 0.029167 0.038889
0 0.590278 0.857407 0.083333 0.111111
0 0.090278 0.648148 0.045833 0.068519
0 0.765278 0.622222 0.029167 0.050000
0 0.645833 0.531481 0.030556 0.042593
0 0.673611 0.618519 0.031944 0.055556
0 0.594444 0.529630 0.026389 0.038889
0 0.694444 0.811111 0.075000 0.100000
0 0.334722 0.805556 0.118056 0.135185
0 0.329167 0.916667 0.111111 0.166667
0 0.866667 0.883333 0.162500 0.229630
0 0.222222 0.668519 0.040278 0.057407
0 0.384722 0.511111 0.029167 0.050000
0 0.163889 0.518519 0.030556 0.050000
0 0.876389 0.653704 0.037500 0.057407
0 0.877778 0.624074 0.036111 0.040741
0 0.234722 0.607407 0.026389 0.038889
0 0.479167 0.648148 0.048611 0.064815
0 0.534722 0.535185 0.025000 0.046296
0 0.823611 0.557407 0.022222 0.042593
0 0.629167 0.696296 0.059722 0.100000
0 0.363889 0.650000 0.029167 0.048148
0 0.276389 0.711111 0.055556 0.077778
0 0.081944 0.746296 0.081944 0.114815
0 0.763889 0.540741 0.029167 0.042593
0 0.415278 0.616667 0.033333 0.055556
0 0.915278 0.672222 0.040278 0.053704
0 0.459722 0.512963 0.027778 0.044444
0 0.234722 0.544444 0.025000 0.042593
0 0.386111 0.679630 0.050000 0.064815
0 0.066667 0.683333 0.063889 0.077778
0 0.319444 0.642593 0.031944 0.038889
0 0.086111 0.540741 0.026389 0.038889
0 0.143056 0.622222 0.034722 0.053704
0 0.315278 0.616667 0.041667 0.059259
