0 0.875397 0.220506 0.014286 0.043539
0 0.561905 0.176966 0.016667 0.030899
0 0.730159 0.164326 0.017460 0.036517
0 0.524603 0.196629 0.019048 0.036517
0 0.800794 0.130618 0.011905 0.033708
0 0.469841 0.164326 0.015873 0.033708
0 0.651587 0.262640 0.023016 0.050562
0 0.419841 0.223315 0.016667 0.033708
0 0.524603 0.153090 0.014286 0.028090
0 0.406349 0.301966 0.022222 0.043539
0 0.550794 0.296348 0.024603 0.039326
0 0.700000 0.254213 0.023810 0.036517
0 0.587302 0.151685 0.014286 0.032303
0 0.757937 0.178371 0.015873 0.032303
0 0.438889 0.251404 0.023016 0.036517
0 0.826190 0.217697 0.015873 0.033708
0 0.866667 0.143258 0.011905 0.033708
0 0.765873 0.127809 0.011111 0.032303
0 0.843651 0.189607 0.011111 0.033708
0 0.561905 0.144663 0.013492 0.030899
0 0.814286 0.237360 0.019048 0.043539
0 0.774603 0.200843 0.014286 0.032303
0 0.350794 0.259831 0.017460 0.032303
0 0.399206 0.202247 0.016667 0.036517
0 0.830159 0.088483 0.015079 0.030899
0 0.929365 0.098315 0.010317 0.028090
0 0.661111 0.174157 0.015873 0.025281
0 0.341270 0.227528 0.016667 0.030899
0 0.753968 0.227528 0.016667 0.039326
0 0.584921 0.251404 0.023810 0.043539
0 0.864286 0.228933 0.015079 0.050562
0 0.804762 0.172753 0.012698 0.032303
0 0.798413 0.275281 0.026190 0.050562
0 0.665079 0.210674 0.016667 0.036517
0 0.313492 0.231742 0.014286 0.030899
0 0.897619 0.272472 0.030159 0.064607
0 0.588889 0.067416 0.014286 0.029494
0 0.482540 0.206461 0.019048 0.040730
