0 0.788298 0.400000 0.017021 0.027907
0 0.769149 0.396899 0.017021 0.027907
0 0.517021 0.294574 0.042553 0.079070
0 0.473404 0.274419 0.040426 0.080620
0 0.557447 0.314729 0.028723 0.057364
0 0.751064 0.392248 0.018085 0.035659
0 0.697872 0.381395 0.021277 0.037209
0 0.727660 0.387597 0.019149 0.031008
0 0.600000 0.330233 0.030851 0.065116
0 0.207447 0.232558 0.022340 0.040310
0 0.429787 0.271318 0.064894 0.097674
0 0.930851 0.254264 0.053191 0.068217
0 0.301064 0.231008 0.098936 0.127132
0 0.112766 0.100775 0.119149 0.172093
0 0.667021 0.339535 0.027660 0.054264
