0 0.509062 0.533254 0.044129 0.055819
0 0.672971 0.548694 0.048857 0.086698
0 0.578408 0.488124 0.024429 0.048694
0 0.764381 0.529691 0.033885 0.047506
0 0.289204 0.497625 0.031521 0.048694
0 0.226950 0.483373 0.030733 0.046318
0 0.172577 0.513064 0.040189 0.061758
0 0.503546 0.495249 0.027581 0.040380
0 0.852640 0.542755 0.035461 0.064133
0 0.597321 0.865796 0.125296 0.199525
0 0.334121 0.724466 0.095351 0.153207
0 0.162333 0.554632 0.056738 0.078385
0 0.821119 0.577197 0.046493 0.079572
0 0.576832 0.619952 0.070922 0.108076
0 0.130812 0.510689 0.038613 0.059382
0 0.418440 0.530879 0.044917 0.066508
0 0.867612 0.509501 0.033885 0.060570
0 0.434200 0.500000 0.031521 0.060570
0 0.338061 0.394299 0.036249 0.062945
0 0.320725 0.520190 0.040189 0.059382
0 0.714736 0.520190 0.041765 0.072447
0 0.024429 0.534442 0.040189 0.071259
0 0.364854 0.495249 0.028369 0.045131
0 0.758077 0.637767 0.073286 0.124703
