1 0.768333 0.403175 0.049167 0.136508
1 0.332500 0.384127 0.051667 0.134921
1 0.143333 0.387302 0.058333 0.139683
1 0.013333 0.266667 0.025000 0.141270
1 0.570833 0.325397 0.044167 0.117460
1 0.694167 0.339683 0.046667 0.107937
1 0.870833 0.387302 0.049167 0.131746
1 0.220000 0.403175 0.054167 0.133333
1 0.984167 0.369841 0.030833 0.136508
1 0.667500 0.380952 0.051667 0.128571
1 0.081667 0.388889 0.062500 0.134921
1 0.431667 0.320635 0.047500 0.120635
1 0.626667 0.479365 0.053333 0.119048
1 0.931667 0.346032 0.055000 0.128571
1 0.821667 0.347619 0.045833 0.112698
1 0.272500 0.342857 0.055000 0.117460
1 0.530833 0.377778 0.051667 0.128571
