0 0.676894 0.255776 0.023011 0.054455
0 0.765101 0.145215 0.017258 0.036304
0 0.269415 0.207921 0.026846 0.034653
0 0.494727 0.132013 0.022052 0.029703
0 0.716203 0.094059 0.019175 0.031353
0 0.635666 0.240924 0.020134 0.051155
0 0.894535 0.224422 0.022052 0.044554
0 0.498562 0.306931 0.031640 0.057756
0 0.646213 0.100660 0.017258 0.034653
0 0.441035 0.273927 0.024928 0.049505
0 0.465005 0.188119 0.022052 0.033003
0 0.794823 0.303630 0.022052 0.049505
0 0.541707 0.136964 0.018217 0.031353
0 0.357622 0.264026 0.021093 0.039604
0 0.767977 0.103960 0.012464 0.033003
0 0.521572 0.171617 0.017258 0.036304
0 0.820709 0.189769 0.022052 0.036304
0 0.411314 0.191419 0.017258 0.034653
0 0.455417 0.226073 0.018217 0.033003
0 0.206136 0.448845 0.046021 0.089109
0 0.465964 0.158416 0.015340 0.036304
0 0.869607 0.191419 0.013423 0.036304
0 0.676894 0.102310 0.012464 0.028053
0 0.440077 0.219472 0.024928 0.034653
0 0.572387 0.148515 0.017258 0.031353
0 0.533078 0.209571 0.020134 0.029703
0 0.716203 0.176568 0.021093 0.041254
0 0.746884 0.161716 0.018217 0.036304
0 0.594439 0.156766 0.017258 0.031353
0 0.496644 0.188119 0.022052 0.041254
0 0.830297 0.125413 0.016299 0.024752
0 0.244487 0.376238 0.036433 0.097360
0 0.580058 0.113861 0.017258 0.029703
0 0.728667 0.148515 0.023969 0.039604
0 0.737296 0.278878 0.026846 0.052805
0 0.706616 0.156766 0.018217 0.039604
0 0.339406 0.280528 0.021093 0.042904
0 0.483221 0.155116 0.021093 0.042904
