0 0.683750 0.526667 0.027500 0.031667
0 0.490000 0.533333 0.031250 0.038333
0 0.400000 0.530000 0.033750 0.045000
0 0.793750 0.586667 0.063750 0.098333
0 0.513750 0.565000 0.037500 0.051667
0 0.693750 0.576667 0.042500 0.068333
0 0.613750 0.603333 0.055000 0.076667
0 0.026250 0.550000 0.041250 0.048333
0 0.138750 0.531667 0.041250 0.051667
0 0.928750 0.553333 0.040000 0.050000
0 0.491250 0.626667 0.065000 0.071667
0 0.892500 0.530000 0.027500 0.036667
0 0.597500 0.655000 0.058750 0.090000
0 0.306250 0.536667 0.037500 0.056667
0 0.737500 0.725000 0.106250 0.131667
0 0.633750 0.538333 0.037500 0.060000
0 0.391250 0.581667 0.050000 0.068333
0 0.240000 0.723333 0.057500 0.105000
0 0.201250 0.610000 0.066250 0.091667
0 0.935000 0.616667 0.053750 0.060000
0 0.732500 0.615000 0.046250 0.076667
0 0.032500 0.593333 0.045000 0.061667
0 0.942500 0.521667 0.030000 0.043333
0 0.641250 0.436667 0.025000 0.035000
0 0.043750 0.668333 0.071250 0.106667
