0 0.652083 0.603125 0.041667 0.068750
0 0.895833 0.925000 0.154167 0.150000
0 0.406250 0.478125 0.031250 0.034375
0 0.797917 0.487500 0.020833 0.040625
0 0.293750 0.465625 0.035417 0.046875
0 0.781250 0.478125 0.018750 0.034375
0 0.279167 0.709375 0.112500 0.184375
0 0.089583 0.562500 0.037500 0.075000
0 0.614583 0.487500 0.020833 0.037500
0 0.600000 0.581250 0.037500 0.065625
0 0.770833 0.806250 0.087500 0.168750
0 0.652083 0.487500 0.027083 0.037500
0 0.125000 0.746875 0.137500 0.181250
0 0.981250 0.571875 0.037500 0.053125
0 0.879167 0.496875 0.029167 0.043750
0 0.714583 0.590625 0.037500 0.065625
0 0.043750 0.540625 0.031250 0.053125
0 0.677083 0.800000 0.127083 0.171875
0 0.629167 0.478125 0.022917 0.037500
0 0.431250 0.478125 0.018750 0.031250
0 0.495833 0.490625 0.031250 0.037500
0 0.902083 0.556250 0.033333 0.053125
0 0.114583 0.606250 0.052083 0.078125
0 0.745833 0.481250 0.018750 0.040625
0 0.170833 0.653125 0.075000 0.121875
0 0.293750 0.562500 0.045833 0.065625
0 0.189583 0.468750 0.031250 0.046875
0 0.227083 0.562500 0.041667 0.071875
0 0.881250 0.712500 0.081250 0.134375
0 0.927083 0.600000 0.043750 0.068750
0 0.847917 0.487500 0.025000 0.040625
0 0.879167 0.587500 0.043750 0.075000
0 0.458333 0.478125 0.025000 0.028125
0 0.020833 0.596875 0.039583 0.068750
0 0.587500 0.481250 0.025000 0.034375
0 0.222917 0.475000 0.031250 0.046875
0 0.829167 0.687500 0.047917 0.090625
0 0.866667 0.637500 0.054167 0.068750
0 0.512500 0.565625 0.039583 0.062500
0 0.202083 0.593750 0.058333 0.096875
0 0.712500 0.700000 0.072917 0.115625
0 0.033333 0.650000 0.064583 0.106250
0 0.550000 0.571875 0.037500 0.056250
0 0.345833 0.565625 0.041667 0.075000
0 0.693750 0.478125 0.025000 0.043750
0 0.325000 0.484375 0.027083 0.050000
0 0.518750 0.475000 0.027083 0.040625
0 0.760417 0.634375 0.062500 0.100000
0 0.722917 0.487500 0.025000 0.040625
0 0.497917 0.590625 0.043750 0.065625
0 0.697917 0.628125 0.047917 0.078125
0 0.906250 0.484375 0.027083 0.040625
0 0.564583 0.493750 0.022917 0.040625
0 0.612500 0.653125 0.083333 0.128125
0 0.429167 0.640625 0.079167 0.106250
