0 0.628912 0.468085 0.016393 0.042553
0 0.590164 0.396277 0.029806 0.058511
0 0.956781 0.492021 0.026826 0.063830
0 0.944858 0.566489 0.044709 0.093085
0 0.113264 0.827128 0.132638 0.257979
0 0.941878 0.465426 0.029806 0.069149
0 0.907601 0.646277 0.065574 0.122340
0 0.202683 0.398936 0.058122 0.095745
0 0.630402 0.502660 0.031297 0.061170
0 0.839046 0.672872 0.087928 0.183511
0 0.657228 0.460106 0.020864 0.047872
0 0.283159 0.492021 0.035768 0.063830
0 0.870343 0.555851 0.055142 0.103723
0 0.056632 0.529255 0.044709 0.087766
0 0.581222 0.462766 0.025335 0.058511
0 0.599106 0.582447 0.050671 0.101064
0 0.494784 0.510638 0.032787 0.066489
0 0.041729 0.712766 0.068554 0.154255
0 0.417288 0.494681 0.032787 0.066489
0 0.530551 0.457447 0.031297 0.058511
0 0.703428 0.617021 0.052161 0.135638
0 0.478390 0.478723 0.034277 0.082447
0 0.207154 0.574468 0.056632 0.106383
0 0.728763 0.388298 0.058122 0.098404
0 0.391952 0.521277 0.029806 0.063830
0 0.555887 0.523936 0.038748 0.074468
0 0.475410 0.377660 0.025335 0.058511
0 0.456036 0.805851 0.116244 0.191489
0 0.120715 0.414894 0.052161 0.087766
0 0.254844 0.670213 0.081967 0.156915
0 0.359165 0.351064 0.023845 0.058511
0 0.806259 0.531915 0.040238 0.074468
0 0.512668 0.393617 0.022355 0.053191
0 0.815201 0.489362 0.025335 0.053191
0 0.839046 0.494681 0.028316 0.063830
0 0.350224 0.494681 0.034277 0.058511
0 0.670641 0.486702 0.026826 0.053191
