0 0.804444 0.574074 0.040000 0.074074
0 0.071111 0.681481 0.035556 0.051852
0 0.253333 0.825926 0.044444 0.085185
0 0.546667 0.570370 0.037778 0.074074
0 0.220000 0.922222 0.104444 0.144444
0 0.224444 0.766667 0.046667 0.096296
0 0.711111 0.722222 0.055556 0.122222
0 0.448889 0.774074 0.057778 0.103704
0 0.555556 0.685185 0.042222 0.096296
0 0.855556 0.800000 0.077778 0.137037
0 0.528889 0.774074 0.064444 0.111111
0 0.864444 0.540741 0.024444 0.062963
0 0.724444 0.607407 0.037778 0.077778
0 0.686667 0.614815 0.028889 0.077778
0 0.980000 0.651852 0.040000 0.103704
0 0.837778 0.692593 0.053333 0.129630
0 0.626667 0.600000 0.031111 0.062963
0 0.048889 0.907407 0.095556 0.155556
0 0.357778 0.644444 0.033333 0.070370
0 0.080000 0.711111 0.037778 0.055556
0 0.397778 0.714815 0.057778 0.085185
0 0.766667 0.937037 0.097778 0.122222
0 0.742222 0.807407 0.071111 0.129630
0 0.651111 0.848148 0.080000 0.159259
0 0.162222 0.718519 0.042222 0.088889
0 0.191111 0.625926 0.031111 0.059259
0 0.351111 0.885185 0.095556 0.144444
0 0.064444 0.762963 0.051111 0.074074
0 0.544444 0.851852 0.084444 0.137037
0 0.277778 0.703704 0.035556 0.066667
0 0.175556 0.777778 0.057778 0.096296
0 0.837778 0.559259 0.046667 0.085185
0 0.637778 0.648148 0.044444 0.100000
0 0.775556 0.537037 0.033333 0.074074
0 0.297778 0.822222 0.066667 0.111111
0 0.295556 0.633333 0.026667 0.055556
0 0.500000 0.529630 0.051111 0.103704
0 0.108889 0.640741 0.028889 0.048148
0 0.346667 0.622222 0.024444 0.051852
0 0.402222 0.670370 0.044444 0.070370
0 0.575556 0.607407 0.035556 0.066667
0 0.455556 0.851852 0.062222 0.085185
0 0.455556 0.518519 0.053333 0.081481
0 0.904444 0.622222 0.040000 0.081481
0 0.342222 0.700000 0.037778 0.062963
0 0.951111 0.851852 0.093333 0.174074
0 0.602222 0.574074 0.028889 0.066667
0 0.015556 0.733333 0.028889 0.074074
0 0.628889 0.451852 0.026667 0.051852
0 0.295556 0.725926 0.044444 0.066667
0 0.317778 0.674074 0.033333 0.051852
0 0.122222 0.781481 0.055556 0.077778
0 0.126667 0.900000 0.073333 0.111111
0 0.657778 0.596296 0.037778 0.085185
