0 0.115702 0.535494 0.022211 0.057870
0 0.684401 0.643519 0.061467 0.101852
0 0.645661 0.546296 0.028926 0.055556
0 0.433368 0.560957 0.041322 0.060185
0 0.055785 0.543210 0.029959 0.062500
0 0.613120 0.679012 0.070248 0.111111
0 0.318182 0.542438 0.026860 0.046296
0 0.301653 0.525463 0.022211 0.036265
0 0.253616 0.547840 0.028926 0.060185
0 0.599174 0.535494 0.025826 0.051698
0 0.956612 0.394290 0.068698 0.133488
0 0.380165 0.511574 0.023244 0.039352
0 0.525826 0.560185 0.036157 0.058642
0 0.399277 0.510031 0.022727 0.044753
0 0.246901 0.511574 0.027893 0.040895
0 0.336260 0.506944 0.026860 0.041667
0 0.793388 0.574846 0.029959 0.060957
0 0.761880 0.579475 0.043388 0.084105
0 0.411157 0.525463 0.027893 0.047840
0 0.339360 0.573302 0.041839 0.075617
0 0.700413 0.550154 0.032025 0.063272
0 0.175620 0.432870 0.063533 0.123457
0 0.762397 0.552469 0.035124 0.056327
0 0.279442 0.607253 0.061467 0.076389
