0 0.620431 0.205342 0.019681 0.040067
0 0.478913 0.140234 0.014058 0.028381
0 0.380506 0.228715 0.020619 0.035058
0 0.909091 0.240401 0.017807 0.046745
0 0.850047 0.293823 0.025305 0.065109
0 0.573571 0.170284 0.015933 0.033389
0 0.619494 0.120200 0.012184 0.028381
0 0.756326 0.146912 0.014995 0.026711
0 0.719775 0.135225 0.016870 0.041736
0 0.701968 0.220367 0.018744 0.045075
0 0.716026 0.278798 0.025305 0.058431
0 0.395501 0.280467 0.020619 0.046745
0 0.351453 0.225376 0.016870 0.036728
0 0.893158 0.168614 0.019681 0.040067
0 0.884724 0.200334 0.017807 0.041736
0 0.330834 0.228715 0.017807 0.040067
0 0.684161 0.160267 0.016870 0.035058
0 0.705717 0.181970 0.017807 0.035058
0 0.417994 0.195326 0.015933 0.041736
0 0.672915 0.272120 0.026242 0.058431
0 0.787254 0.146912 0.014058 0.035058
0 0.830366 0.155259 0.017807 0.036728
0 0.484536 0.200334 0.018744 0.040067
0 0.855670 0.158598 0.014995 0.035058
0 0.758201 0.237062 0.020619 0.053422
0 0.555764 0.240401 0.025305 0.056761
0 0.440487 0.170284 0.015933 0.025042
0 0.272727 0.270451 0.016870 0.031720
0 0.771321 0.156928 0.014995 0.035058
0 0.835052 0.223706 0.018744 0.046745
0 0.933458 0.258765 0.023430 0.046745
0 0.367385 0.275459 0.019681 0.038397
0 0.846298 0.196995 0.016870 0.038397
0 0.556701 0.126878 0.014058 0.035058
0 0.299906 0.258765 0.017807 0.036728
0 0.753515 0.123539 0.016870 0.030050
0 0.670103 0.218698 0.025305 0.048414
0 0.435801 0.240401 0.021556 0.043406
0 0.450797 0.160267 0.013121 0.023372
0 0.560450 0.146912 0.014058 0.028381
0 0.775070 0.205342 0.019681 0.048414
0 0.447048 0.196995 0.016870 0.033389
0 0.388004 0.186978 0.014058 0.031720
0 0.799438 0.163606 0.015933 0.040067
0 0.580131 0.288815 0.028116 0.058431
0 0.729147 0.207012 0.021556 0.050083
0 0.380506 0.178631 0.013121 0.035058
0 0.498594 0.310518 0.029991 0.070117
0 0.307404 0.232053 0.015933 0.031720
0 0.252109 0.265442 0.018744 0.041736
0 0.617619 0.141903 0.014995 0.028381
0 0.595127 0.146912 0.014058 0.033389
0 0.619494 0.300501 0.027179 0.060100
0 0.533271 0.173623 0.018744 0.038397
0 0.722587 0.171953 0.018744 0.033389
0 0.523899 0.212020 0.022493 0.045075
0 0.776945 0.272120 0.028116 0.060100
0 0.633552 0.136895 0.014058 0.033389
0 0.612933 0.258765 0.020619 0.046745
0 0.106842 0.567613 0.054358 0.113523
0 0.477038 0.163606 0.014058 0.028381
