0 0.787778 0.514837 0.023333 0.041543
0 0.968889 0.535608 0.033333 0.047478
0 0.392222 0.557864 0.037778 0.056380
0 0.883333 0.519288 0.032222 0.050445
0 0.407778 0.636499 0.078889 0.109792
0 0.811111 0.630564 0.080000 0.111276
0 0.704444 0.689911 0.136667 0.204748
0 0.593333 0.455490 0.026667 0.032641
0 0.493333 0.557864 0.038889 0.053412
0 0.363333 0.538576 0.038889 0.056380
0 0.050000 0.685460 0.091111 0.164688
0 0.902222 0.522255 0.022222 0.038576
0 0.828889 0.545994 0.028889 0.045994
0 0.427778 0.577151 0.045556 0.059347
0 0.586667 0.563798 0.040000 0.053412
0 0.280000 0.571217 0.052222 0.060831
0 0.757778 0.540059 0.033333 0.051929
0 0.622222 0.636499 0.056667 0.090504
0 0.727778 0.541543 0.036667 0.054896
0 0.736667 0.482196 0.026667 0.038576
0 0.843333 0.614243 0.048889 0.087537
0 0.700000 0.543027 0.031111 0.047478
0 0.657778 0.541543 0.040000 0.060831
0 0.498889 0.691395 0.113333 0.154303
0 0.250000 0.548961 0.038889 0.063798
0 0.531111 0.551929 0.033333 0.045994
0 0.846667 0.520772 0.024444 0.032641
0 0.862222 0.547478 0.032222 0.048961
