0 0.800794 0.223201 0.019048 0.048458
0 0.953968 0.406755 0.019841 0.063142
0 0.833333 0.187959 0.015079 0.036711
0 0.767460 0.246696 0.018254 0.044053
0 0.533333 0.192364 0.018254 0.035242
0 0.636508 0.108664 0.015079 0.038179
0 0.937302 0.232012 0.015079 0.036711
0 0.436508 0.176211 0.019048 0.042584
0 0.781746 0.148311 0.015079 0.030837
0 0.801587 0.396476 0.027778 0.074890
0 0.560317 0.139501 0.015873 0.033774
0 0.980159 0.224670 0.011905 0.027900
0 0.717460 0.234949 0.018254 0.052863
0 0.615873 0.249633 0.026190 0.042584
0 0.761905 0.170338 0.016667 0.036711
0 0.867460 0.315712 0.020635 0.051395
0 0.715873 0.185022 0.017460 0.032305
0 0.319841 0.182085 0.019048 0.039648
0 0.403175 0.207048 0.016667 0.038179
0 0.809524 0.170338 0.018254 0.036711
0 0.483333 0.145374 0.017460 0.033774
0 0.923810 0.296623 0.018254 0.055800
0 0.567460 0.303965 0.023016 0.060206
0 0.597619 0.171806 0.015873 0.035242
0 0.723810 0.362702 0.026984 0.063142
0 0.874603 0.199706 0.014286 0.038179
0 0.656349 0.221733 0.019048 0.052863
0 0.718254 0.133627 0.015079 0.036711
0 0.343651 0.199706 0.018254 0.045521
0 0.503968 0.132159 0.014286 0.026432
0 0.480952 0.204112 0.019048 0.039648
0 0.818254 0.261380 0.021429 0.054332
0 0.687302 0.135095 0.017460 0.033774
0 0.620635 0.135095 0.019841 0.033774
0 0.316667 0.207048 0.017460 0.033774
0 0.611905 0.154185 0.011905 0.032305
0 0.416667 0.158590 0.018254 0.042584
0 0.442063 0.267254 0.023810 0.046990
0 0.476190 0.130690 0.015079 0.026432
0 0.581746 0.123348 0.019048 0.032305
0 0.746825 0.207048 0.020635 0.044053
0 0.263492 0.221733 0.021429 0.036711
0 0.654762 0.161527 0.012698 0.032305
0 0.910317 0.196769 0.015873 0.038179
0 0.600000 0.113069 0.016667 0.029369
0 0.856349 0.456681 0.027778 0.070485
0 0.561905 0.113069 0.016667 0.030837
0 0.663492 0.350954 0.026984 0.055800
0 0.976984 0.281938 0.013492 0.036711
0 0.890476 0.249633 0.016667 0.045521
0 0.907143 0.214391 0.013492 0.035242
0 0.742063 0.174743 0.019048 0.038179
0 0.781746 0.180617 0.015873 0.039648
0 0.653175 0.117474 0.011905 0.033774
0 0.672222 0.120411 0.013492 0.033774
0 0.976190 0.256975 0.011905 0.035242
0 0.869841 0.214391 0.015873 0.036711
0 0.500794 0.182085 0.017460 0.036711
0 0.459524 0.149780 0.018254 0.032305
0 0.945238 0.333333 0.020635 0.060206
0 0.892857 0.359765 0.023016 0.060206
0 0.607937 0.324523 0.024603 0.055800
0 0.979365 0.318649 0.014286 0.045521
0 0.946032 0.205580 0.013492 0.035242
0 0.370635 0.234949 0.026190 0.048458
0 0.373810 0.170338 0.015873 0.035242
0 0.361905 0.187959 0.019841 0.036711
