0 0.145333 0.288000 0.050667 0.090000
0 0.934667 0.418000 0.074667 0.128000
0 0.080000 0.538000 0.148000 0.214000
0 0.261333 0.434000 0.076000 0.152000
0 0.324000 0.308000 0.052000 0.098000
0 0.037333 0.406000 0.069333 0.152000
0 0.244000 0.250000 0.050667 0.088000
0 0.630667 0.224000 0.040000 0.068000
0 0.276000 0.230000 0.041333 0.080000
0 0.654667 0.238000 0.033333 0.070000
0 0.706667 0.244000 0.034667 0.060000
0 0.388000 0.210000 0.034667 0.062000
0 0.502667 0.190000 0.112000 0.210000
0 0.798667 0.834000 0.164000 0.278000
0 0.377333 0.248000 0.037333 0.076000
0 0.878667 0.136000 0.045333 0.092000
0 0.786667 0.264000 0.044000 0.080000
0 0.261333 0.834000 0.198667 0.300000
