0 0.255538 0.348675 0.019778 0.034868
0 0.216772 0.348675 0.016614 0.034868
0 0.752373 0.433752 0.021361 0.057183
0 0.827532 0.267782 0.018196 0.026499
0 0.522943 0.368201 0.022943 0.040446
0 0.779272 0.534170 0.025316 0.072524
0 0.543513 0.221757 0.017405 0.020921
0 0.593354 0.242678 0.012658 0.025105
0 0.148734 0.552301 0.036392 0.064156
0 0.803006 0.341702 0.015032 0.040446
0 0.754747 0.235704 0.012658 0.033473
0 0.788766 0.242678 0.014241 0.030683
0 0.450949 0.277545 0.014241 0.020921
0 0.397152 0.298466 0.015032 0.022315
0 0.617880 0.258020 0.014241 0.027894
0 0.906646 0.292887 0.014241 0.020921
0 0.900316 0.348675 0.017405 0.040446
0 0.751582 0.287308 0.014241 0.029289
0 0.640032 0.239888 0.013449 0.029289
0 0.890823 0.456067 0.021361 0.051604
0 0.582278 0.373780 0.027690 0.041841
0 0.848101 0.382148 0.013449 0.033473
0 0.386867 0.253835 0.014241 0.032078
0 0.787184 0.364017 0.016614 0.048815
0 0.631329 0.338912 0.018196 0.044630
0 0.510285 0.277545 0.013449 0.025105
0 0.594937 0.202232 0.011867 0.027894
0 0.691456 0.246862 0.011867 0.036262
0 0.340981 0.338912 0.016614 0.027894
0 0.310918 0.384937 0.022152 0.040446
0 0.793513 0.298466 0.016614 0.030683
0 0.348892 0.295676 0.018196 0.030683
0 0.492880 0.324965 0.015823 0.034868
0 0.662184 0.223152 0.015823 0.032078
0 0.721519 0.404463 0.021361 0.055788
0 0.283228 0.364017 0.017405 0.034868
0 0.459652 0.239888 0.013449 0.022315
0 0.467563 0.334728 0.018987 0.036262
0 0.847310 0.258020 0.011076 0.029289
0 0.623418 0.481172 0.025316 0.068340
0 0.558544 0.214784 0.010285 0.027894
0 0.616297 0.304045 0.011076 0.030683
0 0.436709 0.245467 0.011076 0.022315
0 0.909019 0.264993 0.014241 0.022315
0 0.557753 0.274756 0.014241 0.032078
0 0.903481 0.329149 0.015823 0.039052
0 0.560127 0.457462 0.028481 0.066946
0 0.833861 0.308229 0.011076 0.029289
0 0.560127 0.241283 0.014241 0.019526
0 0.819620 0.320781 0.013449 0.027894
0 0.830696 0.396095 0.019778 0.051604
0 0.282437 0.306834 0.017405 0.027894
0 0.665348 0.313808 0.017405 0.029289
0 0.735759 0.297071 0.018987 0.036262
0 0.640823 0.213389 0.009494 0.029289
0 0.895570 0.403068 0.022152 0.040446
0 0.426424 0.305439 0.013449 0.025105
0 0.724684 0.239888 0.010285 0.034868
0 0.670886 0.354254 0.020570 0.040446
0 0.874209 0.281729 0.014241 0.030683
0 0.863924 0.329149 0.013449 0.030683
0 0.687500 0.297071 0.018196 0.036262
0 0.505538 0.251046 0.010285 0.020921
0 0.372627 0.334728 0.015032 0.029289
0 0.401108 0.264993 0.012658 0.025105
0 0.583070 0.326360 0.016614 0.039052
0 0.713608 0.260809 0.015032 0.040446
0 0.527690 0.249651 0.011867 0.026499
0 0.651108 0.281729 0.018196 0.030683
0 0.450949 0.417015 0.023734 0.055788
0 0.820411 0.463040 0.029272 0.057183
0 0.639241 0.368201 0.026108 0.048815
0 0.666930 0.517434 0.036392 0.064156
