0 0.509191 0.373775 0.017157 0.031046
0 0.727328 0.612337 0.041054 0.069853
0 0.344975 0.334967 0.022365 0.035131
0 0.359069 0.291667 0.017157 0.027778
0 0.212010 0.251225 0.016238 0.026961
0 0.872549 0.577614 0.029718 0.041667
0 0.672794 0.369281 0.012868 0.022059
0 0.092831 0.270425 0.026042 0.040850
0 0.538297 0.335784 0.014093 0.023284
0 0.573529 0.428105 0.020221 0.037582
0 0.627451 0.359069 0.011949 0.022876
0 0.592831 0.483660 0.024510 0.042075
0 0.645221 0.375408 0.014093 0.027778
0 0.237439 0.272059 0.019301 0.026961
0 0.114277 0.240196 0.017770 0.033088
0 0.011029 0.214461 0.010417 0.021242
0 0.845282 0.482435 0.018689 0.039216
0 0.021446 0.248775 0.022365 0.035948
0 0.781863 0.486928 0.023284 0.033497
0 0.503064 0.302696 0.015625 0.023693
0 0.270833 0.358252 0.039828 0.077614
0 0.588848 0.361928 0.020833 0.028595
0 0.724265 0.485294 0.026042 0.033088
0 0.442402 0.308415 0.016544 0.021650
0 0.399510 0.293301 0.018076 0.022876
0 0.830576 0.439134 0.017157 0.031863
0 0.761029 0.436275 0.024510 0.031863
0 0.579657 0.481209 0.029718 0.046977
0 0.318627 0.301471 0.014093 0.031863
0 0.373775 0.309232 0.015625 0.033905
0 0.150735 0.272876 0.025429 0.031863
0 0.341912 0.478350 0.073223 0.100490
0 0.516238 0.345588 0.016544 0.031863
0 0.206189 0.303922 0.026961 0.040850
0 0.665441 0.432598 0.023284 0.035131
0 0.687500 0.394608 0.016544 0.030637
0 0.813725 0.566176 0.034314 0.058824
0 0.898897 0.569036 0.034314 0.052696
0 0.575674 0.338235 0.017157 0.021650
0 0.370404 0.396650 0.032782 0.048611
0 0.929841 0.475082 0.029105 0.040033
0 0.524510 0.478758 0.044730 0.075572
0 0.474265 0.339461 0.018076 0.030229
0 0.587929 0.321895 0.010417 0.020833
0 0.431066 0.319444 0.013480 0.027778
0 0.008578 0.231618 0.014093 0.029820
0 0.464461 0.476307 0.052390 0.088644
0 0.111520 0.321078 0.051777 0.094771
0 0.328738 0.259804 0.019608 0.023693
0 0.245404 0.341503 0.029412 0.053922
0 0.645527 0.314542 0.013480 0.017974
0 0.400123 0.343954 0.017157 0.026961
0 0.842831 0.648693 0.058211 0.078840
0 0.291360 0.297386 0.023897 0.039624
0 0.299939 0.327614 0.024510 0.035948
0 0.249387 0.264706 0.016238 0.023693
0 0.749081 0.398284 0.012868 0.023693
0 0.547794 0.308824 0.013480 0.019199
0 0.023591 0.272059 0.035846 0.054739
0 0.705270 0.433007 0.019301 0.031863
0 0.672794 0.484069 0.032169 0.038807
0 0.557292 0.378676 0.022365 0.040850
0 0.249387 0.298611 0.018076 0.033497
0 0.190870 0.496732 0.105392 0.165441
0 0.464767 0.401552 0.030025 0.040850
0 0.502757 0.419118 0.018076 0.031863
0 0.298713 0.242647 0.015012 0.025735
0 0.090686 0.513889 0.159314 0.258987
0 0.154412 0.301471 0.031556 0.049837
0 0.776654 0.598856 0.041054 0.074755
0 0.627145 0.342729 0.017157 0.019199
