0 0.552363 0.188648 0.016682 0.036728
0 0.779425 0.230384 0.016682 0.036728
0 0.827618 0.140234 0.012048 0.026711
0 0.878591 0.165275 0.012048 0.026711
0 0.747915 0.207012 0.016682 0.033389
0 0.898054 0.203673 0.012975 0.028381
0 0.329935 0.203673 0.012975 0.031720
0 0.837813 0.238731 0.015755 0.040067
0 0.839666 0.146912 0.010195 0.023372
0 0.599629 0.165275 0.018536 0.035058
0 0.917516 0.233723 0.016682 0.040067
0 0.394810 0.200334 0.012975 0.021703
0 0.653383 0.110184 0.007414 0.021703
0 0.626506 0.116861 0.008341 0.023372
0 0.911956 0.373957 0.023170 0.063439
0 0.871177 0.183639 0.013902 0.030050
0 0.927711 0.277129 0.016682 0.048414
0 0.418906 0.237062 0.025023 0.041736
0 0.603336 0.113523 0.009268 0.020033
0 0.927711 0.225376 0.014829 0.033389
0 0.502317 0.121870 0.012048 0.020033
0 0.725672 0.290484 0.023170 0.050083
0 0.842447 0.196995 0.013902 0.035058
0 0.757183 0.160267 0.012975 0.035058
0 0.883225 0.228715 0.013902 0.031720
0 0.849861 0.153589 0.011121 0.023372
0 0.931418 0.191987 0.012048 0.028381
0 0.574606 0.228715 0.019462 0.033389
0 0.840593 0.313856 0.024096 0.050083
0 0.655236 0.185309 0.017609 0.033389
0 0.466172 0.140234 0.012048 0.023372
0 0.519926 0.175292 0.015755 0.035058
0 0.463392 0.207012 0.015755 0.035058
0 0.609824 0.133556 0.012975 0.028381
0 0.474513 0.191987 0.013902 0.030050
0 0.565338 0.138564 0.012975 0.026711
0 0.795181 0.161937 0.011121 0.023372
0 0.499537 0.136895 0.011121 0.021703
0 0.505097 0.151920 0.012048 0.023372
0 0.665431 0.225376 0.021316 0.043406
0 0.401297 0.242070 0.020389 0.045075
0 0.941613 0.213689 0.009268 0.030050
0 0.702502 0.191987 0.012975 0.028381
0 0.695088 0.173623 0.013902 0.031720
0 0.806302 0.150250 0.012048 0.026711
0 0.745134 0.133556 0.011121 0.026711
0 0.440222 0.175292 0.012975 0.026711
0 0.534754 0.136895 0.011121 0.020033
0 0.680259 0.278798 0.024096 0.040067
0 0.794254 0.290484 0.022243 0.048414
0 0.901761 0.176962 0.011121 0.025042
0 0.523633 0.125209 0.009268 0.018364
0 0.535681 0.161937 0.011121 0.028381
0 0.734013 0.188648 0.013902 0.031720
0 0.488415 0.228715 0.019462 0.036728
0 0.683040 0.125209 0.009268 0.026711
0 0.473587 0.161937 0.013902 0.026711
0 0.446710 0.258765 0.020389 0.035058
0 0.578313 0.273790 0.023170 0.048414
0 0.584801 0.121870 0.009268 0.021703
0 0.624652 0.255426 0.023170 0.050083
0 0.276182 0.218698 0.015755 0.030050
0 0.666358 0.118531 0.008341 0.018364
0 0.381835 0.180301 0.012975 0.018364
0 0.911029 0.156928 0.012975 0.028381
0 0.722892 0.243740 0.019462 0.045075
0 0.430028 0.148581 0.010195 0.020033
0 0.774791 0.143573 0.012048 0.031720
0 0.764597 0.253756 0.017609 0.038397
0 0.620945 0.165275 0.014829 0.026711
0 0.397590 0.180301 0.015755 0.026711
0 0.369787 0.198664 0.017609 0.025042
0 0.792400 0.136895 0.011121 0.020033
0 0.938832 0.170284 0.011121 0.030050
0 0.621872 0.140234 0.011121 0.023372
0 0.327155 0.243740 0.019462 0.031720
