0 0.436111 0.561111 0.019444 0.020370
0 0.209722 0.642593 0.050000 0.061111
0 0.493056 0.659259 0.047222 0.064815
0 0.459722 0.550000 0.025000 0.035185
0 0.151389 0.590741 0.031944 0.038889
0 0.829167 0.764815 0.076389 0.112963
0 0.377778 0.587037 0.026389 0.051852
0 0.986111 0.629630 0.027778 0.055556
0 0.831944 0.579630 0.025000 0.046296
0 0.483333 0.546296 0.018056 0.027778
0 0.750000 0.612963 0.037500 0.051852
0 0.515278 0.557407 0.023611 0.038889
0 0.650000 0.559259 0.020833 0.033333
0 0.111111 0.583333 0.031944 0.040741
0 0.745833 0.574074 0.022222 0.035185
0 0.543056 0.724074 0.056944 0.075926
0 0.426389 0.609259 0.036111 0.044444
0 0.469444 0.575926 0.027778 0.040741
0 0.697222 0.638889 0.037500 0.059259
0 0.612500 0.627778 0.034722 0.053704
0 0.593056 0.666667 0.040278 0.062963
0 0.352778 0.681481 0.059722 0.074074
0 0.719444 0.590741 0.026389 0.040741
0 0.811111 0.596296 0.027778 0.040741
0 0.295833 0.562963 0.025000 0.040741
0 0.044444 0.605556 0.040278 0.044444
0 0.941667 0.733333 0.063889 0.085185
0 0.340278 0.616667 0.038889 0.055556
0 0.523611 0.583333 0.031944 0.040741
0 0.397222 0.561111 0.019444 0.024074
0 0.355556 0.559259 0.023611 0.033333
0 0.266667 0.609259 0.036111 0.050000
