0 0.546000 0.459459 0.018000 0.024024
0 0.228000 0.450450 0.020000 0.024024
0 0.710000 0.477477 0.032000 0.060060
0 0.394000 0.474474 0.016000 0.021021
0 0.356000 0.474474 0.012000 0.018018
0 0.732000 0.558559 0.056000 0.102102
0 0.878000 0.675676 0.122000 0.162162
0 0.314000 0.474474 0.016000 0.021021
0 0.564000 0.450450 0.008000 0.018018
0 0.814000 0.486486 0.034000 0.054054
0 0.970000 0.504505 0.058000 0.093093
0 0.426000 0.471471 0.024000 0.030030
0 0.672000 0.480480 0.020000 0.036036
0 0.448000 0.456456 0.010000 0.018018
0 0.758000 0.459459 0.024000 0.036036
0 0.844000 0.498498 0.048000 0.063063
0 0.376000 0.468468 0.012000 0.021021
0 0.664000 0.471471 0.020000 0.036036
0 0.824000 0.456456 0.030000 0.042042
0 0.562000 0.528529 0.038000 0.069069
0 0.456000 0.462462 0.012000 0.018018
0 0.684000 0.459459 0.026000 0.042042
0 0.488000 0.459459 0.014000 0.021021
0 0.896000 0.456456 0.032000 0.042042
