0 0.916667 0.711667 0.122659 0.201667
0 0.125468 0.496667 0.040262 0.080000
0 0.854869 0.610000 0.074906 0.161667
0 0.149813 0.641667 0.081461 0.151667
0 0.551498 0.490000 0.041199 0.086667
0 0.035581 0.571667 0.063670 0.138333
0 0.470974 0.533333 0.045880 0.098333
0 0.686330 0.535000 0.043071 0.093333
0 0.233146 0.546667 0.056180 0.113333
0 0.413858 0.506667 0.044007 0.101667
0 0.808052 0.531667 0.045880 0.111667
0 0.325843 0.541667 0.052434 0.121667
0 0.611423 0.660000 0.080524 0.165000
0 0.343633 0.511667 0.030899 0.078333
0 0.757491 0.493333 0.041199 0.088333
0 0.675094 0.585000 0.052434 0.110000
0 0.279963 0.501667 0.033708 0.078333
0 0.891386 0.511667 0.048689 0.106667
0 0.451311 0.620000 0.059925 0.128333
0 0.534644 0.796667 0.136704 0.258333
0 0.311798 0.705000 0.099251 0.178333
