0 0.342187 0.060000 0.042188 0.077500
0 0.303125 0.235000 0.112500 0.195000
0 0.167187 0.080000 0.042188 0.057500
0 0.492188 0.215000 0.135937 0.265000
0 0.889062 0.037500 0.046875 0.072500
0 0.496875 0.040000 0.035937 0.055000
0 0.271875 0.115000 0.054688 0.087500
0 0.826562 0.302500 0.279687 0.430000
0 0.045312 0.105000 0.040625 0.062500
0 0.190625 0.155000 0.054688 0.100000
0 0.248438 0.087500 0.060937 0.085000
0 0.435937 0.072500 0.050000 0.070000
0 0.610938 0.045000 0.064062 0.087500
0 0.582812 0.245000 0.173437 0.365000
0 0.678125 0.045000 0.053125 0.087500
0 0.137500 0.070000 0.025000 0.050000
0 0.334375 0.027500 0.034375 0.047500
0 0.828125 0.042500 0.051562 0.080000
