0 0.609756 0.312500 0.016260 0.037500
0 0.479675 0.533333 0.081301 0.137500
0 0.135501 0.341667 0.024390 0.058333
0 0.888889 0.437500 0.048780 0.079167
0 0.078591 0.350000 0.029810 0.045833
0 0.929539 0.370833 0.024390 0.058333
0 0.710027 0.333333 0.024390 0.041667
0 0.964770 0.387500 0.032520 0.062500
0 0.048780 0.350000 0.032520 0.050000
0 0.791328 0.341667 0.024390 0.050000
0 0.626016 0.437500 0.046070 0.087500
0 0.485095 0.316667 0.027100 0.045833
0 0.449864 0.312500 0.029810 0.058333
0 0.298103 0.404167 0.048780 0.070833
0 0.834688 0.354167 0.029810 0.050000
0 0.837398 0.387500 0.037940 0.062500
0 0.682927 0.312500 0.018970 0.045833
0 0.151762 0.325000 0.027100 0.045833
0 0.555556 0.304167 0.016260 0.045833
0 0.707317 0.245833 0.021680 0.029167
0 0.216802 0.325000 0.029810 0.050000
0 0.737127 0.354167 0.027100 0.045833
0 0.612466 0.362500 0.027100 0.050000
0 0.644986 0.308333 0.024390 0.054167
0 0.257453 0.325000 0.024390 0.045833
0 0.509485 0.341667 0.029810 0.045833
0 0.864499 0.366667 0.029810 0.054167
0 0.834688 0.516667 0.065041 0.120833
0 0.336043 0.425000 0.043360 0.066667
0 0.430894 0.379167 0.043360 0.058333
0 0.165312 0.379167 0.037940 0.070833
0 0.899729 0.362500 0.024390 0.045833
0 0.501355 0.300000 0.021680 0.037500
0 0.040650 0.391667 0.046070 0.070833
0 0.281843 0.345833 0.029810 0.050000
0 0.490515 0.375000 0.035230 0.062500
0 0.574526 0.362500 0.037940 0.062500
0 0.899729 0.337500 0.021680 0.037500
0 0.336043 0.312500 0.021680 0.041667
0 0.761518 0.345833 0.027100 0.050000
0 0.205962 0.383333 0.029810 0.058333
0 0.788618 0.395833 0.046070 0.079167
0 0.986450 0.366667 0.024390 0.045833
0 0.363144 0.320833 0.027100 0.033333
0 0.547425 0.458333 0.056911 0.091667
0 0.970190 0.341667 0.027100 0.050000
0 0.693767 0.470833 0.059621 0.100000
0 0.758808 0.583333 0.089431 0.175000
