0 0.715105 0.293624 0.024857 0.052013
0 0.935946 0.186242 0.014340 0.033557
0 0.931166 0.283557 0.018164 0.053691
0 0.586998 0.147651 0.013384 0.025168
0 0.478011 0.139262 0.012428 0.015101
0 0.345124 0.219799 0.016252 0.031879
0 0.612811 0.206376 0.019120 0.035235
0 0.500000 0.194631 0.014340 0.030201
0 0.596558 0.352349 0.027725 0.060403
0 0.488528 0.224832 0.019120 0.033557
0 0.902486 0.166107 0.012428 0.033557
0 0.830784 0.119128 0.013384 0.026846
0 0.809751 0.127517 0.012428 0.031879
0 0.373805 0.206376 0.014340 0.031879
0 0.736138 0.161074 0.015296 0.038591
0 0.512428 0.166107 0.013384 0.020134
0 0.715105 0.137584 0.018164 0.035235
0 0.950287 0.154362 0.013384 0.033557
0 0.286807 0.270134 0.018164 0.036913
0 0.616635 0.255034 0.021033 0.046980
0 0.682600 0.328859 0.028681 0.057047
0 0.036329 0.417785 0.036329 0.072148
0 0.678776 0.119128 0.012428 0.030201
0 0.445507 0.189597 0.017208 0.026846
0 0.254302 0.278523 0.016252 0.031879
0 0.542065 0.159396 0.014340 0.030201
0 0.343212 0.276846 0.017208 0.035235
0 0.674952 0.197987 0.020076 0.045302
0 0.627151 0.135906 0.012428 0.028523
0 0.630019 0.092282 0.011472 0.025168
0 0.842256 0.127517 0.011472 0.031879
0 0.310707 0.224832 0.016252 0.023490
0 0.552581 0.192953 0.014340 0.033557
0 0.397706 0.291946 0.025813 0.048658
0 0.454111 0.169463 0.016252 0.028523
0 0.765774 0.244966 0.022945 0.046980
0 0.483748 0.191275 0.014340 0.031879
0 0.489484 0.127517 0.007648 0.016779
0 0.878585 0.152685 0.010516 0.030201
0 0.876673 0.213087 0.015296 0.040268
0 0.905354 0.130872 0.012428 0.035235
0 0.756214 0.115772 0.014340 0.025168
0 0.743786 0.115772 0.014340 0.028523
0 0.655832 0.107383 0.012428 0.026846
0 0.690249 0.149329 0.013384 0.031879
0 0.388145 0.204698 0.017208 0.045302
0 0.864245 0.151007 0.016252 0.040268
0 0.612811 0.090604 0.011472 0.021812
0 0.566922 0.285235 0.023901 0.055369
0 0.707457 0.216443 0.018164 0.043624
0 0.785851 0.286913 0.022945 0.055369
0 0.891969 0.181208 0.013384 0.036913
0 0.480880 0.159396 0.013384 0.026846
0 0.458891 0.223154 0.014340 0.028523
0 0.570746 0.105705 0.011472 0.021812
0 0.542065 0.130872 0.012428 0.031879
0 0.791587 0.110738 0.012428 0.030201
0 0.856597 0.181208 0.015296 0.041946
0 0.590822 0.124161 0.011472 0.023490
0 0.311663 0.276846 0.015296 0.030201
0 0.757170 0.186242 0.018164 0.040268
0 0.429254 0.218121 0.017208 0.031879
0 0.429254 0.181208 0.017208 0.023490
0 0.665392 0.253356 0.021989 0.043624
0 0.781071 0.119128 0.014340 0.030201
0 0.456979 0.139262 0.011472 0.025168
0 0.782983 0.161074 0.016252 0.036913
0 0.574570 0.239933 0.019120 0.043624
0 0.321224 0.244966 0.014340 0.033557
0 0.565966 0.135906 0.013384 0.025168
0 0.663480 0.176174 0.017208 0.040268
0 0.616635 0.114094 0.013384 0.026846
0 0.940727 0.152685 0.007648 0.023490
0 0.883365 0.132550 0.011472 0.025168
0 0.646272 0.098993 0.010516 0.031879
0 0.832696 0.156040 0.012428 0.035235
0 0.521989 0.151007 0.012428 0.025168
0 0.711281 0.172819 0.015296 0.035235
