0 0.283054 0.189119 0.035382 0.072539
0 0.972067 0.209845 0.040968 0.067358
0 0.467412 0.150259 0.031657 0.069948
0 0.884544 0.401554 0.100559 0.147668
0 0.808194 0.240933 0.052142 0.090674
0 0.584730 0.152850 0.035382 0.085492
0 0.255121 0.240933 0.048417 0.093264
0 0.729981 0.196891 0.039106 0.067358
0 0.919926 0.227979 0.048417 0.072539
0 0.620112 0.199482 0.031657 0.059585
0 0.666667 0.204663 0.048417 0.080311
0 0.644320 0.404145 0.104283 0.158031
0 0.337058 0.295337 0.065177 0.113990
0 0.046555 0.165803 0.042831 0.080311
0 0.221601 0.176166 0.037244 0.064767
0 0.823091 0.181347 0.027933 0.056995
0 0.441341 0.253886 0.054004 0.090674
0 0.899441 0.202073 0.050279 0.080311
0 0.184358 0.137306 0.046555 0.072539
0 0.029795 0.326425 0.057728 0.139896
0 0.262570 0.160622 0.040968 0.067358
0 0.502793 0.186528 0.046555 0.072539
0 0.329609 0.230570 0.046555 0.062176
0 0.193669 0.222798 0.054004 0.093264
0 0.329609 0.186528 0.044693 0.059585
0 0.683426 0.170984 0.035382 0.072539
0 0.726257 0.158031 0.029795 0.049223
0 0.549348 0.163212 0.037244 0.072539
0 0.270019 0.613990 0.143389 0.235751
0 0.139665 0.178756 0.046555 0.072539
0 0.437616 0.155440 0.035382 0.077720
0 0.372439 0.170984 0.039106 0.072539
0 0.532588 0.266839 0.067039 0.113990
0 0.860335 0.189119 0.042831 0.080311
0 0.882682 0.510363 0.134078 0.196891
0 0.672253 0.347150 0.080074 0.119171
0 0.957169 0.277202 0.057728 0.101036
0 0.454376 0.341969 0.089385 0.142487
0 0.106145 0.165803 0.033520 0.088083
0 0.314711 0.139896 0.039106 0.054404
0 0.608939 0.279793 0.050279 0.088083
0 0.100559 0.417098 0.109870 0.176166
