0 0.634000 0.396396 0.038000 0.072072
0 0.620000 0.315315 0.026000 0.057057
0 0.668000 0.480480 0.062000 0.114114
0 0.354000 0.420420 0.036000 0.066066
0 0.986000 0.345345 0.028000 0.057057
0 0.540000 0.414414 0.038000 0.063063
0 0.106000 0.375375 0.034000 0.051051
0 0.190000 0.348348 0.026000 0.051051
0 0.904000 0.342342 0.032000 0.060060
0 0.262000 0.663664 0.102000 0.171171
0 0.676000 0.363363 0.032000 0.069069
0 0.460000 0.651652 0.082000 0.171171
0 0.498000 0.333333 0.026000 0.048048
0 0.528000 0.501502 0.056000 0.099099
0 0.914000 0.324324 0.024000 0.045045
0 0.260000 0.501502 0.054000 0.099099
0 0.380000 0.333333 0.026000 0.048048
0 0.464000 0.360360 0.030000 0.054054
0 0.594000 0.354354 0.030000 0.063063
0 0.452000 0.411411 0.036000 0.069069
0 0.254000 0.330330 0.026000 0.051051
0 0.086000 0.738739 0.118000 0.144144
0 0.936000 0.405405 0.042000 0.081081
0 0.146000 0.366366 0.030000 0.054054
0 0.202000 0.357357 0.030000 0.051051
0 0.922000 0.669670 0.102000 0.195195
0 0.078000 0.411411 0.040000 0.069069
0 0.738000 0.375375 0.044000 0.081081
0 0.738000 0.699700 0.094000 0.189189
0 0.836000 0.315315 0.028000 0.054054
0 0.552000 0.318318 0.028000 0.048048
0 0.402000 0.504505 0.054000 0.090090
0 0.394000 0.372372 0.030000 0.060060
0 0.440000 0.348348 0.024000 0.054054
0 0.148000 0.411411 0.040000 0.072072
