0 0.086003 0.580357 0.102867 0.160714
0 0.556492 0.642857 0.109612 0.220238
0 0.224283 0.532738 0.028668 0.062500
0 0.279933 0.607143 0.087690 0.214286
0 0.649241 0.568452 0.040472 0.095238
0 0.952782 0.556548 0.052277 0.110119
0 0.177066 0.586310 0.064081 0.113095
0 0.414840 0.544643 0.038786 0.077381
0 0.369309 0.669643 0.143339 0.235119
0 0.317032 0.443452 0.026981 0.053571
0 0.881956 0.607143 0.074199 0.214286
0 0.947723 0.696429 0.102867 0.267857
0 0.596965 0.565476 0.060708 0.110119
0 0.801012 0.654762 0.183811 0.339286
