0 0.694545 0.610959 0.036364 0.071233
0 0.827273 0.682192 0.083636 0.128767
0 0.520000 0.602740 0.032727 0.054795
0 0.512727 0.569863 0.027273 0.046575
0 0.190909 0.715068 0.100000 0.136986
0 0.730909 0.580822 0.030909 0.046575
0 0.307273 0.800000 0.101818 0.153425
0 0.700000 0.843836 0.138182 0.246575
0 0.434545 0.553425 0.027273 0.046575
0 0.463636 0.671233 0.047273 0.076712
0 0.549091 0.506849 0.021818 0.041096
0 0.245455 0.583562 0.045455 0.060274
0 0.400000 0.556164 0.025455 0.046575
0 0.105455 0.624658 0.052727 0.084932
0 0.596364 0.578082 0.030909 0.041096
0 0.563636 0.583562 0.030909 0.054795
0 0.345455 0.572603 0.034545 0.046575
0 0.470909 0.605479 0.032727 0.049315
0 0.647273 0.660274 0.050909 0.079452
0 0.149091 0.654795 0.054545 0.095890
