0 0.557185 0.259005 0.021505 0.042882
0 0.620723 0.310463 0.028348 0.051458
0 0.923754 0.221269 0.019550 0.048027
0 0.924731 0.272727 0.023460 0.056604
0 0.801564 0.126930 0.015640 0.032590
0 0.830890 0.145798 0.017595 0.037736
0 0.587488 0.121784 0.013685 0.027444
0 0.470186 0.150943 0.013685 0.027444
0 0.661779 0.209262 0.020528 0.039451
0 0.807429 0.262436 0.020528 0.051458
0 0.498534 0.180103 0.018573 0.034305
0 0.869990 0.265866 0.019550 0.046312
0 0.395894 0.267581 0.020528 0.044597
0 0.650049 0.132075 0.014663 0.030875
0 0.598240 0.096055 0.010753 0.025729
0 0.770283 0.288165 0.028348 0.056604
0 0.534702 0.135506 0.018573 0.039451
0 0.582600 0.140652 0.018573 0.034305
0 0.356794 0.234991 0.019550 0.034305
0 0.868035 0.132075 0.012708 0.032590
0 0.905181 0.317324 0.029326 0.056604
0 0.557185 0.174957 0.015640 0.032590
0 0.523949 0.162950 0.013685 0.027444
0 0.394917 0.216123 0.016618 0.036021
0 0.620723 0.101201 0.011730 0.024014
0 0.907136 0.144082 0.014663 0.029160
0 0.406647 0.173242 0.017595 0.029160
0 0.861193 0.157804 0.015640 0.029160
0 0.694037 0.245283 0.029326 0.063465
0 0.830890 0.190395 0.019550 0.041166
0 0.701857 0.097770 0.012708 0.029160
0 0.732160 0.344768 0.033236 0.066895
0 0.432063 0.229846 0.021505 0.041166
0 0.833822 0.291595 0.022483 0.056604
0 0.385142 0.198971 0.016618 0.030875
0 0.692082 0.308748 0.032258 0.058319
0 0.743891 0.186964 0.022483 0.048027
0 0.844575 0.132075 0.011730 0.027444
0 0.669599 0.097770 0.011730 0.024014
0 0.747801 0.229846 0.020528 0.041166
0 0.401760 0.197256 0.016618 0.029160
0 0.796676 0.403087 0.033236 0.077187
0 0.613881 0.257290 0.024438 0.048027
0 0.209189 0.404803 0.068426 0.118353
0 0.518084 0.125214 0.011730 0.032590
0 0.260020 0.259005 0.018573 0.030875
0 0.932551 0.157804 0.012708 0.025729
0 0.453568 0.150943 0.011730 0.022298
0 0.437928 0.195540 0.017595 0.030875
0 0.874878 0.204117 0.017595 0.037736
0 0.642229 0.102916 0.015640 0.027444
0 0.693060 0.183533 0.022483 0.036021
0 0.546432 0.162950 0.012708 0.025729
0 0.483871 0.178388 0.015640 0.034305
0 0.364614 0.193825 0.015640 0.029160
0 0.883675 0.185249 0.017595 0.037736
0 0.931574 0.198971 0.015640 0.042882
0 0.559140 0.109777 0.015640 0.022298
0 0.612903 0.137221 0.014663 0.034305
0 0.783969 0.193825 0.019550 0.044597
0 0.608016 0.214408 0.016618 0.034305
0 0.783969 0.154374 0.016618 0.036021
0 0.524927 0.200686 0.015640 0.036021
0 0.278592 0.255575 0.019550 0.036021
