0 0.410000 0.446746 0.058333 0.118343
0 0.051667 0.529586 0.078333 0.156805
0 0.900000 0.452663 0.061667 0.124260
0 0.540000 0.387574 0.053333 0.097633
0 0.148333 0.476331 0.085000 0.156805
0 0.678333 0.369822 0.058333 0.109467
0 0.388333 0.627219 0.150000 0.304734
0 0.453333 0.387574 0.038333 0.094675
0 0.386667 0.384615 0.046667 0.091716
0 0.701667 0.517751 0.103333 0.198225
0 0.530000 0.579882 0.116667 0.239645
0 0.765000 0.710059 0.201667 0.369822
0 0.516667 0.446746 0.061667 0.115385
0 0.586667 0.402367 0.036667 0.088757
0 0.341667 0.455621 0.061667 0.115385
0 0.933333 0.594675 0.128333 0.275148
