1 0.710000 0.407500 0.040000 0.077500
1 0.223333 0.310000 0.073333 0.125000
1 0.458333 0.445000 0.041667 0.062500
1 0.015000 0.467500 0.026667 0.060000
1 0.428333 0.565000 0.050000 0.085000
1 0.801667 0.407500 0.035000 0.065000
1 0.311667 0.392500 0.061667 0.107500
1 0.601667 0.345000 0.056667 0.112500
1 0.120000 0.385000 0.048333 0.075000
1 0.393333 0.435000 0.035000 0.070000
1 0.545000 0.425000 0.030000 0.060000
1 0.355000 0.465000 0.031667 0.065000
1 0.685000 0.630000 0.073333 0.102500
1 0.963333 0.407500 0.033333 0.070000
1 0.011667 0.370000 0.020000 0.075000
1 0.841667 0.400000 0.038333 0.065000
1 0.481667 0.432500 0.030000 0.062500
