0 0.950000 0.256410 0.010317 0.035256
0 0.768254 0.286859 0.017460 0.054487
0 0.602381 0.134615 0.014286 0.030449
0 0.923016 0.323718 0.014286 0.059295
0 0.561111 0.144231 0.014286 0.033654
0 0.960317 0.424679 0.025397 0.067308
0 0.957143 0.365385 0.018254 0.046474
0 0.229365 0.274038 0.022222 0.054487
0 0.357937 0.213141 0.015079 0.040064
0 0.438889 0.195513 0.017460 0.038462
0 0.463492 0.165064 0.014286 0.033654
0 0.978571 0.365385 0.014286 0.048077
0 0.265873 0.253205 0.020635 0.049679
0 0.442063 0.304487 0.023016 0.056090
0 0.785714 0.176282 0.015873 0.036859
0 0.976190 0.304487 0.011111 0.035256
0 0.587302 0.181090 0.012698 0.035256
0 0.585714 0.142628 0.014286 0.040064
0 0.975397 0.333333 0.014286 0.035256
0 0.532540 0.166667 0.015873 0.032051
0 0.614286 0.189103 0.012698 0.032051
0 0.861905 0.514423 0.028571 0.075321
0 0.793651 0.256410 0.017460 0.052885
0 0.667460 0.258013 0.028571 0.048077
0 0.828571 0.222756 0.014286 0.038462
0 0.311905 0.241987 0.018254 0.040064
0 0.113492 0.564103 0.046825 0.116987
0 0.378571 0.200321 0.015873 0.038462
0 0.742857 0.203526 0.014286 0.044872
0 0.559524 0.341346 0.028571 0.059295
0 0.911111 0.264423 0.011905 0.035256
0 0.729365 0.391026 0.026984 0.070513
0 0.815079 0.248397 0.015079 0.048077
0 0.323016 0.216346 0.018254 0.044872
0 0.503175 0.211538 0.017460 0.038462
0 0.420635 0.179487 0.011905 0.028846
0 0.618254 0.290064 0.025397 0.054487
0 0.812698 0.197115 0.015079 0.036859
0 0.759524 0.229167 0.016667 0.043269
0 0.980952 0.269231 0.012698 0.038462
0 0.873810 0.415064 0.024603 0.064103
0 0.478571 0.246795 0.022222 0.043269
0 0.663492 0.399038 0.025397 0.067308
0 0.670635 0.134615 0.014286 0.033654
0 0.690476 0.160256 0.013492 0.035256
0 0.860317 0.376603 0.020635 0.057692
0 0.673810 0.189103 0.012698 0.032051
0 0.338095 0.233974 0.019048 0.048077
0 0.621429 0.163462 0.019048 0.027244
0 0.473810 0.171474 0.014286 0.035256
0 0.719841 0.216346 0.014286 0.040064
0 0.557937 0.214744 0.017460 0.040064
0 0.498413 0.160256 0.013492 0.035256
0 0.640476 0.133013 0.014286 0.030449
0 0.377778 0.269231 0.020635 0.046474
0 0.626984 0.200321 0.017460 0.041667
0 0.876984 0.237179 0.016667 0.038462
0 0.693651 0.141026 0.013492 0.030449
0 0.706349 0.290064 0.026190 0.057692
0 0.487302 0.171474 0.017460 0.041667
0 0.819841 0.299679 0.018254 0.056090
0 0.711111 0.165064 0.015079 0.038462
0 0.936508 0.272436 0.015873 0.044872
0 0.615873 0.360577 0.026190 0.064103
0 0.409524 0.238782 0.019048 0.040064
0 0.395238 0.208333 0.015873 0.038462
0 0.892857 0.274038 0.018254 0.046474
0 0.574603 0.203526 0.015079 0.033654
