0 0.749316 0.150883 0.013674 0.024077
0 0.767548 0.154093 0.014585 0.027287
0 0.072015 0.272873 0.015497 0.035313
0 0.916135 0.255217 0.019143 0.044944
0 0.431176 0.170144 0.024613 0.040128
0 0.867821 0.197432 0.011851 0.032103
0 0.890611 0.260032 0.019143 0.038523
0 0.440292 0.216693 0.014585 0.022472
0 0.650866 0.160514 0.011851 0.019262
0 0.636281 0.147673 0.012762 0.020867
0 0.938924 0.202247 0.012762 0.035313
0 0.393801 0.149278 0.019143 0.038523
0 0.394713 0.197432 0.011851 0.028892
0 0.651778 0.130016 0.012762 0.019262
0 0.612580 0.110754 0.010939 0.020867
