0 0.495790 0.299501 0.027128 0.053245
0 0.620206 0.201331 0.019645 0.043261
0 0.492984 0.158070 0.014032 0.031614
0 0.748363 0.326123 0.036483 0.069884
0 0.885875 0.201331 0.015903 0.038270
0 0.413471 0.159734 0.013096 0.024958
0 0.890552 0.163062 0.014967 0.034942
0 0.563143 0.128120 0.014032 0.029950
0 0.630496 0.103161 0.012161 0.021631
0 0.422825 0.174709 0.015903 0.029950
0 0.341441 0.279534 0.021515 0.041597
0 0.614593 0.146423 0.015903 0.033278
0 0.625819 0.241265 0.023386 0.043261
0 0.583723 0.114809 0.014032 0.023295
0 0.690365 0.148087 0.014967 0.031614
0 0.555659 0.119800 0.011225 0.026622
0 0.798877 0.410982 0.036483 0.086522
0 0.858746 0.148087 0.013096 0.024958
0 0.353601 0.222962 0.014032 0.031614
0 0.381665 0.181364 0.015903 0.029950
0 0.514500 0.154742 0.013096 0.034942
0 0.564079 0.302829 0.023386 0.049917
0 0.462114 0.186356 0.018709 0.031614
0 0.544434 0.164725 0.014032 0.038270
0 0.901777 0.164725 0.014967 0.033278
0 0.927035 0.207987 0.015903 0.036606
0 0.278765 0.246256 0.016838 0.031614
0 0.927035 0.254576 0.015903 0.041597
0 0.708138 0.169717 0.019645 0.034942
0 0.728718 0.158070 0.016838 0.029950
0 0.920486 0.148087 0.014032 0.026622
0 0.382601 0.217970 0.016838 0.036606
0 0.527596 0.168053 0.015903 0.031614
0 0.660430 0.212978 0.021515 0.044925
0 0.654818 0.128120 0.013096 0.024958
0 0.639850 0.123128 0.012161 0.026622
0 0.486436 0.198003 0.021515 0.036606
0 0.775491 0.194676 0.021515 0.046589
0 0.745557 0.146423 0.014032 0.028286
0 0.465856 0.232945 0.022451 0.041597
0 0.523854 0.201331 0.020580 0.046589
0 0.577175 0.163062 0.017774 0.036606
0 0.898971 0.352745 0.030870 0.069884
0 0.831618 0.144759 0.014032 0.031614
0 0.735267 0.249584 0.025257 0.056572
0 0.175865 0.440932 0.048644 0.088186
0 0.833489 0.189684 0.017774 0.036606
0 0.295603 0.264559 0.018709 0.033278
0 0.904584 0.133111 0.014032 0.028286
0 0.693171 0.309484 0.032741 0.058236
0 0.787652 0.261231 0.022451 0.049917
0 0.597755 0.101498 0.013096 0.024958
0 0.806361 0.148087 0.014967 0.031614
0 0.701590 0.098170 0.013096 0.028286
0 0.862488 0.251248 0.022451 0.041597
0 0.851263 0.166389 0.014967 0.034942
0 0.756782 0.211314 0.022451 0.051581
0 0.510758 0.124792 0.014032 0.024958
0 0.662301 0.178037 0.021515 0.043261
0 0.372311 0.277870 0.019645 0.038270
0 0.405051 0.188020 0.014032 0.028286
0 0.430309 0.229617 0.020580 0.041597
0 0.292797 0.234609 0.015903 0.028286
0 0.473340 0.134775 0.013096 0.029950
0 0.862488 0.124792 0.012161 0.026622
0 0.563143 0.252912 0.021515 0.044925
0 0.448082 0.184692 0.014032 0.036606
0 0.623948 0.098170 0.010290 0.021631
0 0.844715 0.116473 0.014032 0.034942
0 0.608045 0.321131 0.028999 0.058236
0 0.767072 0.143095 0.015903 0.036606
0 0.730589 0.193012 0.021515 0.044925
0 0.478952 0.161398 0.016838 0.028286
0 0.849392 0.284526 0.023386 0.048253
0 0.709074 0.234609 0.018709 0.038270
