0 0.687151 0.211765 0.022346 0.043697
0 0.849162 0.146218 0.012104 0.040336
0 0.908752 0.258824 0.023277 0.045378
0 0.789572 0.134454 0.015829 0.036975
0 0.753259 0.257143 0.027002 0.052101
0 0.670391 0.176471 0.019553 0.036975
0 0.625698 0.089076 0.011173 0.023529
0 0.350093 0.273950 0.027002 0.036975
0 0.515829 0.198319 0.026071 0.048739
0 0.634078 0.206723 0.020484 0.042017
0 0.784916 0.309244 0.027933 0.052101
0 0.916201 0.218487 0.017691 0.036975
0 0.646182 0.090756 0.011173 0.025210
0 0.735568 0.121008 0.014898 0.033613
0 0.658287 0.299160 0.030726 0.043697
0 0.453445 0.171429 0.019553 0.035294
0 0.555866 0.110924 0.012104 0.020168
0 0.779330 0.117647 0.011173 0.031933
0 0.606145 0.265546 0.023277 0.055462
0 0.757914 0.122689 0.012104 0.023529
0 0.468343 0.248739 0.026071 0.043697
0 0.660149 0.050420 0.015829 0.028571
0 0.881750 0.154622 0.011173 0.030252
0 0.345438 0.210084 0.018622 0.031933
0 0.505587 0.282353 0.027933 0.053782
0 0.733706 0.295798 0.027002 0.053782
0 0.827747 0.134454 0.013966 0.038655
0 0.631285 0.107563 0.015829 0.035294
0 0.849162 0.191597 0.020484 0.030252
0 0.260708 0.280672 0.019553 0.030252
0 0.438547 0.247059 0.027933 0.038655
0 0.661080 0.205042 0.021415 0.047059
0 0.594041 0.112605 0.012104 0.020168
0 0.922719 0.188235 0.015829 0.033613
0 0.165736 0.351261 0.038175 0.080672
0 0.353818 0.235294 0.019553 0.033613
0 0.457169 0.221849 0.022346 0.035294
0 0.742086 0.194958 0.025140 0.042017
0 0.673184 0.337815 0.033520 0.057143
0 0.590317 0.347899 0.029795 0.065546
0 0.755121 0.102521 0.014898 0.036975
0 0.753259 0.171429 0.016760 0.031933
0 0.317505 0.220168 0.016760 0.033613
0 0.720670 0.139496 0.017691 0.035294
0 0.377095 0.250420 0.018622 0.028571
0 0.859404 0.139496 0.015829 0.036975
0 0.482309 0.201681 0.017691 0.031933
0 0.330540 0.238655 0.021415 0.033613
0 0.614525 0.142857 0.019553 0.035294
0 0.523277 0.122689 0.013035 0.025210
0 0.888268 0.168067 0.016760 0.036975
0 0.894786 0.139496 0.010242 0.033613
0 0.384544 0.193277 0.020484 0.035294
0 0.806331 0.132773 0.014898 0.023529
0 0.567970 0.121008 0.018622 0.025210
0 0.871508 0.240336 0.016760 0.035294
0 0.431099 0.210084 0.016760 0.025210
0 0.567970 0.245378 0.021415 0.043697
0 0.687151 0.181513 0.020484 0.031933
0 0.532588 0.346218 0.025140 0.050420
0 0.500000 0.147899 0.013966 0.026891
0 0.572626 0.171429 0.022346 0.040336
0 0.468343 0.149580 0.013966 0.026891
0 0.925512 0.152941 0.015829 0.026891
0 0.376164 0.218487 0.018622 0.028571
0 0.788641 0.181513 0.020484 0.035294
