0 0.494005 0.134722 0.014388 0.025000
0 0.615508 0.227778 0.023181 0.044444
0 0.356515 0.220833 0.018385 0.037500
0 0.872102 0.141667 0.011990 0.027778
0 0.865707 0.258333 0.023981 0.051389
0 0.453237 0.173611 0.009592 0.030556
0 0.358114 0.297222 0.019984 0.033333
0 0.688249 0.187500 0.020783 0.030556
0 0.422862 0.258333 0.022382 0.034722
0 0.587530 0.116667 0.011990 0.025000
0 0.866507 0.219444 0.018385 0.041667
0 0.665068 0.108333 0.017586 0.030556
0 0.783373 0.154167 0.015188 0.033333
0 0.765787 0.152778 0.015188 0.038889
0 0.665867 0.261111 0.021583 0.051389
0 0.841727 0.129167 0.016787 0.033333
0 0.725020 0.136111 0.017586 0.031944
0 0.809752 0.126389 0.011990 0.030556
0 0.561151 0.152778 0.019185 0.030556
0 0.608313 0.147222 0.019185 0.037500
0 0.828137 0.231944 0.020783 0.043056
0 0.539568 0.188889 0.023181 0.041667
0 0.824141 0.169444 0.016787 0.037500
0 0.834532 0.143056 0.018385 0.029167
0 0.375699 0.234722 0.017586 0.040278
0 0.330136 0.291667 0.021583 0.038889
0 0.775380 0.302778 0.024780 0.048611
0 0.503597 0.191667 0.019984 0.038889
0 0.663469 0.215278 0.021583 0.040278
0 0.447642 0.156944 0.013589 0.027778
0 0.894484 0.193056 0.018385 0.029167
0 0.729816 0.188889 0.023181 0.036111
0 0.754596 0.245833 0.023981 0.047222
0 0.768985 0.225000 0.023181 0.045833
0 0.878497 0.434722 0.039968 0.088889
0 0.855316 0.170833 0.024780 0.043056
0 0.400480 0.237500 0.018385 0.031944
0 0.838529 0.351389 0.028777 0.063889
0 0.290168 0.270833 0.018385 0.036111
0 0.612310 0.329167 0.034373 0.058333
0 0.748201 0.120833 0.015188 0.030556
0 0.667466 0.136111 0.019984 0.030556
0 0.312550 0.236111 0.017586 0.034722
0 0.537970 0.284722 0.025580 0.051389
0 0.647482 0.138889 0.015987 0.029167
0 0.649880 0.100000 0.017586 0.029167
0 0.905675 0.350000 0.018385 0.051389
0 0.169464 0.483333 0.047162 0.076389
0 0.697042 0.233333 0.022382 0.044444
0 0.566747 0.123611 0.016787 0.025000
0 0.469225 0.155556 0.014388 0.030556
0 0.808153 0.169444 0.015188 0.030556
0 0.583533 0.168056 0.016787 0.026389
0 0.841727 0.304167 0.031974 0.056944
0 0.533973 0.140278 0.015987 0.027778
0 0.616307 0.268056 0.020783 0.041667
0 0.920064 0.294444 0.023981 0.043056
0 0.450040 0.193056 0.013589 0.031944
0 0.626699 0.122222 0.014388 0.030556
0 0.583533 0.134722 0.021583 0.030556
0 0.499600 0.227778 0.022382 0.041667
0 0.695444 0.111111 0.015188 0.027778
0 0.926459 0.213889 0.014388 0.029167
0 0.795364 0.119444 0.015188 0.036111
0 0.741807 0.152778 0.018385 0.030556
0 0.905675 0.140278 0.015987 0.034722
0 0.508393 0.137500 0.015188 0.025000
0 0.342126 0.222222 0.019185 0.038889
0 0.816946 0.261111 0.023181 0.038889
0 0.411671 0.198611 0.013589 0.033333
0 0.942446 0.173611 0.013589 0.031944
0 0.557154 0.243056 0.026379 0.048611
