0 0.913938 0.270764 0.023386 0.056478
0 0.723106 0.141196 0.016838 0.041528
0 0.314312 0.247508 0.017774 0.043189
0 0.547240 0.149502 0.017774 0.043189
0 0.560337 0.111296 0.014967 0.029900
0 0.927035 0.192691 0.014967 0.033223
0 0.694107 0.181063 0.019645 0.041528
0 0.809167 0.257475 0.026193 0.054817
0 0.794200 0.141196 0.017774 0.034884
0 0.424696 0.182724 0.019645 0.028239
0 0.482694 0.205980 0.019645 0.033223
0 0.384471 0.197674 0.015903 0.036545
0 0.663237 0.209302 0.021515 0.051495
0 0.516370 0.275748 0.024322 0.051495
0 0.476146 0.249169 0.023386 0.043189
0 0.739008 0.294020 0.028064 0.069767
0 0.594949 0.119601 0.013096 0.023256
0 0.569691 0.127907 0.012161 0.023256
0 0.687558 0.222591 0.025257 0.044850
0 0.455566 0.227575 0.019645 0.036545
0 0.718428 0.078073 0.014032 0.031561
0 0.928906 0.154485 0.014967 0.036545
0 0.432180 0.220930 0.019645 0.039867
0 0.362021 0.244186 0.018709 0.043189
0 0.635173 0.207641 0.022451 0.051495
0 0.634238 0.119601 0.016838 0.028239
0 0.826006 0.156146 0.014032 0.033223
0 0.789523 0.186047 0.019645 0.036545
0 0.534144 0.345515 0.029935 0.056478
0 0.510758 0.167774 0.019645 0.033223
0 0.520112 0.129568 0.012161 0.028239
0 0.345182 0.212625 0.019645 0.036545
0 0.452760 0.174419 0.018709 0.036545
0 0.750234 0.141196 0.017774 0.033223
0 0.871843 0.242525 0.017774 0.043189
0 0.446211 0.189369 0.018709 0.041528
0 0.568756 0.245847 0.020580 0.046512
0 0.294668 0.262458 0.021515 0.038206
0 0.839102 0.131229 0.013096 0.024917
0 0.738073 0.122924 0.014032 0.029900
0 0.478017 0.172757 0.022451 0.031561
0 0.593078 0.352159 0.029935 0.073090
0 0.805426 0.134551 0.015903 0.031561
0 0.583723 0.134551 0.012161 0.026578
0 0.790458 0.317276 0.026193 0.064784
0 0.260056 0.280731 0.016838 0.036545
0 0.892423 0.137874 0.012161 0.024917
0 0.484565 0.129568 0.014032 0.024917
0 0.574369 0.172757 0.018709 0.039867
0 0.411600 0.167774 0.013096 0.033223
0 0.668849 0.174419 0.014967 0.034884
0 0.764266 0.127907 0.017774 0.043189
0 0.647334 0.094684 0.013096 0.029900
0 0.634238 0.098007 0.012161 0.019934
0 0.619270 0.141196 0.016838 0.033223
0 0.153414 0.355482 0.049579 0.084718
0 0.757717 0.255814 0.029935 0.056478
0 0.861553 0.142857 0.017774 0.044850
0 0.466791 0.154485 0.014967 0.028239
0 0.782975 0.119601 0.013096 0.034884
0 0.606174 0.272425 0.023386 0.049834
0 0.742750 0.196013 0.020580 0.048173
0 0.656688 0.294020 0.028064 0.058140
0 0.619270 0.056478 0.014032 0.028239
0 0.330215 0.242525 0.018709 0.031561
0 0.517306 0.202658 0.022451 0.044850
0 0.533209 0.134551 0.014967 0.031561
0 0.892423 0.166113 0.017774 0.034884
