0 0.803636 0.498783 0.034545 0.053528
0 0.636364 0.440389 0.025455 0.041363
0 0.760000 0.506083 0.043636 0.053528
0 0.400000 0.447689 0.029091 0.046229
0 0.612727 0.527981 0.045455 0.065693
0 0.047273 0.459854 0.029091 0.051095
0 0.425455 0.462287 0.027273 0.043796
0 0.207273 0.454988 0.034545 0.051095
0 0.514545 0.433090 0.020000 0.034063
0 0.700000 0.464720 0.027273 0.048662
0 0.936364 0.513382 0.050909 0.053528
0 0.823636 0.472019 0.030909 0.053528
0 0.552727 0.435523 0.025455 0.031630
0 0.305455 0.435523 0.029091 0.046229
0 0.245455 0.440389 0.030909 0.058394
0 0.016364 0.450122 0.027273 0.053528
0 0.072727 0.520681 0.045455 0.055961
0 0.281818 0.545012 0.052727 0.075426
0 0.747273 0.445255 0.023636 0.043796
0 0.589091 0.467153 0.029091 0.041363
0 0.374545 0.481752 0.036364 0.051095
0 0.283636 0.467153 0.040000 0.046229
0 0.098182 0.484185 0.032727 0.048662
0 0.174545 0.479319 0.038182 0.053528
0 0.487273 0.420925 0.023636 0.031630
0 0.538182 0.467153 0.032727 0.046229
0 0.256364 0.503650 0.040000 0.058394
0 0.394545 0.540146 0.041818 0.075426
0 0.472727 0.452555 0.030909 0.038929
0 0.614545 0.454988 0.029091 0.043796
0 0.101818 0.739659 0.096364 0.136253
0 0.340000 0.452555 0.027273 0.038929
0 0.349091 0.408759 0.029091 0.034063
0 0.712727 0.603406 0.060000 0.094891
0 0.140000 0.457421 0.029091 0.043796
0 0.169091 0.523114 0.049091 0.068127
0 0.649091 0.659367 0.065455 0.094891
0 0.943636 0.486618 0.032727 0.046229
0 0.372727 0.420925 0.025455 0.038929
0 0.545455 0.574209 0.056364 0.082725
0 0.441818 0.430657 0.027273 0.038929
0 0.880000 0.459854 0.030909 0.048662
0 0.485455 0.520681 0.036364 0.055961
