0 0.693662 0.379108 0.032570 0.049296
0 0.641725 0.373239 0.028169 0.045775
0 0.395246 0.462441 0.108275 0.143192
0 0.568662 0.387324 0.026408 0.046948
0 0.441021 0.388498 0.039613 0.061033
0 0.757042 0.397887 0.047535 0.062207
0 0.622359 0.435446 0.066901 0.110329
0 0.845070 0.404930 0.036972 0.050469
0 0.672535 0.394366 0.031690 0.037559
0 0.328345 0.389671 0.045775 0.056338
0 0.094190 0.379108 0.031690 0.051643
0 0.303697 0.372066 0.029930 0.049296
0 0.193662 0.372066 0.034331 0.051643
0 0.375880 0.369718 0.029930 0.044601
0 0.217430 0.367371 0.029930 0.049296
0 0.472711 0.366197 0.025528 0.042254
0 0.528169 0.381455 0.028169 0.045775
0 0.399648 0.365023 0.024648 0.041080
0 0.678697 0.426056 0.042254 0.066901
0 0.134683 0.393192 0.063380 0.078638
0 0.025528 0.428404 0.048415 0.117371
0 0.513204 0.409624 0.037852 0.061033
0 0.206866 0.442488 0.094190 0.109155
0 0.245599 0.389671 0.059859 0.083333
0 0.477113 0.430751 0.064261 0.085681
0 0.785211 0.399061 0.034331 0.055164
