0 0.827425 0.147595 0.013993 0.033167
0 0.633396 0.106136 0.013993 0.033167
0 0.793843 0.137645 0.013060 0.034826
0 0.638993 0.182421 0.022388 0.043118
0 0.679104 0.155887 0.021455 0.038143
0 0.607276 0.112769 0.012127 0.023217
0 0.317164 0.218905 0.016791 0.034826
0 0.386194 0.202322 0.020522 0.036484
0 0.627799 0.124378 0.019590 0.029851
0 0.761194 0.139303 0.016791 0.029851
0 0.565299 0.111111 0.017724 0.026534
0 0.807836 0.122720 0.014925 0.033167
0 0.497201 0.147595 0.014925 0.028192
0 0.689366 0.096186 0.017724 0.036484
0 0.707090 0.281924 0.031716 0.059701
0 0.580224 0.126036 0.015858 0.023217
0 0.466418 0.160862 0.017724 0.039801
0 0.555970 0.300166 0.029851 0.053068
0 0.478545 0.135987 0.013060 0.026534
0 0.338619 0.220564 0.017724 0.036484
0 0.450560 0.169154 0.016791 0.023217
0 0.735075 0.137645 0.015858 0.034826
0 0.892724 0.131012 0.013993 0.028192
0 0.788246 0.182421 0.018657 0.044776
0 0.916978 0.266998 0.024254 0.058043
0 0.584888 0.140962 0.015858 0.028192
0 0.862873 0.150912 0.015858 0.034826
0 0.754664 0.222222 0.025187 0.051410
0 0.603545 0.212272 0.021455 0.041459
0 0.304104 0.288557 0.018657 0.036484
0 0.437500 0.192371 0.017724 0.038143
0 0.597948 0.257048 0.023321 0.053068
0 0.886194 0.169154 0.013060 0.038143
0 0.738806 0.182421 0.018657 0.043118
0 0.837687 0.192371 0.019590 0.046434
0 0.413246 0.222222 0.019590 0.039801
0 0.777052 0.114428 0.014925 0.033167
0 0.815299 0.157546 0.014925 0.036484
0 0.741604 0.102819 0.016791 0.029851
0 0.865672 0.127695 0.012127 0.031509
0 0.597948 0.165837 0.023321 0.034826
0 0.665112 0.346600 0.028918 0.064677
0 0.050373 0.404643 0.040112 0.076285
0 0.571828 0.160862 0.016791 0.036484
0 0.534515 0.202322 0.018657 0.036484
0 0.546642 0.154229 0.017724 0.038143
0 0.402985 0.174129 0.015858 0.034826
0 0.254664 0.285240 0.022388 0.033167
0 0.707090 0.139303 0.014925 0.031509
0 0.694963 0.222222 0.025187 0.051410
0 0.588619 0.099502 0.013060 0.023217
0 0.444963 0.145937 0.016791 0.029851
0 0.297575 0.253731 0.017724 0.044776
0 0.332090 0.286899 0.022388 0.041459
0 0.610075 0.097844 0.010261 0.019900
0 0.608209 0.139303 0.014925 0.021559
0 0.723881 0.157546 0.016791 0.038143
0 0.360075 0.220564 0.014925 0.034826
0 0.594216 0.376451 0.029851 0.054726
0 0.852612 0.160862 0.013993 0.033167
0 0.378731 0.230514 0.016791 0.038143
0 0.664179 0.203980 0.020522 0.046434
0 0.399254 0.296849 0.024254 0.048093
0 0.514925 0.155887 0.014925 0.031509
0 0.555037 0.243781 0.026119 0.046434
0 0.871269 0.202322 0.018657 0.049751
0 0.671642 0.238806 0.025187 0.044776
0 0.922575 0.150912 0.020522 0.036484
0 0.528918 0.137645 0.017724 0.034826
0 0.863806 0.227197 0.017724 0.044776
0 0.486940 0.293532 0.025187 0.051410
0 0.286381 0.265340 0.016791 0.038143
0 0.736007 0.121061 0.011194 0.026534
0 0.685634 0.177446 0.020522 0.038143
0 0.771455 0.283582 0.030784 0.061360
0 0.753731 0.159204 0.015858 0.041459
