0 0.337262 0.224556 0.014506 0.033926
0 0.928377 0.256866 0.019039 0.048465
0 0.908432 0.150242 0.009973 0.022617
0 0.552131 0.147011 0.011786 0.029079
0 0.527652 0.185784 0.016319 0.035541
0 0.419764 0.171244 0.014506 0.029079
0 0.773345 0.255250 0.020852 0.045234
0 0.645512 0.168013 0.013599 0.035541
0 0.902992 0.193861 0.012693 0.037157
0 0.781505 0.142165 0.010879 0.032310
0 0.794198 0.177706 0.012693 0.033926
0 0.632820 0.119548 0.009066 0.019386
0 0.893019 0.240711 0.019946 0.040388
0 0.515866 0.159935 0.013599 0.027464
0 0.562103 0.195477 0.014506 0.037157
0 0.831369 0.182553 0.011786 0.030695
0 0.893019 0.222940 0.019946 0.040388
0 0.679057 0.135703 0.012693 0.030695
0 0.873980 0.171244 0.013599 0.032310
0 0.687217 0.121163 0.011786 0.025848
0 0.485947 0.156704 0.013599 0.029079
0 0.466908 0.210016 0.017226 0.037157
0 0.652765 0.245557 0.018132 0.045234
0 0.447869 0.206785 0.016319 0.035541
0 0.660018 0.189015 0.016319 0.038772
0 0.300091 0.218094 0.015413 0.037157
0 0.640073 0.129241 0.009973 0.024233
0 0.786945 0.158320 0.010879 0.027464
0 0.416138 0.240711 0.019946 0.040388
0 0.371714 0.214863 0.017226 0.033926
0 0.761559 0.352181 0.027199 0.063005
0 0.553944 0.137318 0.012693 0.029079
0 0.111514 0.382876 0.037171 0.075929
0 0.943790 0.190630 0.014506 0.030695
0 0.542158 0.166397 0.014506 0.032310
0 0.708976 0.122779 0.013599 0.032310
0 0.430644 0.163166 0.009066 0.025848
0 0.625567 0.143780 0.013599 0.029079
0 0.828649 0.261712 0.023572 0.051696
0 0.599275 0.166397 0.010879 0.030695
0 0.699003 0.321486 0.030825 0.061389
0 0.294651 0.247173 0.012693 0.037157
0 0.713509 0.193861 0.018132 0.040388
0 0.608341 0.168013 0.015413 0.038772
0 0.730734 0.179321 0.017226 0.035541
0 0.379873 0.184168 0.014506 0.030695
0 0.502267 0.134087 0.009973 0.024233
0 0.640073 0.255250 0.021759 0.046850
0 0.419764 0.192246 0.015413 0.030695
0 0.691750 0.261712 0.019946 0.046850
0 0.803264 0.214863 0.019946 0.045234
0 0.734361 0.155089 0.016319 0.037157
0 0.497733 0.187399 0.016319 0.033926
0 0.380780 0.239095 0.018132 0.042003
0 0.854034 0.158320 0.012693 0.032310
0 0.357208 0.227787 0.019039 0.040388
0 0.737987 0.245557 0.022665 0.048465
0 0.837715 0.169628 0.011786 0.030695
0 0.796011 0.289176 0.024479 0.054927
0 0.935630 0.227787 0.015413 0.032310
0 0.598368 0.234249 0.019039 0.048465
0 0.401632 0.216478 0.017226 0.038772
0 0.650952 0.127625 0.009973 0.022617
0 0.354488 0.180937 0.011786 0.030695
0 0.866727 0.187399 0.015413 0.033926
0 0.805077 0.147011 0.009973 0.032310
0 0.761559 0.140549 0.012693 0.035541
0 0.909338 0.366721 0.023572 0.061389
0 0.446056 0.164782 0.011786 0.033926
0 0.446056 0.250404 0.019039 0.045234
0 0.839529 0.231018 0.019946 0.042003
0 0.905712 0.174475 0.011786 0.029079
0 0.936537 0.210016 0.012693 0.037157
0 0.819583 0.147011 0.011786 0.027464
