0 0.793071 0.129568 0.014981 0.039867
0 0.452247 0.144518 0.012172 0.028239
0 0.499064 0.237542 0.021536 0.048173
0 0.710674 0.295681 0.029026 0.059801
0 0.588951 0.134551 0.013109 0.024917
0 0.676966 0.345515 0.038390 0.073090
0 0.325843 0.267442 0.020599 0.041528
0 0.821161 0.171096 0.014045 0.029900
0 0.768727 0.137874 0.014981 0.039867
0 0.897004 0.136213 0.014045 0.033223
0 0.619850 0.107973 0.013109 0.031561
0 0.692884 0.222591 0.020599 0.053156
0 0.771536 0.285714 0.026217 0.054817
0 0.647004 0.177741 0.018727 0.044850
0 0.457865 0.169435 0.014045 0.023256
0 0.463483 0.199336 0.017790 0.036545
0 0.452247 0.225914 0.022472 0.041528
0 0.874532 0.230897 0.021536 0.048173
0 0.812734 0.141196 0.014981 0.028239
0 0.282772 0.279070 0.019663 0.044850
0 0.419476 0.225914 0.017790 0.041528
0 0.797753 0.177741 0.017790 0.049834
0 0.542135 0.204319 0.020599 0.039867
0 0.686330 0.144518 0.014981 0.033223
0 0.472846 0.151163 0.013109 0.029900
0 0.261236 0.289037 0.021536 0.038206
0 0.573034 0.167774 0.020599 0.036545
0 0.733146 0.157807 0.014981 0.038206
0 0.852060 0.197674 0.020599 0.043189
0 0.373596 0.232558 0.016854 0.034884
0 0.622659 0.146179 0.017790 0.038206
0 0.852996 0.161130 0.019663 0.043189
0 0.533708 0.177741 0.019663 0.033223
0 0.562734 0.302326 0.026217 0.056478
0 0.583333 0.156146 0.013109 0.029900
0 0.867041 0.157807 0.015918 0.033223
0 0.874532 0.200997 0.019663 0.039867
0 0.677903 0.247508 0.024345 0.049834
0 0.632022 0.132890 0.015918 0.026578
0 0.933521 0.171096 0.014045 0.034884
0 0.326779 0.225914 0.016854 0.036545
0 0.408240 0.181063 0.015918 0.033223
0 0.040262 0.403654 0.037453 0.074751
0 0.397940 0.308970 0.025281 0.051495
0 0.487828 0.139535 0.015918 0.028239
0 0.344569 0.285714 0.022472 0.038206
0 0.668539 0.214286 0.020599 0.049834
0 0.598315 0.106312 0.014981 0.034884
0 0.353933 0.245847 0.019663 0.039867
0 0.625468 0.196013 0.018727 0.043189
0 0.695693 0.186047 0.018727 0.041528
0 0.932584 0.280731 0.023408 0.054817
0 0.742509 0.205980 0.020599 0.049834
0 0.303371 0.262458 0.016854 0.044850
0 0.755618 0.159468 0.018727 0.043189
0 0.894195 0.172757 0.019663 0.041528
0 0.640449 0.107973 0.014045 0.033223
0 0.489700 0.307309 0.030899 0.061462
0 0.345506 0.219269 0.015918 0.041528
0 0.605805 0.332226 0.029963 0.059801
0 0.747191 0.116279 0.019663 0.036545
0 0.829588 0.134551 0.016854 0.041528
0 0.710674 0.141196 0.015918 0.036545
0 0.760300 0.235880 0.022472 0.046512
0 0.528090 0.142857 0.018727 0.033223
0 0.427903 0.184385 0.016854 0.034884
0 0.870787 0.129568 0.017790 0.038206
0 0.551498 0.136213 0.014045 0.028239
0 0.483146 0.169435 0.014981 0.031561
0 0.558989 0.146179 0.014045 0.028239
0 0.569288 0.119601 0.012172 0.026578
0 0.689139 0.106312 0.015918 0.033223
0 0.565543 0.240864 0.022472 0.046512
0 0.672285 0.127907 0.014981 0.034884
