0 0.784708 0.250000 0.086519 0.140625
0 0.392354 0.340625 0.060362 0.125000
0 0.261569 0.290625 0.064386 0.106250
0 0.452716 0.431250 0.052314 0.112500
0 0.142857 0.340625 0.070423 0.109375
0 0.247485 0.428125 0.080483 0.146875
0 0.535211 0.321875 0.058350 0.109375
0 0.698189 0.296875 0.058350 0.115625
0 0.164990 0.428125 0.090543 0.146875
0 0.879276 0.359375 0.068410 0.118750
0 0.615694 0.428125 0.048290 0.103125
0 0.553320 0.443750 0.072435 0.128125
0 0.080483 0.365625 0.064386 0.112500
0 0.615694 0.303125 0.072435 0.115625
0 0.074447 0.225000 0.086519 0.134375
