0 0.511429 0.482684 0.075714 0.123377
0 0.722857 0.443723 0.087143 0.155844
0 0.682857 0.274892 0.050000 0.108225
0 0.797143 0.331169 0.058571 0.110390
0 0.865714 0.372294 0.084286 0.134199
0 0.618571 0.255411 0.045714 0.086580
0 0.660000 0.571429 0.078571 0.145022
0 0.885714 0.569264 0.091429 0.179654
0 0.758571 0.264069 0.041429 0.088745
0 0.070000 0.322511 0.052857 0.075758
0 0.387143 0.307359 0.045714 0.069264
0 0.831429 0.175325 0.040000 0.093074
0 0.114286 0.885281 0.164286 0.207792
0 0.325714 0.586580 0.091429 0.173160
0 0.581429 0.322511 0.058571 0.103896
0 0.960000 0.333333 0.067143 0.103896
0 0.710000 0.242424 0.040000 0.082251
0 0.030000 0.448052 0.057143 0.127706
0 0.975714 0.186147 0.040000 0.073593
0 0.404286 0.393939 0.060000 0.132035
0 0.081429 0.279221 0.048571 0.069264
0 0.104286 0.688312 0.108571 0.147186
0 0.550000 0.835498 0.152857 0.277056
0 0.050000 0.610390 0.085714 0.151515
0 0.484286 0.660173 0.110000 0.177489
0 0.057143 0.471861 0.074286 0.127706
0 0.754286 0.709957 0.098571 0.168831
0 0.241429 0.307359 0.067143 0.090909
