0 0.819631 0.479050 0.040268 0.062849
0 0.638423 0.209497 0.014262 0.026536
0 0.757550 0.213687 0.014262 0.025140
0 0.720638 0.494413 0.044463 0.079609
0 0.761745 0.256983 0.017617 0.032123
0 0.547819 0.241620 0.015940 0.036313
0 0.953859 0.273743 0.016779 0.030726
0 0.926174 0.449721 0.031879 0.060056
0 0.781040 0.270950 0.017617 0.034916
0 0.478188 0.256983 0.015940 0.032123
0 0.616611 0.240223 0.015940 0.029330
0 0.591443 0.402235 0.031879 0.051676
0 0.623322 0.195531 0.015940 0.032123
0 0.625000 0.409218 0.036074 0.058659
0 0.797819 0.258380 0.015101 0.037709
0 0.363255 0.280726 0.015101 0.036313
0 0.701342 0.335196 0.026007 0.048883
0 0.717282 0.237430 0.016779 0.032123
0 0.754195 0.393855 0.028523 0.062849
0 0.687081 0.219274 0.017617 0.023743
0 0.612416 0.318436 0.026007 0.044693
0 0.679530 0.357542 0.030201 0.064246
0 0.748322 0.240223 0.015101 0.036313
0 0.673658 0.430168 0.036074 0.057263
0 0.479027 0.229050 0.015101 0.025140
0 0.526846 0.268156 0.018456 0.033520
0 0.291107 0.296089 0.015940 0.034916
0 0.734899 0.272346 0.017617 0.034916
0 0.860738 0.431564 0.034396 0.057263
0 0.699664 0.215084 0.017617 0.032123
0 0.867450 0.294693 0.018456 0.036313
0 0.652685 0.238827 0.015940 0.025140
0 0.452181 0.326816 0.022651 0.037709
0 0.550336 0.364525 0.026846 0.050279
0 0.616611 0.213687 0.014262 0.026536
0 0.952181 0.297486 0.014262 0.032123
0 0.234060 0.325419 0.015940 0.034916
0 0.913591 0.275140 0.017617 0.036313
0 0.779362 0.241620 0.015101 0.029330
0 0.646812 0.298883 0.023490 0.044693
0 0.444631 0.294693 0.020134 0.040503
0 0.887584 0.244413 0.017617 0.032123
0 0.881711 0.326816 0.022651 0.043296
0 0.161074 0.442737 0.045302 0.079609
0 0.415268 0.322626 0.020973 0.036313
0 0.827181 0.233240 0.017617 0.034916
0 0.296980 0.349162 0.020973 0.041899
0 0.824664 0.349162 0.023490 0.044693
0 0.828020 0.296089 0.017617 0.040503
0 0.446309 0.259777 0.015940 0.029330
0 0.528523 0.230447 0.018456 0.037709
0 0.362416 0.317039 0.017617 0.034916
0 0.472315 0.234637 0.015101 0.029330
0 0.681208 0.201117 0.012584 0.026536
0 0.417785 0.284916 0.018456 0.030726
0 0.506711 0.258380 0.016779 0.030726
0 0.583893 0.233240 0.015940 0.033520
0 0.554530 0.391061 0.031879 0.053073
0 0.403523 0.247207 0.015940 0.033520
0 0.905201 0.307263 0.019295 0.034916
0 0.581376 0.208101 0.016779 0.027933
0 0.516779 0.367318 0.031879 0.060056
0 0.681208 0.266760 0.019295 0.034916
0 0.928691 0.378492 0.021812 0.047486
0 0.857383 0.247207 0.017617 0.036313
0 0.797819 0.226257 0.017617 0.036313
0 0.433725 0.250000 0.014262 0.029330
0 0.660235 0.337989 0.025168 0.050279
0 0.262584 0.329609 0.020973 0.040503
0 0.392617 0.326816 0.017617 0.036313
0 0.945470 0.339385 0.016779 0.036313
0 0.346477 0.349162 0.023490 0.048883
0 0.583054 0.262570 0.019295 0.043296
0 0.481544 0.290503 0.020973 0.033520
