0 0.968750 0.295652 0.016047 0.021739
0 0.359797 0.381159 0.024493 0.046377
0 0.840372 0.262319 0.014358 0.030435
0 0.594595 0.239130 0.013514 0.021739
0 0.480574 0.262319 0.014358 0.026087
0 0.394426 0.365217 0.018581 0.037681
0 0.598818 0.259420 0.016047 0.030435
0 0.866554 0.542029 0.034628 0.066667
0 0.473818 0.359420 0.026182 0.042029
0 0.390203 0.340580 0.017736 0.031884
0 0.697635 0.244928 0.012669 0.031884
0 0.879223 0.323188 0.017736 0.037681
0 0.589527 0.275362 0.016892 0.031884
0 0.675676 0.353623 0.021959 0.040580
0 0.249155 0.353623 0.017736 0.036232
0 0.771959 0.239130 0.013514 0.028986
0 0.508446 0.286957 0.016047 0.030435
0 0.873311 0.269565 0.015203 0.030435
0 0.491554 0.252174 0.013514 0.027536
0 0.494932 0.320290 0.021959 0.037681
0 0.957770 0.334783 0.017736 0.033333
0 0.905405 0.382609 0.022804 0.043478
0 0.639358 0.447826 0.030405 0.068116
0 0.453547 0.295652 0.017736 0.031884
0 0.422297 0.294203 0.014358 0.036232
0 0.537162 0.295652 0.016047 0.030435
0 0.430743 0.315942 0.016892 0.031884
0 0.018581 0.430435 0.023649 0.043478
0 0.638514 0.221739 0.016047 0.027536
0 0.664696 0.243478 0.014358 0.033333
0 0.928209 0.307246 0.016047 0.036232
0 0.713682 0.246377 0.014358 0.027536
0 0.633446 0.394203 0.030405 0.052174
0 0.942568 0.485507 0.028716 0.062319
0 0.672297 0.263768 0.018581 0.026087
0 0.422297 0.359420 0.023649 0.036232
0 0.280405 0.362319 0.021115 0.046377
0 0.970439 0.315942 0.015203 0.026087
0 0.709459 0.331884 0.020270 0.039130
0 0.892736 0.433333 0.024493 0.044928
0 0.711993 0.285507 0.018581 0.033333
0 0.751689 0.311594 0.018581 0.042029
0 0.768581 0.265217 0.016047 0.036232
0 0.543919 0.265217 0.015203 0.033333
0 0.696791 0.469565 0.033784 0.060870
0 0.546453 0.331884 0.020270 0.037681
0 0.446791 0.276812 0.013514 0.030435
0 0.564189 0.385507 0.021959 0.044928
0 0.687500 0.234783 0.014358 0.023188
0 0.961149 0.372464 0.017736 0.042029
0 0.777872 0.282609 0.016047 0.037681
0 0.466216 0.327536 0.023649 0.037681
0 0.300676 0.324638 0.018581 0.036232
0 0.907095 0.275362 0.011824 0.031884
0 0.771959 0.420290 0.032939 0.056522
0 0.843750 0.376812 0.024493 0.046377
0 0.907095 0.333333 0.016892 0.033333
0 0.565878 0.421739 0.027872 0.046377
0 0.891892 0.276812 0.013514 0.027536
0 0.302365 0.381159 0.021115 0.047826
0 0.658784 0.310145 0.021115 0.042029
0 0.826858 0.421739 0.028716 0.053623
0 0.586149 0.304348 0.019426 0.037681
0 0.523649 0.413043 0.031250 0.057971
0 0.950169 0.413043 0.022804 0.049275
0 0.744088 0.526087 0.037162 0.084058
0 0.624155 0.262319 0.014358 0.030435
0 0.406250 0.278261 0.015203 0.033333
0 0.875845 0.455072 0.033784 0.053623
0 0.733953 0.265217 0.016892 0.030435
0 0.691723 0.398551 0.028716 0.057971
0 0.651182 0.234783 0.014358 0.031884
0 0.630912 0.242029 0.012669 0.024638
0 0.561655 0.271014 0.016892 0.039130
0 0.618243 0.346377 0.024493 0.043478
0 0.575169 0.242029 0.016047 0.026087
0 0.849662 0.318841 0.018581 0.036232
0 0.375845 0.310145 0.019426 0.034783
0 0.722973 0.372464 0.023649 0.050725
