0 0.475132 0.228733 0.020106 0.032136
0 0.310053 0.207940 0.025397 0.049149
0 0.589418 0.260870 0.028571 0.041588
0 0.623280 0.243856 0.027513 0.058601
0 0.271958 0.408318 0.071958 0.122873
0 0.559788 0.079395 0.015873 0.026465
0 0.392593 0.531191 0.073016 0.137996
0 0.613757 0.115312 0.014815 0.030246
0 0.628571 0.119093 0.014815 0.028355
0 0.596825 0.115312 0.015873 0.028355
0 0.424339 0.211720 0.017989 0.035917
0 0.408466 0.266541 0.027513 0.058601
0 0.675132 0.107750 0.016931 0.028355
0 0.495238 0.219282 0.020106 0.035917
