0 0.501597 0.286704 0.020767 0.045706
0 0.115815 0.295014 0.018371 0.034626
0 0.472045 0.162050 0.016773 0.034626
0 0.654153 0.270083 0.023163 0.044321
0 0.529553 0.199446 0.016773 0.036011
0 0.908147 0.263158 0.019169 0.048476
0 0.424121 0.225762 0.016773 0.033241
0 0.709265 0.227147 0.019968 0.036011
0 0.666134 0.349030 0.030351 0.063712
0 0.601438 0.253463 0.019968 0.045706
0 0.812300 0.235457 0.018371 0.051247
0 0.726837 0.252078 0.028754 0.054017
0 0.762780 0.228532 0.017572 0.033241
0 0.767572 0.180055 0.015176 0.030471
0 0.785942 0.296399 0.023163 0.049861
0 0.543930 0.174515 0.012780 0.033241
0 0.611022 0.109418 0.011182 0.023546
0 0.678115 0.162050 0.018371 0.027701
0 0.896166 0.196676 0.015974 0.033241
0 0.573482 0.240997 0.018371 0.037396
0 0.873802 0.257618 0.018371 0.047091
0 0.781949 0.130194 0.015974 0.031856
0 0.764377 0.362881 0.028754 0.055402
0 0.412939 0.282548 0.023163 0.045706
0 0.570288 0.303324 0.027157 0.044321
0 0.567891 0.145429 0.012780 0.027701
0 0.650160 0.185596 0.013578 0.042936
0 0.524760 0.149584 0.017572 0.027701
0 0.356230 0.213296 0.011981 0.029086
0 0.405751 0.195291 0.017572 0.029086
0 0.586262 0.157895 0.016773 0.033241
0 0.779553 0.207756 0.017572 0.034626
0 0.174920 0.245152 0.017572 0.031856
0 0.201278 0.245152 0.019968 0.034626
0 0.809105 0.141274 0.014377 0.033241
0 0.385783 0.202216 0.015176 0.029086
0 0.851438 0.192521 0.011981 0.033241
0 0.339457 0.220222 0.015176 0.029086
0 0.705272 0.186981 0.016773 0.031856
0 0.497604 0.211911 0.019169 0.041551
0 0.575080 0.171745 0.019968 0.030471
0 0.864217 0.149584 0.014377 0.034626
0 0.829872 0.222992 0.015176 0.042936
0 0.854633 0.286704 0.026358 0.048476
0 0.663738 0.213296 0.022364 0.047091
