0 0.736364 0.234375 0.047273 0.090625
0 0.798182 0.331250 0.049091 0.103125
0 0.749091 0.303125 0.049091 0.100000
0 0.547273 0.243750 0.052727 0.103125
0 0.674545 0.571875 0.050909 0.125000
0 0.258182 0.303125 0.034545 0.078125
0 0.690909 0.284375 0.054545 0.118750
0 0.903636 0.296875 0.060000 0.115625
0 0.450909 0.246875 0.047273 0.096875
0 0.400000 0.293750 0.049091 0.096875
0 0.572727 0.665625 0.058182 0.109375
0 0.372727 0.559375 0.049091 0.106250
0 0.305455 0.590625 0.047273 0.093750
0 0.640000 0.243750 0.045455 0.084375
0 0.221818 0.328125 0.045455 0.096875
0 0.194545 0.621875 0.058182 0.118750
0 0.847273 0.287500 0.047273 0.109375
0 0.347273 0.306250 0.043636 0.075000
0 0.296364 0.340625 0.047273 0.084375
0 0.507273 0.300000 0.058182 0.103125
0 0.129091 0.334375 0.052727 0.103125
0 0.467273 0.600000 0.052727 0.112500
0 0.250909 0.543750 0.052727 0.103125
0 0.590909 0.284375 0.049091 0.103125
