0 0.585540 0.177738 0.016293 0.037702
0 0.692464 0.122083 0.013238 0.026930
0 0.676171 0.211849 0.021385 0.044883
0 0.741344 0.138241 0.016293 0.035907
0 0.882892 0.170557 0.014257 0.034111
0 0.570265 0.245961 0.024440 0.034111
0 0.638493 0.114901 0.013238 0.032316
0 0.876782 0.184919 0.014257 0.035907
0 0.591650 0.131059 0.012220 0.028725
0 0.909369 0.197487 0.018330 0.039497
0 0.887984 0.258528 0.024440 0.053860
0 0.519348 0.131059 0.014257 0.026930
0 0.803462 0.319569 0.026477 0.062837
0 0.702648 0.177738 0.018330 0.035907
0 0.422607 0.228007 0.027495 0.061041
0 0.924644 0.366248 0.027495 0.066427
0 0.496945 0.175943 0.020367 0.037702
0 0.966395 0.190305 0.012220 0.037702
0 0.490835 0.149013 0.013238 0.034111
0 0.564155 0.188510 0.021385 0.048474
0 0.384929 0.166966 0.018330 0.034111
0 0.582485 0.125673 0.010183 0.026930
0 0.803462 0.217235 0.022403 0.052065
0 0.901222 0.157989 0.015275 0.039497
0 0.425662 0.172352 0.017312 0.028725
0 0.658859 0.143627 0.019348 0.028725
0 0.547862 0.140036 0.013238 0.032316
0 0.750509 0.179533 0.012220 0.028725
0 0.504073 0.152603 0.013238 0.025135
0 0.460285 0.206463 0.018330 0.041293
0 0.665988 0.201077 0.018330 0.035907
0 0.492872 0.219031 0.024440 0.043088
0 0.830957 0.138241 0.018330 0.035907
0 0.684318 0.263914 0.027495 0.046679
0 0.574338 0.274686 0.030550 0.059246
0 0.957230 0.213645 0.015275 0.039497
0 0.822811 0.150808 0.018330 0.039497
0 0.848269 0.156194 0.015275 0.025135
0 0.691446 0.190305 0.020367 0.046679
0 0.366599 0.193896 0.021385 0.044883
0 0.806517 0.131059 0.014257 0.037702
0 0.861507 0.328546 0.028513 0.055655
0 0.469450 0.138241 0.014257 0.025135
0 0.627291 0.138241 0.017312 0.028725
0 0.863544 0.149013 0.016293 0.034111
0 0.626273 0.204668 0.019348 0.037702
0 0.620163 0.172352 0.019348 0.035907
0 0.405295 0.175943 0.013238 0.035907
0 0.773931 0.258528 0.023422 0.048474
0 0.524440 0.165171 0.019348 0.034111
0 0.941955 0.233393 0.018330 0.044883
0 0.790224 0.156194 0.016293 0.030521
0 0.631365 0.254937 0.022403 0.053860
0 0.775967 0.143627 0.015275 0.032316
0 0.853360 0.197487 0.020367 0.035907
0 0.612016 0.113106 0.018330 0.026930
0 0.091650 0.247756 0.019348 0.041293
0 0.719959 0.114901 0.012220 0.026930
0 0.431772 0.149013 0.015275 0.028725
0 0.849287 0.244165 0.019348 0.046679
0 0.725051 0.228007 0.026477 0.052065
0 0.755601 0.210054 0.021385 0.037702
0 0.752546 0.267504 0.024440 0.053860
0 0.667006 0.111311 0.014257 0.030521
0 0.807536 0.163375 0.014257 0.039497
0 0.922607 0.163375 0.016293 0.041293
0 0.769857 0.192101 0.014257 0.035907
