0 0.462375 0.214516 0.020852 0.040323
0 0.888486 0.251613 0.021759 0.048387
0 0.635539 0.146774 0.018132 0.038710
0 0.439710 0.216129 0.018132 0.043548
0 0.916591 0.253226 0.018132 0.053226
0 0.612874 0.111290 0.013599 0.032258
0 0.868540 0.195161 0.014506 0.048387
0 0.669084 0.124194 0.013599 0.030645
0 0.650045 0.151613 0.016319 0.032258
0 0.822303 0.264516 0.024479 0.051613
0 0.934723 0.198387 0.015413 0.033871
0 0.765186 0.154839 0.018132 0.038710
0 0.885766 0.209677 0.015413 0.035484
0 0.200363 0.220968 0.016319 0.033871
0 0.249320 0.169355 0.017226 0.033871
