0 0.546341 0.126087 0.015854 0.028261
0 0.765854 0.130435 0.020732 0.030435
0 0.897561 0.208696 0.009756 0.041304
0 0.658537 0.186957 0.018293 0.050000
0 0.524390 0.132609 0.019512 0.030435
0 0.709756 0.234783 0.018293 0.045652
0 0.625610 0.217391 0.017073 0.034783
0 0.420732 0.173913 0.017073 0.041304
0 0.434146 0.139130 0.015854 0.034783
0 0.601220 0.163043 0.025610 0.047826
0 0.710976 0.323913 0.040244 0.082609
0 0.598780 0.126087 0.020732 0.036957
0 0.471951 0.147826 0.019512 0.036957
0 0.732927 0.173913 0.012195 0.034783
0 0.696341 0.173913 0.014634 0.032609
0 0.870732 0.265217 0.021951 0.045652
0 0.824390 0.180435 0.009756 0.034783
0 0.490244 0.143478 0.025610 0.028261
0 0.453659 0.158696 0.018293 0.028261
0 0.925610 0.230435 0.013415 0.030435
0 0.732927 0.145652 0.021951 0.039130
0 0.504878 0.180435 0.015854 0.021739
0 0.932927 0.210870 0.012195 0.030435
0 0.673171 0.221739 0.017073 0.034783
0 0.752439 0.130435 0.017073 0.026087
0 0.375610 0.178261 0.013415 0.039130
0 0.819512 0.134783 0.013415 0.028261
0 0.500000 0.123913 0.023171 0.032609
0 0.812195 0.147826 0.017073 0.036957
0 0.789024 0.210870 0.017073 0.039130
0 0.623171 0.141304 0.019512 0.043478
0 0.930488 0.176087 0.015854 0.028261
0 0.904878 0.176087 0.017073 0.050000
0 0.796341 0.167391 0.018293 0.043478
0 0.541463 0.143478 0.013415 0.026087
0 0.668293 0.119565 0.012195 0.030435
0 0.702439 0.119565 0.013415 0.034783
0 0.630488 0.119565 0.017073 0.030435
0 0.450000 0.143478 0.017073 0.032609
0 0.574390 0.139130 0.017073 0.034783
