0 0.624360 0.220183 0.017400 0.033028
0 0.378710 0.249541 0.017400 0.036697
0 0.629478 0.266055 0.022518 0.040367
0 0.484135 0.277064 0.022518 0.051376
0 0.066530 0.299083 0.022518 0.045872
0 0.409417 0.244037 0.019447 0.042202
0 0.807574 0.444037 0.026612 0.062385
0 0.492323 0.161468 0.014330 0.023853
0 0.348004 0.187156 0.013306 0.031193
0 0.692938 0.100917 0.009212 0.020183
0 0.690890 0.163303 0.014330 0.029358
0 0.373593 0.194495 0.016377 0.033028
0 0.638690 0.111927 0.011259 0.027523
0 0.607984 0.117431 0.011259 0.023853
0 0.417605 0.192661 0.015353 0.033028
0 0.748209 0.381651 0.029683 0.062385
0 0.656090 0.124771 0.011259 0.025688
0 0.685773 0.119266 0.011259 0.022018
0 0.771750 0.240367 0.020471 0.042202
0 0.682702 0.365138 0.027636 0.056881
0 0.806551 0.209174 0.015353 0.044037
0 0.705220 0.170642 0.011259 0.029358
0 0.911975 0.346789 0.021494 0.058716
0 0.500512 0.126606 0.012282 0.022018
0 0.328557 0.245872 0.017400 0.036697
0 0.475947 0.225688 0.018424 0.036697
0 0.713408 0.108257 0.012282 0.027523
0 0.424770 0.165138 0.013306 0.029358
0 0.691914 0.179817 0.016377 0.033028
0 0.818833 0.225688 0.017400 0.040367
0 0.831116 0.355963 0.023541 0.051376
0 0.794268 0.154128 0.013306 0.025688
0 0.550665 0.155963 0.014330 0.020183
0 0.586489 0.121101 0.012282 0.025688
0 0.470829 0.157798 0.014330 0.023853
0 0.330604 0.176147 0.012282 0.027523
0 0.719550 0.177982 0.014330 0.029358
0 0.472876 0.137615 0.012282 0.022018
0 0.682702 0.249541 0.021494 0.053211
0 0.669396 0.102752 0.009212 0.022018
0 0.489253 0.133945 0.012282 0.023853
0 0.587513 0.245872 0.018424 0.042202
0 0.780962 0.128440 0.012282 0.031193
0 0.748209 0.135780 0.014330 0.029358
0 0.617195 0.130275 0.012282 0.022018
0 0.863869 0.267890 0.017400 0.042202
0 0.617195 0.154128 0.015353 0.027523
0 0.445241 0.214679 0.016377 0.029358
0 0.547595 0.132110 0.014330 0.022018
0 0.553736 0.183486 0.013306 0.033028
0 0.870010 0.214679 0.017400 0.042202
0 0.522006 0.135780 0.011259 0.022018
0 0.725691 0.223853 0.016377 0.038532
0 0.474923 0.188991 0.015353 0.033028
0 0.931423 0.214679 0.016377 0.033028
0 0.745138 0.194495 0.014330 0.034862
0 0.564995 0.155963 0.011259 0.022018
0 0.896622 0.425688 0.028659 0.075229
0 0.522006 0.179817 0.014330 0.029358
0 0.289662 0.220183 0.017400 0.034862
0 0.724667 0.304587 0.020471 0.040367
0 0.440123 0.174312 0.013306 0.029358
0 0.920164 0.293578 0.015353 0.040367
0 0.303992 0.240367 0.016377 0.033028
0 0.588536 0.168807 0.013306 0.027523
0 0.773797 0.324771 0.022518 0.053211
0 0.595701 0.346789 0.024565 0.053211
