0 0.979283 0.323181 0.012749 0.042301
0 0.101992 0.565144 0.041434 0.106599
0 0.624701 0.287648 0.022311 0.054146
0 0.662151 0.130288 0.014343 0.028765
0 0.482869 0.174281 0.018327 0.042301
0 0.984064 0.368866 0.015139 0.049069
0 0.825498 0.226734 0.017530 0.037225
0 0.587251 0.142132 0.013546 0.032149
0 0.501992 0.157360 0.011952 0.033841
0 0.486853 0.258883 0.020717 0.043993
0 0.626295 0.206430 0.015936 0.040609
0 0.565737 0.167513 0.013546 0.028765
0 0.320319 0.213198 0.016733 0.033841
0 0.588048 0.203046 0.015936 0.033841
0 0.956175 0.451777 0.019920 0.064298
0 0.706773 0.221658 0.017530 0.038917
0 0.585657 0.340102 0.020717 0.054146
0 0.747410 0.247039 0.016733 0.038917
0 0.289243 0.245347 0.017530 0.037225
0 0.767331 0.209814 0.013546 0.032149
0 0.878884 0.397631 0.022311 0.072758
0 0.721912 0.282572 0.020717 0.049069
0 0.316335 0.248731 0.020717 0.040609
0 0.816733 0.197970 0.013546 0.033841
0 0.235857 0.269036 0.015936 0.042301
0 0.867729 0.499154 0.029482 0.082910
0 0.645418 0.131980 0.011952 0.032149
0 0.238247 0.292724 0.022311 0.043993
0 0.418327 0.231810 0.015139 0.038917
0 0.880478 0.238579 0.012749 0.032149
0 0.695618 0.159052 0.013546 0.037225
0 0.728287 0.416244 0.024701 0.065990
0 0.801594 0.472081 0.028685 0.079526
0 0.784861 0.189509 0.015139 0.035533
0 0.664542 0.263959 0.018327 0.042301
0 0.422311 0.182741 0.014343 0.033841
0 0.341833 0.240271 0.016733 0.043993
0 0.786454 0.219966 0.014343 0.035533
0 0.620717 0.184433 0.013546 0.033841
0 0.564940 0.226734 0.015936 0.038917
0 0.932271 0.360406 0.014343 0.047377
0 0.607171 0.133672 0.012749 0.028765
0 0.954582 0.384095 0.019124 0.052453
0 0.508367 0.213198 0.018327 0.035533
0 0.443825 0.192893 0.014343 0.038917
0 0.380876 0.269036 0.020717 0.050761
0 0.803187 0.262267 0.016733 0.045685
0 0.603187 0.382403 0.024701 0.062606
0 0.956175 0.252115 0.012749 0.037225
0 0.910757 0.233503 0.015936 0.038917
0 0.661355 0.157360 0.012749 0.028765
0 0.909163 0.265651 0.015936 0.040609
0 0.435857 0.162437 0.013546 0.030457
0 0.873307 0.348562 0.017530 0.043993
0 0.385657 0.191201 0.015139 0.038917
0 0.538645 0.162437 0.015139 0.035533
0 0.564143 0.142132 0.012749 0.027073
0 0.619920 0.077834 0.012749 0.032149
0 0.808765 0.316413 0.019920 0.052453
0 0.521912 0.175973 0.018327 0.043993
0 0.987251 0.263959 0.011155 0.037225
0 0.478088 0.147208 0.012749 0.032149
0 0.986454 0.311337 0.011155 0.033841
0 0.666932 0.414552 0.024701 0.059222
0 0.724303 0.159052 0.013546 0.032149
0 0.614343 0.157360 0.013546 0.027073
0 0.896414 0.294416 0.017530 0.047377
0 0.441434 0.321489 0.022311 0.050761
0 0.938645 0.270728 0.013546 0.035533
0 0.764143 0.299492 0.020717 0.040609
