0 0.786132 0.283668 0.020886 0.035817
0 0.777778 0.406877 0.026734 0.044413
0 0.605681 0.348138 0.020050 0.038682
0 0.695071 0.234957 0.014202 0.032951
0 0.119465 0.514327 0.040100 0.074499
0 0.452799 0.230659 0.011696 0.021490
0 0.532999 0.401146 0.025898 0.045845
0 0.588972 0.237822 0.013367 0.025788
0 0.873016 0.243553 0.011696 0.024355
0 0.690894 0.527221 0.033417 0.064470
0 0.436090 0.329513 0.021721 0.035817
0 0.544695 0.270774 0.016708 0.030086
0 0.801170 0.227794 0.012531 0.027221
0 0.494570 0.252149 0.015038 0.025788
0 0.928154 0.259312 0.012531 0.027221
0 0.267335 0.297994 0.015873 0.030086
0 0.456976 0.295129 0.015038 0.022923
0 0.572264 0.445559 0.031746 0.065903
0 0.928989 0.296562 0.016708 0.030086
0 0.558897 0.206304 0.015038 0.021490
0 0.802840 0.325215 0.017544 0.027221
0 0.865497 0.323782 0.016708 0.035817
0 0.768588 0.276504 0.018379 0.037249
0 0.410192 0.247851 0.012531 0.024355
0 0.802005 0.348138 0.019215 0.035817
0 0.595656 0.196275 0.012531 0.022923
0 0.465330 0.389685 0.025063 0.048711
0 0.682540 0.343840 0.022556 0.050143
0 0.499582 0.237822 0.013367 0.020057
0 0.832916 0.457020 0.028404 0.055874
0 0.615706 0.200573 0.012531 0.024355
0 0.794486 0.553009 0.031746 0.071633
0 0.464495 0.250716 0.015038 0.022923
0 0.392648 0.319484 0.020050 0.034384
0 0.487886 0.316619 0.016708 0.031519
0 0.889724 0.266476 0.015038 0.031519
0 0.588972 0.315186 0.018379 0.034384
0 0.843776 0.399713 0.022556 0.044413
0 0.694236 0.283668 0.018379 0.032951
0 0.362573 0.335244 0.019215 0.034384
0 0.837093 0.244986 0.014202 0.022923
0 0.713450 0.385387 0.027569 0.047278
0 0.839599 0.299427 0.015038 0.031519
0 0.808688 0.259312 0.013367 0.024355
0 0.918964 0.457020 0.027569 0.054441
0 0.263993 0.372493 0.020050 0.037249
0 0.660819 0.197708 0.012531 0.022923
0 0.624060 0.455587 0.032581 0.065903
0 0.665831 0.299427 0.021721 0.040115
0 0.627402 0.212034 0.011696 0.024355
0 0.374269 0.250716 0.014202 0.025788
0 0.776942 0.252149 0.013367 0.028653
0 0.543860 0.213467 0.012531 0.022923
0 0.925647 0.389685 0.020050 0.038682
0 0.301587 0.316619 0.017544 0.027221
0 0.237260 0.349570 0.018379 0.040115
0 0.209691 0.326648 0.017544 0.031519
0 0.727652 0.227794 0.013367 0.022923
0 0.663325 0.217765 0.011696 0.022923
0 0.625731 0.229226 0.011696 0.024355
0 0.455305 0.222063 0.012531 0.018625
0 0.416040 0.303725 0.016708 0.030086
0 0.883041 0.305158 0.013367 0.034384
0 0.336675 0.283668 0.017544 0.030086
0 0.335004 0.320917 0.017544 0.031519
0 0.564745 0.255014 0.015038 0.028653
0 0.428571 0.249284 0.014202 0.024355
0 0.316625 0.349570 0.018379 0.032951
0 0.529657 0.257880 0.015873 0.030086
0 0.728488 0.243553 0.013367 0.032951
0 0.772765 0.226361 0.015038 0.028653
0 0.644110 0.348138 0.022556 0.041547
0 0.847118 0.259312 0.017544 0.032951
0 0.590643 0.207736 0.013367 0.024355
0 0.389307 0.286533 0.017544 0.032951
0 0.622389 0.290831 0.016708 0.028653
0 0.673350 0.212034 0.011696 0.022923
0 0.661654 0.262178 0.015038 0.028653
0 0.525480 0.343840 0.022556 0.038682
0 0.736842 0.224928 0.010860 0.024355
