0 0.379376 0.174497 0.015137 0.026846
0 0.843898 0.228188 0.020814 0.043624
0 0.446547 0.186242 0.016083 0.033557
0 0.390728 0.208054 0.018921 0.040268
0 0.546831 0.127517 0.014191 0.021812
0 0.743614 0.194631 0.018921 0.052013
0 0.287606 0.229866 0.018921 0.040268
0 0.477767 0.192953 0.015137 0.040268
0 0.375591 0.203020 0.016083 0.031879
0 0.826868 0.144295 0.015137 0.038591
0 0.791864 0.176174 0.015137 0.035235
0 0.622517 0.139262 0.015137 0.033557
0 0.935667 0.268456 0.017975 0.043624
0 0.423841 0.186242 0.017975 0.030201
0 0.596973 0.139262 0.013245 0.031879
0 0.423841 0.255034 0.022706 0.045302
0 0.666036 0.350671 0.034059 0.087248
0 0.564806 0.152685 0.015137 0.030201
0 0.421003 0.209732 0.017975 0.040268
0 0.678335 0.114094 0.014191 0.030201
0 0.651845 0.137584 0.017029 0.025168
0 0.866604 0.187919 0.015137 0.041946
0 0.366131 0.194631 0.015137 0.035235
0 0.516556 0.192953 0.020814 0.040268
0 0.800378 0.209732 0.018921 0.043624
0 0.855251 0.219799 0.013245 0.033557
0 0.842006 0.162752 0.014191 0.035235
0 0.728477 0.243289 0.022706 0.040268
0 0.808893 0.145973 0.012299 0.028523
0 0.778619 0.145973 0.015137 0.026846
0 0.701041 0.179530 0.015137 0.036913
0 0.668874 0.187919 0.020814 0.041946
0 0.558184 0.184564 0.021760 0.046980
0 0.642384 0.156040 0.015137 0.031879
0 0.423841 0.157718 0.014191 0.026846
0 0.912015 0.157718 0.009461 0.020134
0 0.462630 0.197987 0.017029 0.043624
0 0.641438 0.268456 0.028382 0.063758
0 0.604541 0.236577 0.019868 0.035235
0 0.499527 0.125839 0.011353 0.025168
0 0.661306 0.248322 0.024598 0.046980
0 0.541154 0.144295 0.017029 0.026846
0 0.906339 0.171141 0.012299 0.026846
0 0.689688 0.119128 0.016083 0.036913
0 0.734153 0.145973 0.016083 0.035235
0 0.306528 0.224832 0.021760 0.038591
0 0.930937 0.229866 0.017029 0.041946
0 0.937559 0.208054 0.011353 0.038591
0 0.703879 0.114094 0.013245 0.031879
0 0.652791 0.105705 0.014191 0.030201
0 0.717124 0.194631 0.017029 0.040268
0 0.658467 0.112416 0.012299 0.033557
0 0.467360 0.157718 0.015137 0.030201
0 0.326395 0.219799 0.016083 0.038591
0 0.837275 0.265101 0.025544 0.052013
0 0.343425 0.224832 0.020814 0.038591
0 0.783349 0.312081 0.028382 0.067114
0 0.583728 0.171141 0.018921 0.038591
0 0.886471 0.253356 0.019868 0.046980
0 0.816462 0.203020 0.017975 0.040268
0 0.877010 0.167785 0.014191 0.040268
0 0.633869 0.114094 0.015137 0.030201
0 0.537370 0.166107 0.015137 0.036913
0 0.574267 0.122483 0.011353 0.025168
0 0.613056 0.268456 0.024598 0.055369
0 0.405866 0.234899 0.017029 0.040268
0 0.260170 0.362416 0.047304 0.092282
0 0.854305 0.152685 0.012299 0.033557
0 0.743614 0.379195 0.030274 0.072148
0 0.752129 0.134228 0.017975 0.033557
0 0.945128 0.194631 0.014191 0.031879
0 0.600757 0.119128 0.011353 0.023490
0 0.348155 0.176174 0.015137 0.035235
0 0.904447 0.197987 0.017975 0.033557
0 0.828761 0.181208 0.017029 0.033557
0 0.780511 0.125839 0.011353 0.023490
0 0.615894 0.095638 0.012299 0.028523
0 0.473037 0.135906 0.015137 0.028523
0 0.562914 0.255034 0.024598 0.052013
0 0.600757 0.161074 0.015137 0.031879
0 0.402081 0.167785 0.016083 0.035235
0 0.510880 0.137584 0.011353 0.028523
