0 0.472448 0.187898 0.016260 0.030255
0 0.918699 0.348726 0.027100 0.058917
0 0.699187 0.168790 0.013550 0.025478
0 0.484192 0.141720 0.013550 0.027070
0 0.757001 0.256369 0.021680 0.042994
0 0.386631 0.202229 0.016260 0.031847
0 0.763324 0.152866 0.014453 0.038217
0 0.494128 0.133758 0.012647 0.028662
0 0.536585 0.136943 0.011743 0.020701
0 0.861789 0.256369 0.025294 0.054140
0 0.379404 0.173567 0.012647 0.027070
0 0.607949 0.267516 0.028004 0.057325
0 0.833785 0.324841 0.030714 0.060510
0 0.497742 0.288217 0.042457 0.076433
0 0.621500 0.122611 0.012647 0.022293
0 0.841012 0.203822 0.015357 0.030255
0 0.463415 0.208599 0.015357 0.038217
0 0.669377 0.111465 0.011743 0.028662
0 0.934056 0.183121 0.012647 0.033439
0 0.580849 0.168790 0.018067 0.046178
0 0.821138 0.173567 0.014453 0.030255
0 0.835592 0.160828 0.015357 0.031847
0 0.395664 0.183121 0.016260 0.030255
0 0.906052 0.160828 0.013550 0.035032
0 0.663053 0.186306 0.019874 0.046178
0 0.598916 0.109873 0.010840 0.023885
0 0.942186 0.211783 0.015357 0.044586
0 0.734417 0.176752 0.017164 0.036624
0 0.698284 0.226115 0.020777 0.041401
0 0.745257 0.211783 0.017164 0.042994
0 0.415537 0.221338 0.016260 0.035032
0 0.877145 0.232484 0.013550 0.036624
0 0.789521 0.154459 0.016260 0.038217
0 0.847335 0.151274 0.010840 0.033439
0 0.503162 0.164013 0.010840 0.025478
0 0.805781 0.159236 0.014453 0.035032
0 0.514905 0.130573 0.013550 0.020701
0 0.560976 0.286624 0.028907 0.070064
0 0.882565 0.173567 0.012647 0.031847
0 0.613369 0.132166 0.012647 0.022293
0 0.864499 0.178344 0.012647 0.038217
0 0.570009 0.128981 0.013550 0.023885
0 0.369467 0.191083 0.021680 0.039809
0 0.629630 0.113057 0.009937 0.022293
0 0.572719 0.253185 0.023487 0.038217
0 0.738031 0.262739 0.026197 0.052548
0 0.856369 0.200637 0.016260 0.031847
0 0.708220 0.179936 0.014453 0.035032
0 0.459801 0.141720 0.011743 0.025478
0 0.682023 0.267516 0.022584 0.044586
0 0.915989 0.296178 0.022584 0.044586
0 0.437218 0.253185 0.022584 0.047771
0 0.341463 0.242038 0.017164 0.038217
0 0.670280 0.218153 0.020777 0.036624
0 0.541102 0.124204 0.013550 0.033439
0 0.788618 0.219745 0.021680 0.038217
0 0.835592 0.238854 0.022584 0.041401
0 0.784101 0.281847 0.024390 0.057325
0 0.530262 0.165605 0.013550 0.027070
0 0.318880 0.211783 0.017164 0.038217
0 0.710027 0.114650 0.013550 0.030255
0 0.924119 0.246815 0.018067 0.035032
0 0.811201 0.143312 0.011743 0.027070
0 0.604336 0.138535 0.011743 0.025478
0 0.422764 0.148089 0.013550 0.027070
0 0.787715 0.127389 0.018067 0.036624
0 0.550136 0.197452 0.022584 0.041401
0 0.677507 0.132166 0.014453 0.028662
0 0.631436 0.210191 0.024390 0.046178
0 0.490515 0.214968 0.020777 0.042994
0 0.885276 0.208599 0.016260 0.033439
0 0.436314 0.173567 0.014453 0.027070
0 0.400181 0.245223 0.024390 0.047771
0 0.921409 0.216561 0.014453 0.031847
0 0.476061 0.157643 0.012647 0.023885
0 0.730804 0.146497 0.014453 0.033439
