0 0.675381 0.219417 0.017429 0.046602
0 0.462963 0.186408 0.015251 0.031068
0 0.587146 0.056311 0.008715 0.021359
0 0.637255 0.118447 0.014161 0.031068
0 0.552288 0.166990 0.014161 0.033010
0 0.327887 0.217476 0.015251 0.038835
0 0.675381 0.289320 0.021786 0.044660
0 0.736383 0.225243 0.019608 0.046602
0 0.629630 0.260194 0.019608 0.040777
0 0.409586 0.207767 0.016340 0.034951
0 0.675381 0.168932 0.015251 0.042718
0 0.486928 0.170874 0.013072 0.033010
0 0.543573 0.180583 0.016340 0.036893
0 0.630719 0.215534 0.019608 0.042718
0 0.452070 0.219417 0.018519 0.031068
0 0.470588 0.135922 0.011983 0.027184
0 0.941176 0.236893 0.018519 0.040777
