0 0.301937 0.591549 0.070423 0.086854
0 0.345070 0.551643 0.044894 0.065728
0 0.801056 0.588028 0.052817 0.068075
0 0.544894 0.577465 0.039613 0.073944
0 0.785211 0.524648 0.043134 0.064554
0 0.209507 0.555164 0.047535 0.071596
0 0.441901 0.654930 0.089789 0.147887
0 0.849472 0.518779 0.039613 0.065728
0 0.641725 0.559859 0.050176 0.072770
0 0.816901 0.762911 0.104754 0.145540
0 0.972711 0.660798 0.051056 0.117371
0 0.579225 0.615023 0.058099 0.085681
0 0.536092 0.397887 0.041373 0.043427
0 0.448063 0.559859 0.058979 0.088028
0 0.979754 0.559859 0.039613 0.061033
