0 0.684167 0.402500 0.039167 0.061250
0 0.260000 0.815000 0.136667 0.205000
0 0.453333 0.491250 0.062500 0.110000
0 0.501667 0.310000 0.035833 0.062500
0 0.435000 0.565000 0.075833 0.127500
0 0.640833 0.608750 0.068333 0.117500
0 0.555833 0.560000 0.062500 0.118750
0 0.334167 0.563750 0.059167 0.115000
0 0.843333 0.400000 0.065000 0.095000
0 0.568333 0.351250 0.042500 0.072500
0 0.867500 0.617500 0.095000 0.135000
0 0.375000 0.505000 0.055000 0.098750
0 0.237500 0.626250 0.110000 0.146250
0 0.687500 0.441250 0.051667 0.070000
0 0.665000 0.360000 0.038333 0.076250
0 0.297500 0.431250 0.068333 0.095000
0 0.641667 0.492500 0.057500 0.101250
0 0.217500 0.488750 0.064167 0.095000
0 0.790833 0.557500 0.070833 0.096250
0 0.434167 0.217500 0.049167 0.100000
0 0.506667 0.480000 0.045833 0.091250
0 0.705000 0.518750 0.063333 0.116250
0 0.768333 0.478750 0.055833 0.096250
0 0.750833 0.366250 0.046667 0.080000
0 0.518333 0.326250 0.039167 0.066250
0 0.118333 0.515000 0.093333 0.108750
0 0.928333 0.368750 0.050833 0.092500
