0 0.508181 0.183811 0.015399 0.033727
0 0.417709 0.170320 0.011550 0.025295
0 0.553417 0.161889 0.013474 0.018550
0 0.765159 0.187184 0.011550 0.033727
0 0.603465 0.332209 0.024062 0.048904
0 0.496631 0.281619 0.022137 0.047218
0 0.375361 0.202361 0.019249 0.033727
0 0.894129 0.232715 0.017324 0.038786
0 0.753609 0.136594 0.011550 0.028668
0 0.930703 0.286678 0.016362 0.047218
0 0.668912 0.104553 0.006737 0.020236
0 0.446583 0.168634 0.014437 0.028668
0 0.745910 0.392917 0.028874 0.062395
0 0.669875 0.178752 0.014437 0.035413
0 0.423484 0.150084 0.009625 0.020236
0 0.397498 0.200675 0.013474 0.040472
0 0.464870 0.145025 0.008662 0.023609
0 0.525505 0.172007 0.009625 0.025295
0 0.811357 0.246206 0.019249 0.037099
0 0.736285 0.284992 0.016362 0.048904
0 0.931665 0.219224 0.013474 0.035413
0 0.815207 0.207420 0.013474 0.023609
0 0.691049 0.121417 0.012512 0.021922
0 0.481232 0.234401 0.020212 0.035413
0 0.493744 0.143339 0.012512 0.016863
0 0.699711 0.109612 0.009625 0.025295
0 0.588065 0.173693 0.017324 0.026981
0 0.532243 0.129848 0.012512 0.020236
0 0.417709 0.242833 0.018287 0.037099
0 0.800770 0.155143 0.010587 0.028668
0 0.898941 0.430017 0.032724 0.070826
0 0.878730 0.258010 0.015399 0.045531
0 0.705486 0.160202 0.016362 0.025295
0 0.722810 0.188870 0.014437 0.026981
0 0.576516 0.246206 0.018287 0.040472
0 0.589990 0.116358 0.009625 0.018550
0 0.633301 0.237774 0.016362 0.045531
0 0.618864 0.116358 0.011550 0.023609
0 0.544755 0.290051 0.018287 0.045531
0 0.514918 0.124789 0.011550 0.018550
0 0.816169 0.408094 0.025024 0.064081
0 0.627526 0.158516 0.012512 0.025295
0 0.819057 0.160202 0.011550 0.030354
0 0.187680 0.364250 0.050048 0.067454
0 0.354187 0.227656 0.014437 0.028668
0 0.688162 0.266442 0.019249 0.035413
0 0.333975 0.227656 0.015399 0.026981
0 0.916266 0.350759 0.018287 0.047218
0 0.784408 0.146712 0.013474 0.030354
0 0.549567 0.192243 0.014437 0.030354
0 0.729548 0.232715 0.017324 0.037099
0 0.726660 0.112985 0.012512 0.020236
0 0.344562 0.202361 0.012512 0.021922
0 0.512031 0.151771 0.013474 0.028668
0 0.581328 0.124789 0.010587 0.018550
0 0.449471 0.224283 0.013474 0.035413
0 0.315688 0.210793 0.015399 0.032040
0 0.425409 0.202361 0.014437 0.032040
0 0.792108 0.308600 0.023099 0.045531
0 0.751684 0.178752 0.006737 0.032040
0 0.846968 0.317032 0.021174 0.060708
0 0.761309 0.266442 0.014437 0.045531
0 0.641963 0.121417 0.009625 0.020236
0 0.741097 0.150084 0.009625 0.030354
0 0.369586 0.256324 0.012512 0.038786
0 0.328200 0.183811 0.016362 0.023609
0 0.630414 0.129848 0.010587 0.025295
0 0.546679 0.133221 0.009625 0.020236
0 0.695861 0.308600 0.021174 0.047218
