0 0.421359 0.160069 0.017476 0.030981
0 0.639806 0.222031 0.024272 0.051635
0 0.900971 0.148021 0.015534 0.027539
0 0.587379 0.385542 0.033010 0.056799
0 0.461165 0.220310 0.021359 0.041308
0 0.843689 0.314974 0.028155 0.067126
0 0.390291 0.268503 0.020388 0.041308
0 0.594175 0.115318 0.015534 0.030981
0 0.555340 0.125645 0.013592 0.029260
0 0.488350 0.309811 0.031068 0.058520
0 0.928155 0.156627 0.014563 0.029260
0 0.627184 0.244406 0.022330 0.043029
0 0.351456 0.239243 0.017476 0.034423
0 0.544660 0.327022 0.030097 0.063683
