0 0.544000 0.360000 0.044000 0.084000
0 0.076000 0.842000 0.145333 0.264000
0 0.841333 0.428000 0.065333 0.112000
0 0.098667 0.552000 0.093333 0.148000
0 0.733333 0.626000 0.104000 0.156000
0 0.108000 0.368000 0.060000 0.088000
0 0.588000 0.346000 0.040000 0.076000
0 0.525333 0.678000 0.109333 0.176000
0 0.893333 0.430000 0.084000 0.154000
0 0.266667 0.490000 0.068000 0.104000
0 0.116000 0.450000 0.046667 0.098000
0 0.486667 0.332000 0.036000 0.076000
0 0.017333 0.366000 0.032000 0.070000
0 0.366667 0.374000 0.042667 0.076000
0 0.077333 0.440000 0.078667 0.116000
0 0.190667 0.400000 0.046667 0.088000
0 0.676000 0.370000 0.054667 0.102000
