0 0.632039 0.221658 0.015534 0.042301
0 0.552427 0.137056 0.011650 0.027073
0 0.555340 0.169205 0.014563 0.032149
0 0.675728 0.272420 0.019417 0.043993
0 0.826214 0.164129 0.011650 0.032149
0 0.528155 0.138748 0.011650 0.027073
0 0.463107 0.164129 0.010680 0.025381
0 0.759223 0.287648 0.020388 0.049069
0 0.632039 0.137056 0.010680 0.028765
0 0.350485 0.211506 0.016505 0.040609
0 0.724272 0.189509 0.016505 0.037225
0 0.209709 0.367174 0.039806 0.084602
0 0.907767 0.441624 0.031068 0.074450
0 0.353398 0.189509 0.013592 0.025381
0 0.686408 0.130288 0.010680 0.025381
0 0.329126 0.253807 0.014563 0.038917
0 0.678641 0.362098 0.027184 0.064298
0 0.483495 0.230118 0.014563 0.042301
0 0.351456 0.252115 0.014563 0.038917
0 0.545631 0.314721 0.025243 0.059222
0 0.763107 0.387479 0.028155 0.057530
0 0.449515 0.177665 0.013592 0.035533
0 0.824272 0.253807 0.020388 0.045685
0 0.669903 0.111675 0.007767 0.025381
0 0.466990 0.153976 0.010680 0.021997
0 0.503883 0.131980 0.008738 0.021997
0 0.893204 0.231810 0.016505 0.042301
0 0.417476 0.218274 0.017476 0.038917
0 0.690291 0.118443 0.009709 0.023689
0 0.580583 0.131980 0.010680 0.030457
0 0.513592 0.199662 0.016505 0.038917
0 0.392233 0.209814 0.015534 0.040609
0 0.767961 0.192893 0.016505 0.033841
0 0.809709 0.228426 0.016505 0.038917
0 0.470874 0.196277 0.015534 0.033841
0 0.672816 0.187817 0.016505 0.037225
0 0.304854 0.245347 0.015534 0.035533
0 0.778641 0.238579 0.018447 0.043993
0 0.750485 0.177665 0.015534 0.032149
0 0.663107 0.133672 0.012621 0.030457
0 0.533010 0.167513 0.012621 0.033841
0 0.472816 0.145516 0.010680 0.025381
0 0.642718 0.121827 0.009709 0.023689
0 0.707767 0.164129 0.013592 0.032149
0 0.384466 0.255499 0.021359 0.045685
0 0.599029 0.120135 0.007767 0.021997
0 0.428155 0.153976 0.010680 0.028765
0 0.734951 0.230118 0.020388 0.043993
0 0.933010 0.228426 0.014563 0.038917
0 0.879612 0.258883 0.019417 0.040609
0 0.557282 0.191201 0.013592 0.033841
0 0.792233 0.148900 0.008738 0.020305
0 0.558252 0.152284 0.009709 0.028765
0 0.618447 0.121827 0.009709 0.025381
0 0.428155 0.243655 0.020388 0.040609
0 0.762136 0.160745 0.013592 0.025381
0 0.604854 0.135364 0.009709 0.027073
0 0.517476 0.152284 0.013592 0.030457
0 0.754369 0.138748 0.011650 0.025381
0 0.591262 0.182741 0.013592 0.038917
0 0.827184 0.404399 0.028155 0.065990
0 0.800000 0.162437 0.013592 0.032149
0 0.567961 0.257191 0.018447 0.050761
0 0.782524 0.313029 0.019417 0.050761
0 0.572816 0.162437 0.011650 0.030457
0 0.315534 0.219966 0.013592 0.037225
0 0.626214 0.162437 0.013592 0.035533
0 0.395146 0.187817 0.013592 0.025381
0 0.923301 0.351946 0.019417 0.057530
0 0.723301 0.118443 0.008738 0.023689
0 0.623301 0.250423 0.022330 0.047377
0 0.507767 0.162437 0.012621 0.028765
0 0.932039 0.284264 0.018447 0.049069
0 0.500000 0.282572 0.023301 0.055838
0 0.493204 0.150592 0.013592 0.028765
0 0.467961 0.233503 0.014563 0.037225
0 0.610680 0.328257 0.022330 0.059222
