0 0.929769 0.226168 0.016771 0.042991
0 0.785115 0.128972 0.013627 0.033645
0 0.809224 0.183178 0.014675 0.033645
0 0.575472 0.134579 0.015723 0.035514
0 0.788260 0.157009 0.017820 0.035514
0 0.874214 0.153271 0.014675 0.037383
0 0.898323 0.179439 0.011530 0.033645
0 0.585954 0.110280 0.013627 0.028037
0 0.670860 0.179439 0.017820 0.044860
0 0.349057 0.192523 0.018868 0.035514
0 0.783019 0.211215 0.022013 0.050467
0 0.330189 0.201869 0.018868 0.031776
0 0.755765 0.121495 0.012579 0.031776
0 0.668763 0.214953 0.018868 0.044860
0 0.407757 0.200000 0.022013 0.042991
0 0.675052 0.121495 0.009434 0.020561
0 0.522013 0.138318 0.012579 0.029907
0 0.187631 0.441121 0.053459 0.104673
0 0.852201 0.188785 0.014675 0.037383
0 0.752621 0.145794 0.013627 0.029907
0 0.535639 0.138318 0.013627 0.029907
0 0.885744 0.224299 0.015723 0.044860
0 0.439203 0.143925 0.016771 0.029907
0 0.807128 0.257944 0.018868 0.042991
0 0.686583 0.321495 0.031447 0.072897
0 0.914046 0.168224 0.011530 0.029907
0 0.616352 0.115888 0.012579 0.026168
0 0.552411 0.287850 0.025157 0.059813
0 0.491614 0.130841 0.011530 0.029907
0 0.519916 0.269159 0.023061 0.056075
0 0.800839 0.287850 0.023061 0.065421
0 0.907757 0.168224 0.011530 0.031776
0 0.923480 0.289720 0.020964 0.048598
0 0.842767 0.340187 0.024109 0.052336
0 0.536688 0.181308 0.018868 0.029907
0 0.623690 0.285981 0.030398 0.063551
0 0.585954 0.168224 0.013627 0.033645
0 0.658281 0.104673 0.010482 0.026168
0 0.748428 0.168224 0.010482 0.029907
0 0.825996 0.171963 0.014675 0.031776
0 0.463312 0.138318 0.015723 0.028037
0 0.656184 0.136449 0.012579 0.028037
0 0.624738 0.222430 0.024109 0.046729
0 0.864780 0.284112 0.022013 0.046729
0 0.545073 0.127103 0.013627 0.024299
0 0.446541 0.192523 0.023061 0.039252
0 0.925577 0.241121 0.015723 0.042991
0 0.479036 0.162617 0.020964 0.029907
0 0.767296 0.132710 0.011530 0.031776
0 0.500000 0.121495 0.013627 0.022430
0 0.556604 0.162617 0.013627 0.029907
0 0.840671 0.151402 0.014675 0.031776
0 0.595388 0.143925 0.014675 0.028037
0 0.942348 0.216822 0.013627 0.037383
0 0.421384 0.175701 0.018868 0.035514
0 0.573375 0.242991 0.023061 0.041121
0 0.511530 0.153271 0.020964 0.031776
0 0.842767 0.213084 0.016771 0.039252
0 0.472746 0.194393 0.023061 0.042991
0 0.475891 0.229907 0.024109 0.046729
0 0.633124 0.100935 0.009434 0.024299
0 0.534591 0.155140 0.017820 0.035514
0 0.661426 0.259813 0.020964 0.046729
0 0.463312 0.151402 0.015723 0.029907
0 0.737945 0.362617 0.030398 0.074766
0 0.699161 0.123364 0.012579 0.033645
0 0.338574 0.218692 0.017820 0.035514
0 0.710692 0.162617 0.014675 0.037383
0 0.621593 0.151402 0.013627 0.033645
0 0.626834 0.132710 0.012579 0.028037
0 0.654088 0.117757 0.011530 0.028037
0 0.769392 0.183178 0.015723 0.037383
0 0.836478 0.353271 0.029350 0.071028
0 0.702306 0.196262 0.017820 0.041121
0 0.915094 0.334579 0.017820 0.057944
0 0.725367 0.224299 0.022013 0.050467
0 0.943396 0.183178 0.011530 0.029907
0 0.720126 0.143925 0.013627 0.033645
0 0.612159 0.097196 0.010482 0.024299
