0 0.625648 0.256522 0.034974 0.072826
0 0.736399 0.386957 0.034974 0.083696
0 0.586788 0.225000 0.034974 0.080435
0 0.292746 0.266304 0.039508 0.081522
0 0.204663 0.382609 0.045984 0.090217
0 0.506477 0.269565 0.041451 0.077174
0 0.625000 0.396739 0.043394 0.089130
0 0.277202 0.516304 0.060233 0.107609
0 0.155440 0.513043 0.062176 0.116304
0 0.454016 0.370652 0.041451 0.092391
0 0.699482 0.520652 0.058290 0.125000
0 0.435233 0.235870 0.034974 0.083696
0 0.793394 0.241304 0.046632 0.080435
0 0.255181 0.251087 0.032383 0.068478
0 0.422927 0.554348 0.054404 0.113043
0 0.218264 0.257609 0.034326 0.079348
0 0.542098 0.226087 0.036269 0.080435
0 0.366580 0.235870 0.042098 0.076087
0 0.700130 0.251087 0.039508 0.079348
0 0.135363 0.256522 0.039508 0.077174
0 0.538212 0.376087 0.043394 0.092391
0 0.464378 0.209783 0.032383 0.078261
0 0.315415 0.371739 0.052461 0.105435
