0 0.829231 0.432500 0.018462 0.035000
0 0.803077 0.470000 0.023077 0.042500
0 0.244615 0.327500 0.010769 0.025000
0 0.623077 0.390000 0.015385 0.027500
0 0.383077 0.470000 0.021538 0.042500
0 0.132308 0.337500 0.016923 0.035000
0 0.801538 0.400000 0.016923 0.027500
0 0.709231 0.522500 0.032308 0.062500
0 0.300000 0.295000 0.013846 0.022500
0 0.912308 0.485000 0.018462 0.045000
0 0.649231 0.365000 0.012308 0.027500
0 0.652308 0.505000 0.027692 0.052500
0 0.483077 0.295000 0.013846 0.022500
0 0.370769 0.305000 0.010769 0.025000
0 0.223077 0.332500 0.013846 0.027500
0 0.560000 0.310000 0.015385 0.030000
0 0.750769 0.397500 0.013846 0.027500
0 0.507692 0.467500 0.023077 0.042500
0 0.456923 0.482500 0.024615 0.052500
0 0.727692 0.365000 0.021538 0.022500
0 0.204615 0.345000 0.015385 0.025000
0 0.204615 0.367500 0.016923 0.035000
0 0.260000 0.367500 0.013846 0.022500
0 0.413846 0.420000 0.016923 0.032500
0 0.684615 0.310000 0.013846 0.027500
0 0.432308 0.360000 0.013846 0.027500
0 0.486154 0.360000 0.013846 0.022500
0 0.713846 0.395000 0.020000 0.030000
0 0.189231 0.307500 0.015385 0.030000
0 0.532308 0.422500 0.020000 0.035000
0 0.109231 0.322500 0.016923 0.040000
0 0.340000 0.530000 0.029231 0.065000
0 0.701538 0.432500 0.018462 0.040000
0 0.361538 0.435000 0.018462 0.035000
0 0.670769 0.387500 0.015385 0.030000
0 0.892308 0.487500 0.015385 0.035000
0 0.564615 0.470000 0.016923 0.040000
0 0.860000 0.507500 0.029231 0.055000
0 0.873846 0.325000 0.013846 0.032500
0 0.512308 0.527500 0.029231 0.060000
0 0.272308 0.465000 0.024615 0.045000
0 0.835385 0.322500 0.013846 0.025000
0 0.196923 0.515000 0.030769 0.050000
0 0.863077 0.395000 0.015385 0.027500
0 0.421538 0.292500 0.012308 0.022500
0 0.147692 0.410000 0.026154 0.047500
0 0.689231 0.472500 0.021538 0.040000
0 0.330769 0.470000 0.020000 0.042500
0 0.427692 0.515000 0.027692 0.057500
0 0.018462 0.355000 0.016923 0.037500
0 0.798462 0.332500 0.012308 0.027500
0 0.581538 0.505000 0.024615 0.050000
0 0.509231 0.320000 0.010769 0.025000
0 0.255385 0.547500 0.032308 0.067500
0 0.570769 0.385000 0.016923 0.027500
0 0.600000 0.430000 0.018462 0.037500
0 0.307692 0.362500 0.013846 0.027500
0 0.224615 0.425000 0.026154 0.062500
0 0.541538 0.502500 0.026154 0.047500
0 0.323077 0.432500 0.018462 0.032500
0 0.167692 0.547500 0.032308 0.062500
0 0.375385 0.507500 0.023077 0.052500
0 0.878462 0.435000 0.021538 0.042500
0 0.289231 0.440000 0.021538 0.035000
0 0.756923 0.485000 0.024615 0.042500
0 0.033846 0.600000 0.041538 0.095000
0 0.370769 0.397500 0.013846 0.027500
0 0.427692 0.470000 0.020000 0.035000
0 0.544615 0.370000 0.012308 0.027500
0 0.376923 0.372500 0.013846 0.027500
0 0.293846 0.502500 0.026154 0.052500
0 0.656923 0.435000 0.020000 0.037500
0 0.921538 0.520000 0.030769 0.060000
0 0.329231 0.397500 0.016923 0.027500
0 0.241538 0.395000 0.016923 0.035000
0 0.944615 0.552500 0.033846 0.060000
0 0.812308 0.535000 0.038462 0.062500
0 0.173846 0.382500 0.020000 0.045000
0 0.104615 0.577500 0.041538 0.072500
0 0.427692 0.395000 0.016923 0.032500
0 0.724615 0.477500 0.018462 0.035000
0 0.463077 0.387500 0.015385 0.032500
0 0.284615 0.395000 0.016923 0.030000
0 0.920000 0.322500 0.015385 0.032500
0 0.087692 0.345000 0.020000 0.037500
0 0.609231 0.515000 0.026154 0.060000
0 0.472308 0.425000 0.016923 0.035000
0 0.761538 0.427500 0.021538 0.037500
