0 0.640000 0.310127 0.042000 0.069620
0 0.254000 0.367089 0.048000 0.072785
0 0.704000 0.379747 0.050000 0.085443
0 0.904000 0.389241 0.064000 0.104430
0 0.816000 0.329114 0.052000 0.094937
0 0.034000 0.329114 0.042000 0.079114
0 0.482000 0.487342 0.104000 0.215190
0 0.968000 0.386076 0.058000 0.120253
0 0.316000 0.414557 0.064000 0.107595
0 0.554000 0.341772 0.038000 0.075949
0 0.276000 0.316456 0.036000 0.075949
0 0.186000 0.389241 0.058000 0.104430
0 0.472000 0.373418 0.048000 0.079114
0 0.668000 0.658228 0.106000 0.199367
0 0.226000 0.541139 0.078000 0.126582
0 0.374000 0.338608 0.042000 0.082278
0 0.114000 0.306962 0.052000 0.094937
0 0.638000 0.481013 0.082000 0.129747
