0 0.757143 0.348315 0.027778 0.070225
0 0.423016 0.182584 0.015079 0.042135
0 0.861905 0.245787 0.020635 0.054775
0 0.780159 0.207865 0.019048 0.039326
0 0.619048 0.141854 0.014286 0.032303
0 0.734127 0.183989 0.019048 0.043539
0 0.842063 0.188202 0.015873 0.036517
0 0.723016 0.148876 0.017460 0.033708
0 0.406349 0.185393 0.015873 0.032303
0 0.650000 0.169944 0.019841 0.039326
0 0.446032 0.158708 0.019048 0.032303
0 0.342063 0.214888 0.015873 0.029494
0 0.643651 0.117978 0.014286 0.028090
0 0.403968 0.227528 0.019841 0.040730
0 0.552381 0.140449 0.015873 0.029494
0 0.696032 0.304775 0.031746 0.073034
0 0.869048 0.207865 0.018254 0.039326
0 0.609524 0.119382 0.011905 0.021067
0 0.880159 0.193820 0.014286 0.036517
0 0.908730 0.272472 0.022222 0.049157
0 0.312698 0.219101 0.019048 0.035112
0 0.601587 0.250000 0.027778 0.056180
0 0.818254 0.154494 0.017460 0.036517
0 0.506349 0.195225 0.021429 0.037921
0 0.202381 0.469101 0.035714 0.081461
0 0.323810 0.285112 0.023016 0.042135
0 0.466667 0.162921 0.014286 0.030899
0 0.715873 0.219101 0.020635 0.039326
0 0.832540 0.137640 0.013492 0.035112
0 0.800000 0.134831 0.015873 0.037921
0 0.538889 0.185393 0.019841 0.036517
0 0.485714 0.137640 0.016667 0.032303
0 0.664286 0.120787 0.015873 0.030899
0 0.405556 0.280899 0.022222 0.050562
0 0.523016 0.143258 0.015079 0.032303
0 0.303175 0.265449 0.020635 0.039326
0 0.265079 0.262640 0.015873 0.033708
0 0.720635 0.293539 0.027778 0.058989
0 0.690476 0.155899 0.017460 0.039326
0 0.278571 0.261236 0.015079 0.030899
0 0.492857 0.292135 0.030952 0.058989
0 0.747619 0.141854 0.017460 0.026685
0 0.557143 0.255618 0.030159 0.050562
0 0.384921 0.252809 0.019841 0.046348
0 0.769048 0.129213 0.015873 0.036517
0 0.656349 0.209270 0.021429 0.046348
0 0.856349 0.320225 0.026190 0.061798
0 0.548413 0.301966 0.031746 0.060393
0 0.584921 0.108146 0.012698 0.030899
0 0.465079 0.141854 0.012698 0.023876
0 0.867460 0.143258 0.013492 0.032303
0 0.825397 0.226124 0.022222 0.044944
0 0.790476 0.283708 0.023810 0.057584
0 0.754762 0.220506 0.021429 0.039326
0 0.653968 0.257022 0.026984 0.053371
0 0.478571 0.203652 0.017460 0.035112
0 0.752381 0.174157 0.017460 0.039326
0 0.517460 0.127809 0.014286 0.026685
0 0.623810 0.207865 0.020635 0.044944
0 0.585714 0.150281 0.019048 0.039326
0 0.707937 0.172753 0.015079 0.030899
0 0.473016 0.227528 0.023016 0.046348
0 0.443651 0.216292 0.022222 0.037921
