0 0.726248 0.395833 0.027375 0.054167
0 0.914654 0.352778 0.016908 0.040278
0 0.589372 0.250000 0.014493 0.034722
0 0.355878 0.288889 0.016103 0.030556
0 0.804348 0.305556 0.017713 0.031944
0 0.652174 0.222222 0.012882 0.031944
0 0.722222 0.265278 0.015298 0.033333
0 0.339775 0.347222 0.021739 0.041667
0 0.897746 0.470833 0.029791 0.075000
0 0.682770 0.347222 0.020129 0.048611
0 0.536232 0.251389 0.014493 0.030556
0 0.808374 0.273611 0.017713 0.030556
0 0.379227 0.336111 0.020129 0.040278
0 0.628019 0.298611 0.017713 0.036111
0 0.608696 0.425000 0.032206 0.059722
0 0.697262 0.256944 0.016103 0.034722
0 0.569243 0.241667 0.016103 0.026389
0 0.666667 0.230556 0.012882 0.030556
0 0.555556 0.255556 0.016908 0.037500
0 0.464573 0.298611 0.016103 0.029167
0 0.490338 0.276389 0.016908 0.031944
0 0.890499 0.388889 0.020934 0.047222
0 0.756844 0.441667 0.028986 0.066667
0 0.438808 0.345833 0.018519 0.048611
0 0.413849 0.259722 0.016908 0.033333
0 0.520129 0.254167 0.015298 0.030556
0 0.925926 0.327778 0.015298 0.036111
0 0.396135 0.250000 0.016103 0.029167
0 0.504831 0.255556 0.016908 0.027778
0 0.830113 0.451389 0.034622 0.066667
0 0.545089 0.227778 0.016103 0.027778
0 0.530596 0.369444 0.025765 0.054167
0 0.458937 0.245833 0.016103 0.025000
0 0.668277 0.266667 0.019324 0.031944
0 0.291465 0.359722 0.021739 0.044444
0 0.760064 0.286111 0.019324 0.038889
0 0.918680 0.300000 0.015298 0.030556
0 0.787440 0.504167 0.031401 0.069444
0 0.145733 0.534722 0.056361 0.111111
0 0.437198 0.301389 0.017713 0.037500
0 0.849436 0.316667 0.021739 0.038889
0 0.263285 0.343056 0.022544 0.047222
0 0.440419 0.261111 0.012882 0.027778
0 0.885668 0.291667 0.016908 0.031944
0 0.915459 0.276389 0.013688 0.026389
0 0.826087 0.262500 0.013688 0.036111
0 0.567633 0.218056 0.013688 0.027778
0 0.876006 0.326389 0.018519 0.041667
0 0.590177 0.234722 0.016103 0.030556
0 0.498390 0.375000 0.028180 0.066667
0 0.690821 0.220833 0.013688 0.027778
0 0.752818 0.262500 0.016103 0.030556
0 0.733494 0.251389 0.016908 0.029167
0 0.219002 0.354167 0.016103 0.037500
0 0.844605 0.409722 0.023349 0.048611
0 0.632850 0.248611 0.016908 0.033333
0 0.594203 0.322222 0.020934 0.041667
0 0.603865 0.368056 0.024960 0.044444
0 0.673913 0.318056 0.020934 0.043056
0 0.661031 0.447222 0.033011 0.063889
0 0.537037 0.400000 0.031401 0.059722
0 0.714171 0.284722 0.016103 0.040278
0 0.647343 0.391667 0.030596 0.054167
0 0.512882 0.293056 0.017713 0.030556
0 0.694847 0.519444 0.035427 0.075000
0 0.466989 0.234722 0.013688 0.023611
0 0.798712 0.359722 0.022544 0.047222
0 0.545089 0.288889 0.017713 0.036111
0 0.799517 0.256944 0.014493 0.022222
0 0.859098 0.256944 0.012077 0.031944
0 0.288245 0.302778 0.016103 0.030556
0 0.640097 0.340278 0.020129 0.045833
0 0.604670 0.205556 0.014493 0.029167
0 0.359903 0.326389 0.019324 0.041667
0 0.516908 0.308333 0.017713 0.040278
0 0.771337 0.245833 0.017713 0.029167
0 0.408213 0.338889 0.020934 0.038889
0 0.741546 0.225000 0.012882 0.029167
0 0.809984 0.340278 0.019324 0.043056
0 0.859098 0.368056 0.023349 0.047222
0 0.849436 0.262500 0.017713 0.038889
