0 0.396664 0.265041 0.016682 0.039024
0 0.470806 0.141463 0.012048 0.034146
0 0.577386 0.234146 0.024096 0.045528
0 0.561631 0.118699 0.018536 0.034146
0 0.443003 0.224390 0.024096 0.045528
0 0.594069 0.100813 0.012048 0.027642
0 0.699722 0.099187 0.016682 0.030894
0 0.395737 0.195122 0.015755 0.032520
0 0.490269 0.195122 0.019462 0.039024
0 0.405005 0.178862 0.019462 0.039024
0 0.762743 0.130081 0.014829 0.037398
0 0.785913 0.271545 0.023170 0.053659
0 0.854495 0.139837 0.013902 0.029268
0 0.721038 0.164228 0.019462 0.035772
0 0.620945 0.130081 0.015755 0.035772
0 0.806302 0.339837 0.037071 0.073171
0 0.614458 0.104065 0.012048 0.021138
0 0.054680 0.390244 0.026877 0.060163
0 0.475440 0.217886 0.022243 0.042276
0 0.291937 0.274797 0.017609 0.047154
0 0.894347 0.143089 0.013902 0.030894
0 0.893420 0.356098 0.038925 0.071545
0 0.741427 0.341463 0.033364 0.078049
0 0.915663 0.216260 0.018536 0.050407
0 0.658017 0.133333 0.013902 0.032520
0 0.503244 0.143089 0.015755 0.027642
0 0.583874 0.113821 0.014829 0.024390
0 0.810936 0.143089 0.018536 0.040650
0 0.630213 0.292683 0.027804 0.056911
0 0.924930 0.245528 0.015755 0.042276
0 0.776645 0.162602 0.016682 0.037398
0 0.694161 0.308943 0.041705 0.079675
0 0.665431 0.108943 0.014829 0.030894
0 0.506951 0.291057 0.026877 0.063415
0 0.448563 0.185366 0.020389 0.042276
0 0.486562 0.147967 0.012975 0.029268
0 0.513438 0.159350 0.016682 0.030894
0 0.619092 0.255285 0.029657 0.055285
0 0.562558 0.297561 0.027804 0.055285
0 0.732159 0.256911 0.025023 0.055285
0 0.245598 0.278049 0.020389 0.030894
0 0.656163 0.211382 0.025023 0.042276
0 0.747915 0.143089 0.016682 0.035772
0 0.429101 0.165854 0.018536 0.032520
0 0.640408 0.125203 0.012048 0.032520
0 0.297498 0.240650 0.022243 0.042276
0 0.467099 0.183740 0.015755 0.035772
0 0.837813 0.138211 0.012048 0.027642
0 0.626506 0.200000 0.020389 0.045528
0 0.704356 0.172358 0.017609 0.047154
0 0.650602 0.165854 0.019462 0.040650
0 0.640408 0.102439 0.017609 0.030894
0 0.859129 0.177236 0.016682 0.042276
0 0.777572 0.203252 0.020389 0.042276
0 0.360519 0.256911 0.022243 0.035772
0 0.381835 0.226016 0.017609 0.032520
0 0.883225 0.172358 0.013902 0.034146
0 0.527340 0.193496 0.018536 0.040650
0 0.481001 0.162602 0.013902 0.034146
0 0.836886 0.282927 0.025023 0.056911
0 0.676552 0.175610 0.016682 0.037398
0 0.810936 0.239024 0.024096 0.052033
0 0.865616 0.258537 0.024096 0.048780
0 0.911956 0.292683 0.022243 0.063415
0 0.751622 0.214634 0.023170 0.048780
0 0.819277 0.186992 0.023170 0.045528
0 0.583874 0.138211 0.015755 0.032520
0 0.608897 0.138211 0.018536 0.035772
0 0.909175 0.263415 0.020389 0.047154
0 0.371640 0.191870 0.020389 0.035772
0 0.827618 0.134959 0.015755 0.037398
0 0.725672 0.196748 0.021316 0.050407
0 0.875811 0.204878 0.018536 0.040650
0 0.418906 0.173984 0.015755 0.039024
0 0.561631 0.170732 0.022243 0.035772
0 0.924930 0.160976 0.011121 0.024390
0 0.519926 0.136585 0.012048 0.024390
0 0.734013 0.108943 0.017609 0.040650
