0 0.785833 0.571250 0.155833 0.226250
0 0.268333 0.328750 0.026667 0.041250
0 0.103333 0.543750 0.139167 0.255000
0 0.465000 0.326250 0.029167 0.046250
0 0.201667 0.376250 0.034167 0.047500
0 0.362500 0.371250 0.035833 0.045000
0 0.333333 0.360000 0.021667 0.042500
0 0.408333 0.346250 0.029167 0.048750
0 0.643333 0.242500 0.121667 0.232500
0 0.949167 0.352500 0.074167 0.128750
0 0.425000 0.562500 0.144167 0.278750
0 0.885000 0.417500 0.090000 0.138750
0 0.858333 0.270000 0.021667 0.032500
0 0.887500 0.332500 0.035000 0.047500
0 0.303333 0.370000 0.032500 0.055000
0 0.482500 0.511250 0.107500 0.181250
0 0.790000 0.347500 0.028333 0.046250
0 0.501667 0.352500 0.030833 0.047500
0 0.165833 0.353750 0.028333 0.047500
0 0.076667 0.373750 0.039167 0.068750
