0 0.741538 0.568306 0.032308 0.060109
0 0.687692 0.595628 0.040000 0.062842
0 0.395385 0.565574 0.032308 0.051913
0 0.864615 0.663934 0.055385 0.090164
0 0.635385 0.756831 0.061538 0.128415
0 0.166154 0.576503 0.032308 0.057377
0 0.378462 0.920765 0.126154 0.144809
0 0.660000 0.527322 0.024615 0.057377
0 0.876923 0.603825 0.035385 0.071038
0 0.432308 0.603825 0.032308 0.051913
0 0.798462 0.540984 0.024615 0.046448
0 0.492308 0.628415 0.044615 0.081967
0 0.203077 0.661202 0.049231 0.106557
0 0.606154 0.573770 0.029231 0.073770
0 0.543077 0.554645 0.026154 0.049180
0 0.209231 0.827869 0.073846 0.128415
0 0.453846 0.404372 0.029231 0.068306
