0 0.503850 0.116832 0.009901 0.023762
0 0.415842 0.223762 0.017602 0.029703
0 0.453245 0.235644 0.014301 0.035644
0 0.937294 0.198020 0.016502 0.035644
0 0.201320 0.168317 0.014301 0.037624
0 0.924092 0.269307 0.014301 0.035644
0 0.385039 0.164356 0.013201 0.031683
0 0.518152 0.194059 0.017602 0.043564
0 0.787679 0.227723 0.018702 0.039604
0 0.578658 0.122772 0.013201 0.027723
0 0.812981 0.277228 0.020902 0.049505
0 0.623762 0.269307 0.024202 0.049505
0 0.085809 0.263366 0.022002 0.039604
0 0.561056 0.198020 0.023102 0.047525
