0 0.683333 0.445682 0.024074 0.041783
0 0.516667 0.459610 0.022222 0.044568
0 0.542593 0.454039 0.016667 0.030641
0 0.901852 0.403900 0.020370 0.038997
0 0.729630 0.465181 0.022222 0.044568
0 0.211111 0.506964 0.027778 0.052925
0 0.596296 0.456825 0.020370 0.044568
0 0.851852 0.440111 0.029630 0.061281
0 0.640741 0.584958 0.075926 0.153203
0 0.320370 0.490251 0.033333 0.064067
0 0.481481 0.473538 0.029630 0.041783
0 0.737037 0.440111 0.020370 0.038997
0 0.188889 0.534819 0.048148 0.072423
0 0.738889 0.423398 0.018519 0.033426
0 0.698148 0.506964 0.053704 0.100279
0 0.022222 0.551532 0.035185 0.058496
0 0.714815 0.431755 0.022222 0.041783
0 0.362963 0.487465 0.035185 0.052925
0 0.918519 0.454039 0.037037 0.064067
0 0.440741 0.506964 0.053704 0.094708
0 0.133333 0.548747 0.051852 0.080780
0 0.307407 0.523677 0.046296 0.072423
0 0.653704 0.456825 0.029630 0.047354
0 0.548148 0.529248 0.051852 0.089136
0 0.820370 0.448468 0.031481 0.061281
0 0.670370 0.501393 0.031481 0.061281
0 0.270370 0.506964 0.027778 0.055710
0 0.900000 0.498607 0.051852 0.094708
0 0.162963 0.526462 0.037037 0.058496
0 0.381481 0.598886 0.075926 0.130919
0 0.583333 0.445682 0.012963 0.030641
0 0.796296 0.476323 0.048148 0.066852
0 0.611111 0.462396 0.027778 0.058496
0 0.240741 0.512535 0.040741 0.069638
