0 0.442415 0.188103 0.012708 0.030547
0 0.613185 0.372990 0.023828 0.053055
0 0.237490 0.273312 0.021446 0.045016
0 0.788721 0.220257 0.016680 0.041801
0 0.927720 0.262058 0.013503 0.038585
0 0.370929 0.188103 0.013503 0.032154
0 0.445592 0.297428 0.017474 0.045016
0 0.559174 0.138264 0.015091 0.035370
0 0.667196 0.229904 0.019063 0.053055
0 0.688642 0.162379 0.015091 0.040193
0 0.655282 0.181672 0.013503 0.030547
0 0.502780 0.205788 0.014297 0.035370
0 0.582208 0.200965 0.015091 0.036977
0 0.656076 0.405145 0.025417 0.064309
0 0.398729 0.234727 0.015091 0.028939
0 0.688642 0.217042 0.016680 0.043408
0 0.900715 0.229904 0.014297 0.035370
0 0.558380 0.162379 0.013503 0.025723
0 0.471803 0.141479 0.010326 0.030547
0 0.374106 0.262058 0.015886 0.038585
0 0.300238 0.247588 0.015886 0.043408
0 0.713264 0.149518 0.015091 0.033762
0 0.957109 0.434084 0.023828 0.069132
0 0.949960 0.244373 0.012708 0.033762
0 0.526608 0.162379 0.010326 0.033762
0 0.270056 0.237942 0.017474 0.036977
0 0.726767 0.395498 0.027006 0.065916
0 0.806195 0.249196 0.017474 0.038585
0 0.604448 0.299035 0.023034 0.056270
0 0.864972 0.337621 0.016680 0.046624
0 0.655282 0.135048 0.013503 0.035370
0 0.119142 0.535370 0.042097 0.096463
0 0.767276 0.282958 0.018268 0.043408
0 0.692613 0.136656 0.013503 0.030547
0 0.833995 0.212219 0.012708 0.032154
0 0.613185 0.180064 0.014297 0.036977
0 0.483717 0.170418 0.015091 0.041801
0 0.875298 0.421222 0.021446 0.059486
0 0.621922 0.133441 0.013503 0.036977
0 0.213662 0.279743 0.019063 0.041801
0 0.904686 0.257235 0.014297 0.035370
0 0.337569 0.234727 0.018268 0.043408
0 0.578237 0.139871 0.013503 0.032154
0 0.316124 0.213826 0.019857 0.043408
0 0.608419 0.154341 0.013503 0.030547
0 0.872121 0.495177 0.031771 0.065916
0 0.802224 0.454984 0.030183 0.080386
0 0.875298 0.234727 0.015886 0.041801
0 0.889595 0.286174 0.014297 0.041801
0 0.452740 0.168810 0.013503 0.038585
0 0.604448 0.199357 0.015091 0.040193
0 0.813344 0.191318 0.015091 0.040193
0 0.741859 0.241158 0.013503 0.033762
0 0.710882 0.274920 0.022240 0.056270
0 0.436060 0.165595 0.010326 0.028939
0 0.586974 0.155949 0.014297 0.030547
0 0.413026 0.184887 0.016680 0.035370
0 0.976172 0.299035 0.011914 0.028939
0 0.661636 0.162379 0.012708 0.028939
0 0.553614 0.223473 0.014297 0.036977
0 0.495631 0.149518 0.011914 0.030547
0 0.757744 0.197749 0.015091 0.036977
0 0.775218 0.180064 0.013503 0.036977
0 0.575060 0.324759 0.022240 0.053055
0 0.734710 0.221865 0.016680 0.040193
0 0.976172 0.332797 0.012708 0.032154
0 0.975377 0.361736 0.016680 0.040193
0 0.985703 0.263666 0.013503 0.035370
0 0.957109 0.368167 0.019063 0.056270
0 0.924543 0.324759 0.018268 0.041801
0 0.475774 0.241158 0.017474 0.048232
