0 0.566216 0.574037 0.063514 0.095335
0 0.251351 0.527383 0.027027 0.040568
0 0.866216 0.596349 0.059459 0.089249
0 0.450000 0.525355 0.036486 0.052738
0 0.336486 0.458418 0.025676 0.038540
0 0.155405 0.553753 0.031081 0.050710
0 0.528378 0.555781 0.040541 0.077079
0 0.370270 0.525355 0.033784 0.052738
0 0.924324 0.738337 0.137838 0.227181
0 0.172973 0.519270 0.031081 0.046653
0 0.674324 0.464503 0.021622 0.044625
0 0.166216 0.819473 0.156757 0.255578
0 0.493243 0.543611 0.035135 0.064909
0 0.235135 0.513185 0.025676 0.044625
0 0.222973 0.531440 0.032432 0.044625
0 0.114865 0.563895 0.028378 0.054767
0 0.943243 0.596349 0.059459 0.103448
0 0.360811 0.537525 0.040541 0.070994
0 0.720270 0.452333 0.032432 0.046653
0 0.774324 0.541582 0.029730 0.054767
0 0.275676 0.908722 0.151351 0.182556
0 0.095946 0.543611 0.041892 0.060852
0 0.444595 0.586207 0.043243 0.070994
0 0.800000 0.543611 0.035135 0.056795
0 0.660811 0.657201 0.132432 0.198783
0 0.797297 0.866126 0.114865 0.196755
