0 0.602957 0.253283 0.026399 0.052533
0 0.263992 0.279550 0.024287 0.045028
0 0.458289 0.217636 0.023231 0.035647
0 0.479409 0.296435 0.026399 0.054409
0 0.776135 0.270169 0.027455 0.060038
0 0.909187 0.146341 0.014784 0.033771
0 0.491024 0.121951 0.012672 0.020638
0 0.539599 0.131332 0.011616 0.026266
0 0.545935 0.135084 0.011616 0.020638
0 0.895459 0.146341 0.012672 0.022514
0 0.585005 0.386492 0.031679 0.056285
0 0.540655 0.318949 0.031679 0.061914
0 0.626188 0.196998 0.024287 0.048780
0 0.347413 0.238274 0.016895 0.037523
