0 0.918750 0.448333 0.052500 0.075000
0 0.410000 0.416667 0.038750 0.073333
0 0.748750 0.406667 0.042500 0.060000
0 0.213750 0.465000 0.065000 0.101667
0 0.508750 0.431667 0.038750 0.041667
0 0.040000 0.430000 0.057500 0.078333
0 0.435000 0.506667 0.065000 0.108333
0 0.595000 0.406667 0.030000 0.051667
0 0.356250 0.478333 0.050000 0.083333
0 0.638750 0.425000 0.045000 0.063333
0 0.722500 0.421667 0.046250 0.066667
0 0.558750 0.450000 0.045000 0.073333
0 0.602500 0.500000 0.068750 0.101667
0 0.690000 0.395000 0.028750 0.051667
0 0.727500 0.475000 0.068750 0.100000
0 0.948750 0.428333 0.037500 0.068333
0 0.470000 0.465000 0.041250 0.083333
