0 0.585559 0.177193 0.014837 0.031579
0 0.847676 0.205263 0.016815 0.029825
0 0.364985 0.194737 0.014837 0.028070
0 0.926805 0.203509 0.016815 0.042105
0 0.499505 0.131579 0.011869 0.024561
0 0.390702 0.196491 0.016815 0.031579
0 0.716123 0.228070 0.018793 0.045614
0 0.512364 0.189474 0.016815 0.029825
0 0.862512 0.192982 0.013848 0.031579
0 0.616222 0.114035 0.010880 0.021053
0 0.465875 0.145614 0.013848 0.024561
0 0.698318 0.171930 0.018793 0.024561
0 0.666667 0.277193 0.026706 0.047368
0 0.584570 0.243860 0.022750 0.040351
0 0.385757 0.247368 0.024728 0.040351
0 0.578635 0.124561 0.009891 0.029825
0 0.496538 0.226316 0.022750 0.035088
0 0.888229 0.231579 0.018793 0.040351
0 0.697329 0.205263 0.015826 0.035088
0 0.636004 0.257895 0.019782 0.043860
0 0.541048 0.131579 0.012859 0.019298
0 0.443126 0.261404 0.017804 0.040351
0 0.746785 0.178947 0.013848 0.028070
0 0.655786 0.184211 0.021761 0.035088
0 0.864491 0.282456 0.019782 0.040351
0 0.525223 0.131579 0.010880 0.022807
0 0.187933 0.445614 0.041543 0.080702
0 0.620178 0.142105 0.013848 0.026316
0 0.537092 0.200000 0.020772 0.031579
0 0.837784 0.187719 0.016815 0.031579
0 0.772502 0.303509 0.022750 0.050877
0 0.910979 0.349123 0.023739 0.059649
0 0.340257 0.249123 0.020772 0.043860
0 0.946588 0.178947 0.010880 0.033333
0 0.801187 0.307018 0.018793 0.045614
0 0.731949 0.152632 0.011869 0.024561
0 0.931751 0.287719 0.015826 0.038596
0 0.834817 0.314035 0.024728 0.050877
0 0.834817 0.235088 0.016815 0.035088
0 0.441147 0.219298 0.016815 0.033333
0 0.422354 0.184211 0.015826 0.033333
