0 0.591937 0.121739 0.010816 0.034783
0 0.945919 0.182609 0.010816 0.033043
0 0.625369 0.210435 0.021632 0.046957
0 0.442478 0.158261 0.010816 0.026087
0 0.456244 0.206957 0.021632 0.036522
0 0.911504 0.340870 0.022616 0.057391
0 0.664700 0.227826 0.018682 0.040000
0 0.565388 0.151304 0.013766 0.031304
0 0.819076 0.360000 0.026549 0.046957
0 0.501475 0.146087 0.010816 0.024348
0 0.876106 0.161739 0.016716 0.036522
0 0.513274 0.121739 0.009833 0.024348
0 0.843658 0.160000 0.011799 0.027826
0 0.487709 0.220870 0.017699 0.033043
0 0.604720 0.133913 0.025565 0.043478
0 0.848574 0.191304 0.018682 0.038261
0 0.420846 0.180870 0.015733 0.034783
0 0.599803 0.149565 0.015733 0.034783
0 0.896755 0.434783 0.028515 0.076522
0 0.641101 0.125217 0.011799 0.024348
0 0.800393 0.280000 0.021632 0.046957
0 0.670600 0.182609 0.019666 0.034783
0 0.740413 0.180870 0.016716 0.041739
0 0.723697 0.373913 0.034415 0.069565
0 0.882006 0.224348 0.016716 0.033043
0 0.798427 0.170435 0.013766 0.038261
0 0.464110 0.147826 0.009833 0.029565
0 0.547689 0.193043 0.016716 0.040000
0 0.778761 0.189565 0.017699 0.038261
0 0.471976 0.137391 0.011799 0.027826
0 0.663717 0.333913 0.036382 0.066087
0 0.656834 0.292174 0.022616 0.034783
0 0.913471 0.172174 0.012783 0.033043
0 0.708948 0.163478 0.028515 0.055652
0 0.411996 0.210435 0.012783 0.027826
0 0.927237 0.290435 0.024582 0.041739
0 0.610619 0.106087 0.011799 0.026087
0 0.813176 0.198261 0.013766 0.034783
0 0.699115 0.133913 0.015733 0.041739
0 0.843658 0.220870 0.014749 0.034783
0 0.663717 0.118261 0.008850 0.024348
0 0.829892 0.182609 0.014749 0.024348
0 0.766962 0.154783 0.017699 0.038261
0 0.552606 0.126957 0.009833 0.024348
0 0.868240 0.194783 0.013766 0.034783
0 0.524090 0.128696 0.012783 0.029565
0 0.834808 0.306087 0.023599 0.052174
0 0.686332 0.126957 0.018682 0.029565
0 0.509341 0.139130 0.011799 0.019130
0 0.644051 0.113043 0.012783 0.027826
0 0.587021 0.173913 0.018682 0.038261
0 0.921337 0.173913 0.011799 0.029565
0 0.578171 0.238261 0.021632 0.043478
0 0.209440 0.360000 0.040315 0.080000
0 0.636185 0.250435 0.020649 0.040000
0 0.791544 0.213913 0.018682 0.034783
0 0.878073 0.264348 0.023599 0.045217
0 0.950836 0.224348 0.016716 0.040000
0 0.328417 0.226087 0.018682 0.036522
0 0.917404 0.248696 0.016716 0.041739
0 0.704031 0.203478 0.019666 0.038261
0 0.721731 0.245217 0.022616 0.053913
0 0.330383 0.191304 0.015733 0.033043
0 0.591937 0.314783 0.033432 0.064348
0 0.519174 0.280000 0.025565 0.050435
0 0.533923 0.158261 0.015733 0.027826
0 0.934120 0.241739 0.016716 0.046957
0 0.631268 0.153043 0.012783 0.034783
0 0.351032 0.208696 0.014749 0.031304
0 0.513274 0.161739 0.012783 0.026087
