0 0.570764 0.238806 0.017691 0.041459
0 0.844507 0.189055 0.015829 0.044776
0 0.463687 0.195688 0.013035 0.028192
0 0.427374 0.180763 0.015829 0.029851
0 0.443203 0.199005 0.014898 0.028192
0 0.581006 0.135987 0.012104 0.023217
0 0.854749 0.159204 0.013035 0.033167
0 0.486034 0.131012 0.011173 0.021559
0 0.456238 0.218905 0.016760 0.029851
0 0.902235 0.227197 0.013035 0.036484
0 0.576350 0.177446 0.013966 0.033167
0 0.384544 0.199005 0.016760 0.024876
0 0.329609 0.217247 0.012104 0.031509
0 0.900372 0.135987 0.010242 0.029851
0 0.739292 0.124378 0.012104 0.031509
0 0.548417 0.303483 0.026071 0.053068
0 0.725326 0.172471 0.014898 0.031509
0 0.500931 0.194030 0.015829 0.031509
0 0.830540 0.144279 0.013035 0.033167
0 0.542831 0.162521 0.012104 0.031509
0 0.530726 0.145937 0.013966 0.028192
0 0.525140 0.203980 0.013035 0.028192
0 0.451583 0.147595 0.013035 0.019900
0 0.739292 0.203980 0.015829 0.038143
0 0.425512 0.222222 0.015829 0.033167
0 0.569832 0.149254 0.009311 0.021559
0 0.682495 0.160862 0.017691 0.036484
0 0.800745 0.137645 0.011173 0.031509
0 0.539106 0.137645 0.016760 0.026534
0 0.472998 0.149254 0.012104 0.023217
0 0.766294 0.286899 0.021415 0.044776
0 0.919926 0.281924 0.019553 0.053068
0 0.503724 0.177446 0.013966 0.028192
0 0.702980 0.218905 0.021415 0.044776
0 0.595903 0.106136 0.010242 0.024876
0 0.871508 0.237148 0.016760 0.041459
0 0.610801 0.213930 0.017691 0.036484
0 0.499069 0.295191 0.023277 0.038143
0 0.560521 0.116086 0.009311 0.021559
0 0.868715 0.147595 0.013966 0.031509
0 0.930168 0.157546 0.013035 0.031509
0 0.615456 0.111111 0.012104 0.023217
0 0.658287 0.260365 0.017691 0.039801
0 0.896648 0.167496 0.010242 0.021559
0 0.917132 0.203980 0.015829 0.043118
0 0.824022 0.169154 0.013035 0.028192
0 0.751397 0.131012 0.013035 0.031509
0 0.607076 0.338308 0.027002 0.051410
0 0.351955 0.238806 0.013035 0.026534
0 0.757914 0.182421 0.013035 0.031509
0 0.750466 0.106136 0.012104 0.021559
0 0.556797 0.150912 0.013035 0.024876
0 0.702048 0.179104 0.016760 0.038143
0 0.669460 0.203980 0.022346 0.038143
0 0.811918 0.131012 0.011173 0.028192
0 0.477654 0.169154 0.013966 0.024876
0 0.687151 0.104478 0.013035 0.029851
0 0.429236 0.280265 0.020484 0.048093
0 0.317505 0.275290 0.017691 0.031509
0 0.767225 0.132670 0.012104 0.031509
0 0.672253 0.339967 0.027933 0.064677
0 0.337058 0.280265 0.014898 0.029851
0 0.347300 0.218905 0.013035 0.026534
0 0.718808 0.293532 0.023277 0.056385
0 0.623836 0.145937 0.013035 0.028192
0 0.648045 0.112769 0.010242 0.026534
0 0.298883 0.247098 0.013966 0.031509
0 0.380819 0.227197 0.018622 0.033167
0 0.452514 0.169154 0.013035 0.026534
0 0.609870 0.255390 0.019553 0.038143
0 0.211359 0.353234 0.037244 0.086235
0 0.720670 0.137645 0.012104 0.031509
0 0.668529 0.119403 0.014898 0.029851
0 0.800745 0.179104 0.016760 0.034826
