0 0.161667 0.441103 0.040000 0.062657
0 0.163333 0.388471 0.040000 0.052632
0 0.356667 0.421053 0.033333 0.052632
0 0.255000 0.416040 0.031667 0.052632
0 0.826667 0.438596 0.050000 0.077694
0 0.478333 0.433584 0.031667 0.047619
0 0.878333 0.446115 0.051667 0.080201
0 0.580000 0.401003 0.031667 0.052632
0 0.085000 0.423559 0.043333 0.070175
0 0.075000 0.448622 0.046667 0.075188
0 0.123333 0.503759 0.050000 0.092732
0 0.480000 0.368421 0.030000 0.057644
0 0.945000 0.431078 0.071667 0.100251
0 0.666667 0.385965 0.035000 0.062657
0 0.776667 0.423559 0.038333 0.072682
0 0.510000 0.408521 0.028333 0.047619
0 0.563333 0.418546 0.025000 0.045113
