0 0.962928 0.524964 0.056084 0.099857
0 0.586502 0.489301 0.038023 0.054208
0 0.134981 0.592011 0.070342 0.085592
0 0.118821 0.506419 0.037072 0.055635
0 0.843156 0.493581 0.043726 0.061341
0 0.850760 0.690442 0.115019 0.218260
0 0.629278 0.534950 0.051331 0.064194
0 0.787072 0.480742 0.026616 0.054208
0 0.449620 0.534950 0.050380 0.068474
0 0.612167 0.469330 0.026616 0.044223
0 0.665399 0.457917 0.024715 0.045649
0 0.864068 0.456491 0.032319 0.054208
0 0.500000 0.457917 0.023764 0.029957
0 0.382129 0.482168 0.026616 0.044223
0 0.428707 0.502140 0.042776 0.058488
0 0.977186 0.459344 0.044677 0.061341
0 0.443916 0.476462 0.023764 0.042796
0 0.018061 0.509272 0.034221 0.051355
0 0.494297 0.500713 0.038023 0.055635
0 0.710076 0.462197 0.028517 0.044223
0 0.744297 0.470756 0.032319 0.045649
0 0.084601 0.504993 0.043726 0.054208
0 0.884981 0.557775 0.068441 0.094151
0 0.241445 0.499287 0.032319 0.042796
0 0.215779 0.489301 0.026616 0.037090
0 0.108365 0.547789 0.050380 0.057061
0 0.345057 0.472183 0.024715 0.034237
0 0.640684 0.593438 0.067490 0.097004
0 0.817490 0.552068 0.062738 0.081312
0 0.706274 0.506419 0.047529 0.068474
0 0.307985 0.496434 0.033270 0.039943
0 0.588403 0.446505 0.025665 0.031384
0 0.805133 0.497860 0.036122 0.057061
0 0.455323 0.457917 0.024715 0.038516
0 0.313688 0.462197 0.027567 0.038516
0 0.561787 0.480742 0.022814 0.054208
0 0.537072 0.546362 0.046578 0.069900
0 0.318441 0.399429 0.017110 0.032810
0 0.211977 0.843081 0.152091 0.245364
0 0.929658 0.674750 0.088403 0.168331
0 0.541825 0.456491 0.025665 0.042796
0 0.278517 0.473609 0.032319 0.045649
0 0.223384 0.470756 0.032319 0.037090
0 0.646388 0.492154 0.034221 0.048502
0 0.040875 0.574893 0.060837 0.091298
0 0.139734 0.654779 0.079848 0.105563
0 0.404943 0.469330 0.026616 0.041369
0 0.341255 0.507846 0.035171 0.061341
