0 0.068401 0.328283 0.015414 0.035354
0 0.756262 0.097643 0.020231 0.042088
0 0.571291 0.292929 0.034682 0.062290
0 0.502890 0.185185 0.024085 0.037037
0 0.732177 0.134680 0.014451 0.033670
0 0.107900 0.309764 0.021195 0.040404
0 0.435453 0.272727 0.030829 0.047138
0 0.370906 0.260943 0.023121 0.043771
0 0.464355 0.188552 0.018304 0.033670
0 0.705202 0.134680 0.019268 0.043771
0 0.159923 0.277778 0.029865 0.052189
0 0.827553 0.087542 0.017341 0.037037
0 0.351638 0.259259 0.017341 0.040404
0 0.543353 0.195286 0.021195 0.033670
0 0.731214 0.163300 0.020231 0.043771
0 0.465318 0.144781 0.015414 0.031987
0 0.973025 0.117845 0.020231 0.037037
0 0.200385 0.479798 0.048170 0.099327
0 0.453757 0.239057 0.020231 0.042088
0 0.486513 0.318182 0.034682 0.055556
0 0.427746 0.215488 0.022158 0.040404
0 0.633911 0.126263 0.019268 0.037037
0 0.893064 0.210438 0.022158 0.047138
0 0.245665 0.234007 0.030829 0.053872
0 0.815992 0.164983 0.021195 0.043771
0 0.450867 0.178451 0.019268 0.028620
