0 0.353239 0.244604 0.014170 0.046763
0 0.428138 0.235612 0.021255 0.039568
0 0.629555 0.127698 0.019231 0.023381
0 0.589069 0.116906 0.009109 0.019784
0 0.706478 0.312950 0.023279 0.053957
0 0.932186 0.223022 0.019231 0.048561
0 0.675101 0.194245 0.015182 0.032374
0 0.719636 0.116906 0.013158 0.021583
0 0.930162 0.285971 0.019231 0.039568
0 0.759109 0.377698 0.024291 0.050360
0 0.694332 0.120504 0.016194 0.023381
0 0.606275 0.336331 0.024291 0.061151
0 0.496964 0.284173 0.022267 0.048561
0 0.590081 0.170863 0.017206 0.026978
0 0.857287 0.291367 0.022267 0.055755
0 0.493927 0.217626 0.019231 0.028777
0 0.385628 0.197842 0.011134 0.037770
0 0.688259 0.242806 0.022267 0.050360
0 0.522267 0.136691 0.011134 0.023381
0 0.810729 0.215827 0.019231 0.025180
0 0.789474 0.138489 0.011134 0.032374
0 0.568826 0.185252 0.017206 0.025180
0 0.297571 0.219424 0.015182 0.035971
0 0.874494 0.267986 0.019231 0.044964
0 0.898785 0.410072 0.027328 0.053957
0 0.655870 0.129496 0.012146 0.025180
0 0.705466 0.161871 0.015182 0.032374
0 0.770243 0.246403 0.020243 0.043165
0 0.804656 0.154676 0.014170 0.028777
0 0.337045 0.224820 0.015182 0.037770
0 0.819838 0.388489 0.024291 0.061151
0 0.581984 0.228417 0.022267 0.044964
0 0.711538 0.226619 0.021255 0.037770
0 0.755061 0.131295 0.015182 0.034173
0 0.784413 0.305755 0.019231 0.053957
0 0.490891 0.174460 0.014170 0.030576
0 0.533401 0.124101 0.015182 0.026978
0 0.815789 0.255396 0.021255 0.044964
0 0.384615 0.244604 0.020243 0.039568
0 0.636640 0.237410 0.024291 0.044964
0 0.692308 0.102518 0.015182 0.014388
0 0.316802 0.228417 0.015182 0.043165
0 0.671053 0.104317 0.011134 0.019784
0 0.721660 0.183453 0.017206 0.034173
0 0.420040 0.181655 0.016194 0.025180
0 0.560729 0.156475 0.015182 0.028777
0 0.674089 0.134892 0.015182 0.028777
0 0.447368 0.167266 0.016194 0.041367
0 0.732794 0.282374 0.019231 0.044964
0 0.096154 0.510791 0.044534 0.104317
0 0.887652 0.228417 0.019231 0.043165
0 0.605263 0.127698 0.013158 0.026978
0 0.477733 0.134892 0.016194 0.019784
0 0.346154 0.179856 0.017206 0.026978
0 0.456478 0.212230 0.020243 0.026978
0 0.528340 0.176259 0.015182 0.037770
0 0.553644 0.124101 0.018219 0.025180
0 0.428138 0.142086 0.016194 0.030576
0 0.763158 0.201439 0.023279 0.032374
0 0.624494 0.156475 0.015182 0.030576
