0 0.820000 0.261712 0.020000 0.048465
0 0.939091 0.182553 0.013636 0.032310
0 0.888182 0.253635 0.019091 0.035541
0 0.655455 0.116317 0.016364 0.027464
0 0.752727 0.140549 0.014545 0.024233
0 0.404545 0.195477 0.016364 0.037157
0 0.567273 0.163166 0.025455 0.051696
0 0.173636 0.208401 0.022727 0.035541
0 0.302727 0.176090 0.018182 0.032310
0 0.918182 0.252019 0.017273 0.037157
0 0.867273 0.193861 0.014545 0.032310
0 0.183636 0.242326 0.020000 0.056543
0 0.200909 0.378029 0.044545 0.105008
0 0.608182 0.098546 0.010000 0.017771
0 0.290909 0.218094 0.023636 0.030695
0 0.416364 0.216478 0.020909 0.043619
0 0.391818 0.193861 0.013636 0.035541
