0 0.108963 0.387500 0.015817 0.028125
0 0.345343 0.518750 0.043937 0.092188
0 0.047452 0.392188 0.018453 0.039062
0 0.545694 0.492188 0.031634 0.062500
0 0.173111 0.375000 0.016696 0.032813
0 0.505272 0.500000 0.033392 0.068750
0 0.195958 0.412500 0.020211 0.050000
0 0.399824 0.521875 0.040422 0.076563
0 0.278559 0.517188 0.054482 0.098437
0 0.843585 0.371875 0.036907 0.079687
0 0.009666 0.443750 0.016696 0.060937
0 0.012302 0.378125 0.019332 0.050000
0 0.625659 0.481250 0.028120 0.053125
0 0.019332 0.409375 0.020211 0.039062
0 0.518453 0.465625 0.021968 0.046875
0 0.093146 0.489063 0.025483 0.064062
0 0.302285 0.464062 0.025483 0.056250
0 0.124780 0.417187 0.017575 0.035937
0 0.052724 0.531250 0.052724 0.103125
0 0.069420 0.365625 0.021968 0.053125
0 0.202109 0.493750 0.033392 0.060937
0 0.109842 0.360938 0.014060 0.028125
0 0.136204 0.362500 0.014060 0.023438
0 0.035149 0.370312 0.018453 0.039062
0 0.142355 0.381250 0.014060 0.026562
0 0.073814 0.451562 0.028998 0.045312
0 0.218805 0.425000 0.017575 0.040625
0 0.059754 0.414062 0.026362 0.042188
0 0.230228 0.459375 0.021090 0.059375
0 0.636204 0.456250 0.023726 0.048438
0 0.469244 0.459375 0.021090 0.046875
0 0.447276 0.498437 0.036028 0.067187
0 0.572935 0.476562 0.028120 0.059375
0 0.030756 0.467187 0.038664 0.053125
0 0.242531 0.437500 0.021090 0.039062
0 0.497364 0.453125 0.015817 0.042188
0 0.130053 0.506250 0.047452 0.092188
0 0.159051 0.471875 0.026362 0.050000
0 0.251318 0.481250 0.027241 0.056250
0 0.110721 0.451562 0.021090 0.040625
