0 0.519177 0.149750 0.017774 0.029950
0 0.655753 0.166389 0.018709 0.036606
0 0.503274 0.153078 0.014967 0.036606
0 0.846586 0.188020 0.016838 0.046589
0 0.490178 0.287854 0.030870 0.054908
0 0.652947 0.098170 0.014032 0.026622
0 0.251637 0.284526 0.017774 0.033278
0 0.892423 0.161398 0.017774 0.039933
0 0.917680 0.164725 0.018709 0.041597
0 0.589336 0.114809 0.015903 0.026622
0 0.273152 0.264559 0.020580 0.044925
0 0.722170 0.176373 0.021515 0.046589
0 0.481759 0.156406 0.020580 0.031614
0 0.926099 0.193012 0.015903 0.044925
0 0.837231 0.134775 0.014967 0.036606
0 0.454630 0.221298 0.018709 0.034942
0 0.330215 0.267887 0.018709 0.043261
0 0.710009 0.289517 0.030870 0.049917
0 0.575304 0.176373 0.019645 0.043261
0 0.853134 0.148087 0.017774 0.036606
0 0.621141 0.136439 0.015903 0.031614
0 0.768007 0.126456 0.016838 0.039933
0 0.492049 0.221298 0.023386 0.044925
0 0.665108 0.198003 0.020580 0.046589
0 0.753976 0.106489 0.013096 0.038270
0 0.781104 0.294509 0.032741 0.064892
0 0.797942 0.168053 0.019645 0.041597
0 0.708138 0.128120 0.015903 0.034942
0 0.326473 0.217970 0.018709 0.033278
0 0.609916 0.254576 0.029935 0.053245
0 0.608980 0.322795 0.031805 0.059900
0 0.558466 0.136439 0.015903 0.033278
0 0.542563 0.129784 0.015903 0.028286
0 0.747428 0.131448 0.014032 0.039933
0 0.580917 0.149750 0.018709 0.031614
0 0.438728 0.201331 0.015903 0.033278
0 0.565014 0.237937 0.023386 0.048253
0 0.637979 0.114809 0.013096 0.028286
0 0.756782 0.146423 0.017774 0.038270
0 0.463985 0.201331 0.017774 0.033278
0 0.816651 0.164725 0.014967 0.036606
0 0.346118 0.266223 0.018709 0.049917
0 0.427502 0.212978 0.016838 0.028286
0 0.350795 0.211314 0.016838 0.036606
0 0.806361 0.239601 0.021515 0.054908
0 0.867166 0.226290 0.019645 0.044925
0 0.417212 0.164725 0.015903 0.026622
0 0.471469 0.146423 0.016838 0.028286
0 0.737138 0.119800 0.016838 0.038270
0 0.615529 0.118136 0.013096 0.021631
0 0.452760 0.143095 0.012161 0.021631
0 0.753976 0.227953 0.025257 0.061564
0 0.812909 0.123128 0.014967 0.034942
0 0.929841 0.158070 0.013096 0.036606
0 0.592142 0.094842 0.014032 0.026622
0 0.621141 0.211314 0.023386 0.049917
0 0.783910 0.118136 0.012161 0.029950
0 0.399439 0.204659 0.016838 0.038270
0 0.062675 0.386023 0.043966 0.076539
0 0.671656 0.109817 0.014967 0.026622
0 0.862488 0.141431 0.014032 0.034942
0 0.288120 0.277870 0.017774 0.031614
0 0.701590 0.091514 0.014967 0.033278
0 0.678204 0.331115 0.034612 0.063228
0 0.390084 0.193012 0.018709 0.036606
0 0.431244 0.262895 0.023386 0.049917
0 0.306829 0.257903 0.023386 0.049917
0 0.797942 0.129784 0.014967 0.031614
0 0.487371 0.123128 0.014032 0.021631
0 0.699719 0.204659 0.023386 0.049917
0 0.619270 0.101498 0.013096 0.023295
0 0.551918 0.158070 0.016838 0.033278
0 0.682881 0.146423 0.021515 0.041597
0 0.664172 0.256240 0.028999 0.048253
0 0.883068 0.193012 0.016838 0.036606
0 0.728718 0.148087 0.017774 0.038270
0 0.562208 0.103161 0.014032 0.023295
0 0.870907 0.124792 0.012161 0.026622
0 0.550047 0.299501 0.029935 0.054908
0 0.521048 0.207987 0.024322 0.036606
0 0.460243 0.164725 0.015903 0.028286
