0 0.417480 0.414973 0.031707 0.066734
0 0.517073 0.420393 0.026016 0.053523
0 0.339024 0.412602 0.038618 0.061992
0 0.699797 0.500339 0.053862 0.096883
0 0.585569 0.460027 0.038415 0.077236
0 0.218699 0.509824 0.081301 0.153117
0 0.607724 0.440718 0.029472 0.057249
0 0.835772 0.567073 0.080691 0.143631
0 0.436992 0.441396 0.044106 0.077236
0 0.046341 0.410908 0.040650 0.067751
0 0.384553 0.651762 0.108537 0.228997
0 0.131911 0.478659 0.061789 0.116870
0 0.297967 0.373645 0.026626 0.046748
0 0.076423 0.415650 0.042073 0.072493
0 0.706911 0.420732 0.039837 0.073509
0 0.823984 0.475949 0.038618 0.071138
0 0.624187 0.516599 0.060976 0.118225
0 0.547561 0.426491 0.028049 0.057249
0 0.642073 0.437331 0.033740 0.066396
0 0.926626 0.484417 0.057520 0.100610
