0 0.508887 0.186777 0.016838 0.038017
0 0.493920 0.171901 0.012161 0.024793
0 0.862488 0.340496 0.019645 0.051240
0 0.799813 0.150413 0.010290 0.026446
0 0.699719 0.161983 0.015903 0.034711
0 0.760524 0.238017 0.016838 0.044628
0 0.347053 0.176860 0.013096 0.031405
0 0.707203 0.114050 0.013096 0.018182
0 0.571562 0.161983 0.013096 0.033058
0 0.202058 0.371901 0.032741 0.094215
0 0.431244 0.168595 0.017774 0.034711
0 0.480823 0.223140 0.017774 0.038017
0 0.840973 0.246281 0.024322 0.042975
0 0.940131 0.229752 0.014967 0.041322
0 0.537886 0.157025 0.014967 0.038017
0 0.782975 0.127273 0.014967 0.024793
0 0.616464 0.305785 0.029935 0.052893
0 0.737138 0.185124 0.017774 0.024793
0 0.453695 0.178512 0.013096 0.036364
0 0.784846 0.183471 0.014032 0.026446
0 0.628625 0.125620 0.012161 0.034711
0 0.594013 0.157025 0.017774 0.029752
0 0.839102 0.150413 0.011225 0.028099
0 0.529467 0.102479 0.008419 0.029752
0 0.608045 0.092562 0.014032 0.019835
0 0.652011 0.127273 0.014032 0.026446
0 0.399439 0.226446 0.019645 0.039669
0 0.832554 0.176860 0.017774 0.034711
0 0.523854 0.208264 0.021515 0.033058
0 0.845650 0.292562 0.020580 0.044628
0 0.730589 0.287603 0.025257 0.059504
0 0.852198 0.074380 0.015903 0.023140
0 0.577175 0.122314 0.013096 0.033058
0 0.404116 0.168595 0.020580 0.024793
0 0.928906 0.279339 0.019645 0.036364
0 0.940131 0.153719 0.014032 0.024793
0 0.749298 0.226446 0.016838 0.029752
0 0.732460 0.137190 0.014967 0.034711
0 0.949486 0.190083 0.014032 0.036364
0 0.653882 0.198347 0.020580 0.026446
0 0.699719 0.320661 0.025257 0.054545
0 0.543499 0.127273 0.012161 0.019835
0 0.873714 0.262810 0.016838 0.044628
0 0.447147 0.231405 0.017774 0.029752
0 0.686623 0.122314 0.013096 0.023140
0 0.793265 0.241322 0.018709 0.029752
0 0.432180 0.213223 0.016838 0.031405
0 0.905519 0.185124 0.019645 0.034711
0 0.898971 0.241322 0.018709 0.042975
0 0.591207 0.241322 0.011225 0.031405
0 0.408793 0.152066 0.017774 0.029752
0 0.709074 0.181818 0.019645 0.033058
0 0.876520 0.163636 0.016838 0.024793
0 0.613658 0.251240 0.026193 0.036364
0 0.869036 0.185124 0.015903 0.023140
0 0.770814 0.153719 0.012161 0.033058
0 0.472404 0.135537 0.012161 0.023140
0 0.494855 0.132231 0.015903 0.028099
0 0.669785 0.105785 0.013096 0.026446
0 0.473340 0.160331 0.014032 0.034711
