0 0.439063 0.394792 0.029687 0.044792
0 0.387500 0.629167 0.088281 0.127083
0 0.517188 0.422917 0.053906 0.066667
0 0.255469 0.463542 0.042188 0.058333
0 0.623437 0.294792 0.028906 0.035417
0 0.257031 0.389583 0.039062 0.050000
0 0.442969 0.498958 0.048438 0.082292
0 0.560156 0.488542 0.050781 0.082292
0 0.139844 0.457292 0.071094 0.087500
0 0.892969 0.379167 0.039062 0.057292
0 0.444531 0.438542 0.035937 0.059375
0 0.621875 0.615625 0.090625 0.134375
0 0.528906 0.367708 0.037500 0.060417
0 0.810156 0.383333 0.039844 0.054167
