0 0.869610 0.191257 0.014374 0.029144
0 0.676591 0.267760 0.015400 0.034608
0 0.548255 0.136612 0.012320 0.023679
0 0.483573 0.182149 0.016427 0.030965
0 0.932238 0.234973 0.018480 0.036430
0 0.821355 0.366120 0.029774 0.061931
0 0.533881 0.167577 0.014374 0.025501
0 0.485626 0.225865 0.016427 0.036430
0 0.889117 0.209472 0.016427 0.029144
0 0.892197 0.238616 0.018480 0.041894
0 0.783368 0.145719 0.013347 0.029144
0 0.634497 0.216758 0.021561 0.040073
0 0.634497 0.125683 0.011294 0.021858
0 0.693018 0.131148 0.009240 0.018215
0 0.764887 0.143898 0.013347 0.025501
0 0.810062 0.295082 0.024641 0.043716
0 0.645791 0.154827 0.013347 0.025501
0 0.558522 0.143898 0.012320 0.020036
0 0.794661 0.225865 0.020534 0.040073
0 0.489733 0.156648 0.012320 0.021858
0 0.936345 0.176685 0.011294 0.029144
0 0.666324 0.132969 0.009240 0.018215
0 0.757700 0.160291 0.013347 0.027322
0 0.930185 0.284153 0.019507 0.047359
0 0.355236 0.207650 0.015400 0.029144
0 0.452772 0.216758 0.016427 0.034608
0 0.587269 0.129326 0.014374 0.025501
0 0.831622 0.182149 0.016427 0.032787
0 0.619097 0.302368 0.023614 0.054645
0 0.515400 0.129326 0.012320 0.020036
0 0.668378 0.218579 0.016427 0.034608
0 0.479466 0.138434 0.012320 0.021858
0 0.798768 0.183971 0.016427 0.029144
0 0.713552 0.171220 0.014374 0.029144
0 0.614990 0.112933 0.012320 0.025501
0 0.744353 0.367942 0.026694 0.060109
0 0.912731 0.400729 0.030801 0.060109
0 0.812115 0.265938 0.017454 0.034608
0 0.683778 0.132969 0.012320 0.027322
0 0.709446 0.204007 0.016427 0.034608
0 0.861396 0.316940 0.022587 0.038251
0 0.644764 0.114754 0.011294 0.025501
0 0.908624 0.178506 0.012320 0.032787
0 0.570842 0.153005 0.014374 0.027322
0 0.428131 0.182149 0.013347 0.021858
0 0.666324 0.193078 0.016427 0.030965
0 0.590349 0.280510 0.023614 0.049180
0 0.909651 0.375228 0.026694 0.049180
0 0.451745 0.165756 0.013347 0.025501
0 0.808008 0.200364 0.017454 0.032787
0 0.322382 0.234973 0.015400 0.032787
0 0.533881 0.132969 0.011294 0.023679
0 0.422998 0.204007 0.017454 0.032787
0 0.881930 0.163934 0.015400 0.027322
0 0.694045 0.324226 0.028747 0.063752
0 0.844969 0.160291 0.016427 0.025501
0 0.603696 0.145719 0.013347 0.023679
0 0.837782 0.236794 0.019507 0.040073
0 0.936345 0.202186 0.015400 0.032787
0 0.717659 0.236794 0.021561 0.040073
0 0.744353 0.187614 0.016427 0.032787
0 0.583162 0.253188 0.023614 0.036430
0 0.755647 0.131148 0.013347 0.027322
0 0.662218 0.120219 0.009240 0.018215
0 0.513347 0.153005 0.014374 0.027322
0 0.914784 0.180328 0.011294 0.025501
0 0.609856 0.132969 0.010267 0.014572
0 0.873717 0.298725 0.017454 0.027322
0 0.548255 0.178506 0.016427 0.032787
0 0.529774 0.284153 0.024641 0.043716
0 0.497947 0.163934 0.012320 0.023679
0 0.786448 0.194900 0.015400 0.036430
0 0.597536 0.167577 0.014374 0.023679
0 0.849076 0.202186 0.017454 0.038251
0 0.545175 0.193078 0.015400 0.025501
