0 0.926230 0.379781 0.042623 0.081967
0 0.898361 0.371585 0.044262 0.092896
0 0.772131 0.396175 0.022951 0.046448
0 0.540984 0.371585 0.044262 0.081967
0 0.575410 0.377049 0.032787 0.068306
0 0.662295 0.396175 0.040984 0.062842
0 0.242623 0.360656 0.059016 0.103825
0 0.793443 0.387978 0.039344 0.084699
0 0.445902 0.379781 0.045902 0.079235
0 0.086885 0.314208 0.045902 0.095628
0 0.126230 0.377049 0.054098 0.087432
0 0.736066 0.393443 0.039344 0.068306
0 0.342623 0.363388 0.047541 0.087432
0 0.865574 0.371585 0.029508 0.068306
