0 0.517657 0.161565 0.020064 0.044218
0 0.386035 0.180272 0.018459 0.039116
0 0.857143 0.326531 0.020064 0.059524
0 0.524077 0.222789 0.019262 0.040816
0 0.654896 0.117347 0.012841 0.042517
0 0.974318 0.316327 0.012841 0.037415
0 0.573836 0.124150 0.016854 0.039116
0 0.493579 0.142857 0.017657 0.044218
0 0.454254 0.153061 0.013644 0.030612
0 0.984751 0.250000 0.014446 0.037415
0 0.579454 0.154762 0.016051 0.037415
0 0.474318 0.234694 0.022472 0.054422
0 0.551364 0.122449 0.014446 0.032313
0 0.860353 0.217687 0.013644 0.034014
0 0.659711 0.173469 0.017657 0.039116
0 0.439807 0.147959 0.016051 0.034014
0 0.932584 0.260204 0.016854 0.049320
0 0.613965 0.164966 0.019262 0.035714
0 0.280899 0.251701 0.020064 0.047619
0 0.490369 0.210884 0.016854 0.047619
0 0.691011 0.130952 0.016854 0.037415
0 0.226324 0.278912 0.023274 0.054422
0 0.745586 0.217687 0.019262 0.052721
0 0.794543 0.447279 0.032905 0.096939
0 0.604334 0.183673 0.016854 0.042517
0 0.955859 0.250000 0.017657 0.040816
0 0.306581 0.202381 0.021669 0.049320
0 0.906100 0.224490 0.014446 0.049320
0 0.095506 0.559524 0.051364 0.125850
0 0.654896 0.139456 0.015249 0.028912
0 0.975120 0.353741 0.016051 0.056122
0 0.665329 0.226190 0.021669 0.052721
0 0.203050 0.287415 0.022472 0.052721
0 0.858748 0.523810 0.032103 0.081633
0 0.391653 0.224490 0.020064 0.051020
0 0.816212 0.215986 0.016051 0.045918
0 0.553772 0.142857 0.016051 0.035714
0 0.597913 0.113946 0.015249 0.030612
0 0.945425 0.437075 0.024077 0.073129
0 0.573836 0.318027 0.027287 0.066327
0 0.803371 0.299320 0.022472 0.062925
0 0.807384 0.178571 0.020064 0.045918
0 0.654093 0.401361 0.031300 0.076531
0 0.274478 0.224490 0.018459 0.049320
0 0.366774 0.248299 0.023274 0.052721
0 0.362761 0.188776 0.018459 0.040816
0 0.575441 0.188776 0.020064 0.045918
0 0.344302 0.219388 0.019262 0.047619
0 0.474318 0.161565 0.016854 0.049320
0 0.723917 0.387755 0.027287 0.071429
0 0.428571 0.190476 0.017657 0.042517
0 0.608347 0.352041 0.031300 0.076531
0 0.792135 0.248299 0.020064 0.049320
0 0.865971 0.304422 0.015249 0.051020
0 0.632424 0.110544 0.012841 0.035714
0 0.947030 0.369048 0.024077 0.068027
0 0.684591 0.144558 0.016854 0.042517
0 0.716693 0.142857 0.017657 0.044218
0 0.764045 0.175170 0.017657 0.040816
0 0.325843 0.209184 0.020064 0.049320
0 0.925361 0.319728 0.017657 0.052721
0 0.714286 0.243197 0.019262 0.056122
0 0.690209 0.207483 0.019262 0.047619
0 0.890048 0.265306 0.020064 0.049320
0 0.777689 0.209184 0.023274 0.051020
0 0.831461 0.204082 0.014446 0.040816
0 0.621990 0.290816 0.026485 0.068027
0 0.873997 0.221088 0.013644 0.044218
0 0.751204 0.280612 0.026485 0.062925
