0 0.384401 0.267769 0.016713 0.041322
0 0.864438 0.211570 0.020427 0.042975
0 0.830084 0.123967 0.014856 0.031405
0 0.298050 0.238017 0.017642 0.034711
0 0.759517 0.127273 0.014856 0.031405
0 0.859796 0.256198 0.018570 0.042975
0 0.602600 0.261157 0.023213 0.052893
0 0.915506 0.208264 0.011142 0.028099
0 0.362117 0.196694 0.015785 0.033058
0 0.635097 0.099174 0.012999 0.026446
0 0.446611 0.150413 0.012071 0.031405
0 0.598886 0.153719 0.015785 0.029752
0 0.891365 0.376860 0.036212 0.084298
0 0.405757 0.171901 0.012999 0.026446
0 0.720520 0.249587 0.025998 0.054545
0 0.846797 0.171901 0.015785 0.034711
0 0.396472 0.195041 0.016713 0.031405
0 0.830084 0.322314 0.025998 0.062810
0 0.896936 0.297521 0.028784 0.069421
0 0.725162 0.190083 0.019499 0.044628
0 0.795729 0.152066 0.018570 0.041322
0 0.626741 0.203306 0.022284 0.039669
0 0.486537 0.315702 0.025070 0.054545
0 0.917363 0.236364 0.016713 0.036364
0 0.556175 0.315702 0.028784 0.059504
0 0.516249 0.191736 0.019499 0.041322
0 0.505107 0.123967 0.011142 0.024793
0 0.669452 0.201653 0.024141 0.044628
0 0.511606 0.150413 0.012999 0.033058
0 0.774373 0.200000 0.019499 0.046281
0 0.666667 0.105785 0.012999 0.026446
0 0.794800 0.396694 0.039926 0.076033
0 0.615599 0.332231 0.033426 0.059504
0 0.559889 0.130579 0.012999 0.026446
0 0.463324 0.142149 0.009285 0.019835
0 0.464253 0.198347 0.025998 0.049587
0 0.590529 0.100826 0.010214 0.031405
0 0.755803 0.338843 0.036212 0.076033
0 0.752089 0.142149 0.013928 0.036364
0 0.663881 0.330579 0.031569 0.066116
0 0.361188 0.256198 0.022284 0.042975
0 0.533890 0.180165 0.012071 0.028099
0 0.275766 0.251240 0.014856 0.034711
0 0.565460 0.247934 0.025998 0.046281
0 0.804085 0.238017 0.025998 0.049587
0 0.636955 0.133884 0.013928 0.023140
0 0.789229 0.271074 0.028784 0.059504
0 0.825441 0.204959 0.020427 0.041322
0 0.885794 0.140496 0.017642 0.031405
0 0.826370 0.138843 0.012999 0.029752
0 0.919220 0.158678 0.012071 0.033058
0 0.652739 0.168595 0.021356 0.039669
0 0.441968 0.185124 0.016713 0.033058
0 0.627669 0.119008 0.012071 0.021488
0 0.521820 0.160331 0.012999 0.028099
0 0.532033 0.132231 0.014856 0.028099
0 0.548747 0.185124 0.014856 0.031405
0 0.606314 0.102479 0.010214 0.024793
0 0.459610 0.157025 0.014856 0.029752
0 0.688022 0.190083 0.020427 0.038017
0 0.907149 0.262810 0.019499 0.042975
0 0.875580 0.132231 0.012999 0.028099
0 0.880223 0.170248 0.016713 0.038017
0 0.744661 0.216529 0.025070 0.047934
0 0.293408 0.269421 0.022284 0.044628
0 0.552461 0.110744 0.012071 0.028099
0 0.437326 0.221488 0.017642 0.036364
0 0.481894 0.195041 0.017642 0.038017
0 0.579387 0.135537 0.013928 0.031405
0 0.483751 0.163636 0.012999 0.028099
0 0.773445 0.153719 0.017642 0.041322
0 0.732591 0.112397 0.015785 0.036364
0 0.849582 0.140496 0.014856 0.028099
0 0.587744 0.127273 0.014856 0.028099
