0 0.445283 0.196639 0.015094 0.033613
0 0.856604 0.149580 0.011321 0.028571
0 0.824528 0.156303 0.015094 0.038655
0 0.751887 0.110924 0.013208 0.033613
0 0.500943 0.151261 0.012264 0.031933
0 0.650943 0.176471 0.018868 0.047059
0 0.773585 0.278992 0.025472 0.057143
0 0.690566 0.105882 0.013208 0.033613
0 0.571698 0.112605 0.013208 0.025210
0 0.933019 0.273950 0.023585 0.048739
0 0.742453 0.117647 0.013208 0.033613
0 0.796226 0.131092 0.009434 0.031933
0 0.374528 0.226891 0.021698 0.031933
0 0.897170 0.163025 0.015094 0.036975
0 0.284906 0.265546 0.018868 0.035294
0 0.769811 0.136134 0.015094 0.035294
0 0.664151 0.205042 0.019811 0.052101
0 0.872642 0.124370 0.012264 0.028571
0 0.640566 0.104202 0.011321 0.028571
0 0.833019 0.134454 0.014151 0.036975
0 0.497170 0.287395 0.026415 0.060504
0 0.810377 0.119328 0.011321 0.031933
0 0.353774 0.240336 0.018868 0.033613
0 0.563208 0.294118 0.024528 0.058824
0 0.716038 0.137815 0.013208 0.043697
0 0.069811 0.438655 0.045283 0.107563
0 0.681132 0.243697 0.019811 0.050420
0 0.534906 0.171429 0.019811 0.042017
0 0.759434 0.156303 0.013208 0.033613
0 0.322642 0.221849 0.016981 0.035294
0 0.479245 0.198319 0.016038 0.038655
0 0.713208 0.287395 0.028302 0.057143
0 0.573585 0.163025 0.016981 0.033613
0 0.480189 0.163025 0.013208 0.030252
0 0.749057 0.146218 0.013208 0.031933
0 0.743396 0.203361 0.016038 0.042017
0 0.344340 0.277311 0.017925 0.043697
0 0.486792 0.136134 0.010377 0.021849
0 0.763208 0.230252 0.019811 0.053782
0 0.348113 0.215126 0.016981 0.036975
0 0.886792 0.193277 0.013208 0.040336
0 0.789623 0.119328 0.012264 0.031933
0 0.733962 0.152941 0.016038 0.042017
0 0.302830 0.257143 0.018868 0.040336
0 0.626415 0.189916 0.018868 0.043697
0 0.507547 0.166387 0.015094 0.033613
0 0.473585 0.147899 0.012264 0.026891
0 0.550943 0.154622 0.013208 0.030252
0 0.799057 0.184874 0.015094 0.040336
0 0.420755 0.220168 0.016981 0.038655
0 0.585849 0.137815 0.011321 0.030252
0 0.635849 0.121008 0.013208 0.026891
0 0.539623 0.129412 0.012264 0.026891
0 0.900000 0.126050 0.010377 0.028571
0 0.622642 0.141176 0.015094 0.038655
0 0.562264 0.132773 0.015094 0.028571
0 0.599057 0.100840 0.013208 0.026891
0 0.688679 0.141176 0.013208 0.030252
0 0.397170 0.307563 0.024528 0.050420
0 0.449057 0.220168 0.018868 0.042017
0 0.529245 0.134454 0.015094 0.030252
0 0.609434 0.255462 0.027358 0.057143
0 0.869811 0.149580 0.012264 0.031933
0 0.878302 0.218487 0.015094 0.040336
0 0.504717 0.203361 0.016981 0.038655
0 0.427358 0.181513 0.014151 0.035294
0 0.257547 0.280672 0.018868 0.035294
0 0.588679 0.126050 0.011321 0.025210
0 0.698113 0.215126 0.020755 0.048739
0 0.603774 0.332773 0.027358 0.063866
0 0.853774 0.181513 0.014151 0.033613
0 0.387736 0.210084 0.018868 0.031933
0 0.453774 0.141176 0.014151 0.028571
0 0.936792 0.164706 0.013208 0.035294
0 0.325472 0.265546 0.018868 0.045378
0 0.892453 0.178151 0.014151 0.036975
0 0.618868 0.100840 0.012264 0.028571
0 0.672642 0.122689 0.014151 0.026891
0 0.459434 0.168067 0.016981 0.036975
