0 0.451675 0.158621 0.012440 0.020690
0 0.791388 0.229310 0.014354 0.031034
0 0.372249 0.205172 0.014354 0.032759
0 0.526316 0.127586 0.010526 0.018966
0 0.358852 0.260345 0.014354 0.034483
0 0.529187 0.179310 0.011483 0.025862
0 0.619139 0.153448 0.012440 0.029310
0 0.488995 0.139655 0.012440 0.022414
0 0.424880 0.148276 0.010526 0.020690
0 0.701435 0.177586 0.012440 0.031034
0 0.657416 0.103448 0.009569 0.025862
0 0.652632 0.155172 0.014354 0.025862
0 0.712919 0.112069 0.013397 0.025862
0 0.538756 0.193103 0.013397 0.029310
0 0.348325 0.212069 0.015311 0.029310
0 0.883254 0.431034 0.031579 0.070690
0 0.423923 0.244828 0.020096 0.043103
0 0.757895 0.165517 0.011483 0.031034
0 0.812440 0.270690 0.018182 0.043103
0 0.686124 0.129310 0.013397 0.031034
0 0.765550 0.256897 0.017225 0.044828
0 0.559809 0.301724 0.023923 0.046552
0 0.506220 0.122414 0.011483 0.020690
0 0.600957 0.355172 0.028708 0.060345
0 0.495694 0.291379 0.022010 0.051724
0 0.790431 0.322414 0.025837 0.046552
0 0.505263 0.150000 0.010526 0.022414
0 0.748325 0.201724 0.015311 0.031034
0 0.604785 0.131034 0.010526 0.024138
0 0.838278 0.360345 0.027751 0.053448
0 0.619139 0.222414 0.014354 0.036207
0 0.521531 0.141379 0.010526 0.020690
0 0.502392 0.220690 0.013397 0.031034
0 0.716746 0.279310 0.018182 0.046552
0 0.882297 0.232759 0.016268 0.043103
0 0.662201 0.131034 0.012440 0.022414
0 0.612440 0.113793 0.010526 0.017241
0 0.601914 0.262069 0.022967 0.044828
0 0.218182 0.363793 0.038278 0.074138
0 0.564593 0.258621 0.022010 0.037931
0 0.722488 0.224138 0.017225 0.036207
0 0.748325 0.379310 0.027751 0.055172
0 0.445933 0.175862 0.012440 0.022414
0 0.673684 0.258621 0.022967 0.050000
0 0.730144 0.150000 0.011483 0.024138
0 0.333971 0.194828 0.011483 0.024138
0 0.405742 0.194828 0.015311 0.031034
0 0.945455 0.231034 0.014354 0.034483
0 0.590431 0.150000 0.013397 0.032759
0 0.547368 0.124138 0.011483 0.024138
0 0.911962 0.360345 0.018182 0.053448
0 0.328230 0.248276 0.014354 0.036207
0 0.575120 0.127586 0.011483 0.024138
0 0.583732 0.179310 0.015311 0.027586
0 0.663158 0.194828 0.018182 0.034483
0 0.381818 0.255172 0.014354 0.029310
0 0.465072 0.218966 0.015311 0.027586
0 0.736842 0.170690 0.014354 0.025862
0 0.483254 0.153448 0.011483 0.024138
0 0.816268 0.408621 0.028708 0.065517
0 0.630622 0.112069 0.012440 0.027586
0 0.311005 0.237931 0.013397 0.031034
0 0.746411 0.139655 0.014354 0.029310
0 0.680383 0.105172 0.011483 0.022414
0 0.448804 0.212069 0.014354 0.027586
0 0.466029 0.143103 0.012440 0.022414
0 0.293780 0.224138 0.012440 0.029310
0 0.867943 0.274138 0.017225 0.044828
0 0.918660 0.296552 0.016268 0.044828
0 0.551196 0.153448 0.012440 0.024138
0 0.697608 0.315517 0.025837 0.055172
0 0.711005 0.186207 0.014354 0.032759
0 0.793301 0.163793 0.014354 0.029310
0 0.565550 0.124138 0.008612 0.022414
0 0.780861 0.143103 0.013397 0.032759
0 0.487081 0.194828 0.015311 0.029310
0 0.424880 0.172414 0.011483 0.027586
