0 0.700000 0.340741 0.040625 0.079630
0 0.288542 0.316667 0.036458 0.062963
0 0.068750 0.325926 0.038542 0.072222
0 0.816667 0.303704 0.022917 0.048148
0 0.892708 0.322222 0.040625 0.079630
0 0.207292 0.324074 0.043750 0.075926
0 0.831250 0.320370 0.021875 0.051852
0 0.860417 0.314815 0.023958 0.050000
0 0.754167 0.379630 0.054167 0.114815
0 0.025000 0.331481 0.043750 0.068519
0 0.578125 0.244444 0.029167 0.061111
0 0.677083 0.325926 0.023958 0.051852
0 0.102083 0.300000 0.030208 0.051852
0 0.939583 0.342593 0.046875 0.087037
0 0.228125 0.368519 0.043750 0.081481
0 0.161458 0.381481 0.050000 0.092593
0 0.815625 0.400000 0.064583 0.133333
