0 0.492000 0.697823 0.129750 0.220721
0 0.142500 0.504880 0.082000 0.162913
0 0.862750 0.498498 0.062500 0.110736
0 0.855750 0.409910 0.025000 0.048048
0 0.840250 0.417042 0.034750 0.052177
0 0.929250 0.456456 0.057000 0.078078
0 0.950250 0.427553 0.031250 0.058183
0 0.749000 0.428303 0.035250 0.067568
0 0.768500 0.519520 0.067500 0.135886
0 0.744500 0.396772 0.037500 0.057432
0 0.646250 0.593093 0.095250 0.182432
0 0.405000 0.484985 0.061000 0.087462
0 0.321250 0.487613 0.066000 0.107357
0 0.570250 0.458333 0.064000 0.098724
