0 0.458462 0.187067 0.076923 0.120092
0 0.369231 0.154734 0.033846 0.073903
0 0.721538 0.198614 0.036923 0.062356
0 0.670769 0.143187 0.016923 0.032333
0 0.575385 0.094688 0.010769 0.030023
0 0.352308 0.113164 0.013846 0.027714
0 0.543077 0.207852 0.063077 0.117783
0 0.509231 0.600462 0.187692 0.274827
0 0.666154 0.170901 0.018462 0.039261
0 0.887692 0.205543 0.056923 0.136259
0 0.412308 0.069284 0.016923 0.030023
0 0.344615 0.189376 0.018462 0.039261
0 0.692308 0.143187 0.015385 0.036952
0 0.300000 0.154734 0.021538 0.050808
0 0.600000 0.161663 0.015385 0.036952
0 0.647692 0.182448 0.026154 0.050808
0 0.616923 0.154734 0.020000 0.041570
0 0.630769 0.133949 0.021538 0.041570
0 0.321538 0.184758 0.021538 0.048499
0 0.127692 0.468822 0.190769 0.297921
0 0.778462 0.168591 0.032308 0.064665
0 0.840000 0.122402 0.021538 0.027714
0 0.220000 0.166282 0.021538 0.039261
0 0.323077 0.117783 0.018462 0.032333
0 0.398462 0.143187 0.016923 0.030023
0 0.629231 0.219400 0.020000 0.048499
0 0.513846 0.094688 0.012308 0.023095
0 0.298462 0.124711 0.012308 0.034642
0 0.646154 0.131640 0.016923 0.041570
0 0.752308 0.140878 0.016923 0.039261
0 0.846154 0.157044 0.018462 0.036952
0 0.809231 0.120092 0.012308 0.030023
0 0.584615 0.184758 0.029231 0.053118
0 0.593846 0.101617 0.015385 0.023095
0 0.933846 0.187067 0.024615 0.060046
0 0.261538 0.302540 0.095385 0.207852
0 0.793846 0.454965 0.209231 0.367206
0 0.546154 0.131640 0.043077 0.078522
0 0.344615 0.145497 0.015385 0.032333
0 0.800000 0.090069 0.016923 0.025404
0 0.815385 0.140878 0.026154 0.039261
0 0.470769 0.094688 0.012308 0.027714
0 0.224615 0.420323 0.129231 0.233256
0 0.423077 0.157044 0.018462 0.032333
0 0.780000 0.094688 0.015385 0.018476
0 0.167692 0.205543 0.087692 0.170901
0 0.735385 0.106236 0.009231 0.023095
0 0.732308 0.157044 0.023077 0.039261
0 0.660000 0.284065 0.066154 0.150115
0 0.778462 0.133949 0.020000 0.034642
0 0.452308 0.096998 0.015385 0.032333
0 0.444615 0.300231 0.087692 0.163972
0 0.658462 0.083141 0.015385 0.027714
0 0.413846 0.124711 0.016923 0.036952
0 0.980000 0.219400 0.038462 0.073903
