0 0.543430 0.195652 0.020045 0.035573
0 0.937639 0.193676 0.012249 0.029644
0 0.740535 0.173913 0.015590 0.037549
0 0.463252 0.140316 0.014477 0.023715
0 0.885301 0.229249 0.017817 0.041502
0 0.741648 0.205534 0.024499 0.045455
0 0.869710 0.290514 0.020045 0.051383
0 0.651448 0.140316 0.014477 0.025692
0 0.937639 0.171937 0.011136 0.019763
0 0.486637 0.146245 0.015590 0.027668
0 0.429844 0.171937 0.016704 0.035573
0 0.809577 0.203557 0.017817 0.035573
0 0.768374 0.179842 0.016704 0.039526
0 0.827394 0.132411 0.013363 0.029644
0 0.616927 0.106719 0.011136 0.023715
0 0.759465 0.132411 0.011136 0.021739
0 0.826281 0.179842 0.015590 0.037549
0 0.410913 0.185771 0.014477 0.027668
0 0.620267 0.169960 0.018931 0.033597
0 0.807350 0.158103 0.013363 0.031621
0 0.916481 0.177866 0.014477 0.033597
0 0.211581 0.359684 0.050111 0.096838
0 0.584633 0.162055 0.016704 0.035573
0 0.779510 0.144269 0.014477 0.035573
0 0.642539 0.122530 0.013363 0.027668
0 0.797327 0.166008 0.014477 0.033597
0 0.709354 0.181818 0.016704 0.031621
0 0.452116 0.144269 0.010022 0.023715
0 0.873051 0.156126 0.010022 0.029644
0 0.570156 0.134387 0.013363 0.031621
0 0.688196 0.171937 0.018931 0.033597
0 0.917595 0.266798 0.017817 0.047431
0 0.367483 0.122530 0.018931 0.031621
0 0.522272 0.130435 0.013363 0.027668
0 0.543430 0.156126 0.012249 0.029644
0 0.667038 0.205534 0.018931 0.033597
0 0.690423 0.112648 0.013363 0.031621
0 0.788419 0.217391 0.018931 0.041502
0 0.522272 0.185771 0.015590 0.033597
0 0.714922 0.167984 0.016704 0.027668
0 0.464365 0.201581 0.018931 0.031621
0 0.508909 0.144269 0.012249 0.023715
0 0.496659 0.136364 0.010022 0.019763
0 0.599109 0.138340 0.017817 0.031621
0 0.595768 0.243083 0.022272 0.051383
0 0.579065 0.128458 0.016704 0.031621
0 0.461024 0.169960 0.016704 0.029644
0 0.632517 0.211462 0.023385 0.051383
0 0.849666 0.152174 0.012249 0.031621
0 0.840757 0.187747 0.015590 0.031621
0 0.328508 0.199605 0.018931 0.035573
0 0.658129 0.114625 0.010022 0.023715
0 0.660356 0.219368 0.021158 0.053360
0 0.755011 0.142292 0.013363 0.025692
0 0.471047 0.154150 0.014477 0.033597
0 0.439866 0.142292 0.012249 0.033597
