0 0.553191 0.248963 0.018913 0.039419
0 0.601655 0.209544 0.018913 0.045643
0 0.626478 0.126556 0.010638 0.024896
0 0.453901 0.221992 0.014184 0.033195
0 0.199764 0.352697 0.039007 0.089212
0 0.612293 0.149378 0.016548 0.035270
0 0.602837 0.120332 0.010638 0.022822
0 0.465721 0.157676 0.010638 0.026971
0 0.661939 0.124481 0.009456 0.026971
0 0.761229 0.288382 0.024823 0.049793
0 0.657210 0.203320 0.017730 0.041494
0 0.822695 0.143154 0.014184 0.031120
0 0.599291 0.267635 0.023641 0.047718
0 0.921986 0.157676 0.007092 0.022822
0 0.801418 0.132780 0.010638 0.026971
0 0.860520 0.230290 0.015366 0.043568
0 0.637116 0.101660 0.010638 0.026971
0 0.495272 0.197095 0.014184 0.029046
0 0.308511 0.228216 0.015366 0.031120
0 0.473995 0.172199 0.011820 0.029046
0 0.587470 0.103734 0.011820 0.024896
0 0.443262 0.159751 0.011820 0.029046
0 0.524823 0.143154 0.015366 0.039419
0 0.537825 0.307054 0.024823 0.058091
0 0.436170 0.203320 0.014184 0.035270
0 0.369976 0.217842 0.016548 0.035270
0 0.916076 0.186722 0.014184 0.039419
0 0.760047 0.134855 0.013002 0.029046
0 0.871158 0.188797 0.013002 0.035270
0 0.542553 0.170124 0.017730 0.039419
0 0.646572 0.176349 0.014184 0.035270
0 0.904255 0.280083 0.018913 0.056017
0 0.916076 0.155602 0.011820 0.024896
0 0.528369 0.091286 0.011820 0.031120
0 0.488180 0.307054 0.024823 0.056017
0 0.842790 0.155602 0.014184 0.035270
0 0.574468 0.141079 0.013002 0.033195
0 0.702128 0.147303 0.011820 0.031120
0 0.421986 0.178423 0.011820 0.031120
0 0.741135 0.109959 0.010638 0.026971
0 0.790780 0.178423 0.015366 0.043568
0 0.450355 0.168050 0.010638 0.024896
0 0.890071 0.139004 0.009456 0.024896
0 0.670213 0.327801 0.029551 0.064315
0 0.423168 0.282158 0.018913 0.043568
0 0.554374 0.101660 0.011820 0.024896
0 0.860520 0.134855 0.010638 0.022822
0 0.482270 0.132780 0.008274 0.020747
0 0.834515 0.186722 0.015366 0.031120
0 0.886525 0.165975 0.010638 0.026971
0 0.738771 0.149378 0.011820 0.033195
0 0.313239 0.275934 0.014184 0.035270
0 0.652482 0.255187 0.017730 0.049793
0 0.278960 0.255187 0.013002 0.033195
0 0.726950 0.118257 0.011820 0.031120
0 0.379433 0.199170 0.015366 0.026971
0 0.419622 0.219917 0.015366 0.035270
0 0.708038 0.288382 0.024823 0.053942
0 0.333333 0.275934 0.015366 0.033195
0 0.611111 0.105809 0.009456 0.024896
0 0.562648 0.178423 0.013002 0.037344
0 0.739953 0.186722 0.015366 0.043568
0 0.514184 0.209544 0.015366 0.037344
0 0.595745 0.334025 0.028369 0.066390
0 0.696217 0.215768 0.018913 0.047718
