0 0.610790 0.247788 0.026975 0.056637
0 0.393064 0.238938 0.015414 0.035398
0 0.599229 0.106195 0.012524 0.024779
0 0.757225 0.194690 0.016378 0.035398
0 0.756262 0.169912 0.014451 0.028319
0 0.625241 0.217699 0.021195 0.037168
0 0.415222 0.162832 0.018304 0.033628
0 0.498073 0.120354 0.010597 0.028319
0 0.602119 0.162832 0.014451 0.031858
0 0.488439 0.157522 0.014451 0.035398
0 0.622351 0.145133 0.015414 0.028319
0 0.717726 0.182301 0.015414 0.035398
0 0.379576 0.192920 0.018304 0.040708
0 0.472062 0.138053 0.012524 0.021239
0 0.624277 0.122124 0.014451 0.023009
0 0.474952 0.176991 0.016378 0.035398
0 0.418112 0.201770 0.015414 0.033628
0 0.873796 0.168142 0.012524 0.028319
0 0.553950 0.166372 0.018304 0.031858
0 0.935453 0.164602 0.011561 0.040708
0 0.840077 0.152212 0.012524 0.031858
0 0.858382 0.189381 0.015414 0.026549
0 0.895954 0.194690 0.012524 0.031858
0 0.411368 0.246018 0.017341 0.038938
0 0.659923 0.375221 0.034682 0.074336
0 0.482659 0.138053 0.010597 0.021239
0 0.791908 0.157522 0.010597 0.035398
0 0.793834 0.205310 0.017341 0.038938
0 0.845857 0.302655 0.025048 0.054867
0 0.782274 0.127434 0.012524 0.035398
0 0.839114 0.217699 0.017341 0.037168
0 0.476879 0.155752 0.012524 0.030088
0 0.651252 0.150442 0.016378 0.028319
0 0.753372 0.242478 0.020231 0.054867
0 0.629094 0.286726 0.027938 0.053097
0 0.500000 0.214159 0.019268 0.044248
0 0.533719 0.191150 0.016378 0.037168
0 0.465318 0.164602 0.014451 0.037168
0 0.887283 0.233628 0.020231 0.040708
0 0.825626 0.178761 0.013487 0.030088
0 0.721580 0.150442 0.016378 0.031858
0 0.682081 0.122124 0.012524 0.024779
0 0.505780 0.194690 0.017341 0.037168
0 0.822736 0.260177 0.022158 0.051327
0 0.745665 0.261947 0.026975 0.054867
0 0.758189 0.136283 0.011561 0.023009
0 0.902697 0.215929 0.015414 0.033628
0 0.657033 0.109735 0.015414 0.033628
0 0.940270 0.198230 0.016378 0.046018
0 0.752408 0.449558 0.064547 0.129204
0 0.930636 0.247788 0.015414 0.035398
0 0.664740 0.185841 0.017341 0.035398
0 0.427746 0.159292 0.015414 0.037168
0 0.534682 0.161062 0.014451 0.030088
0 0.417148 0.256637 0.021195 0.040708
0 0.434489 0.210619 0.018304 0.037168
0 0.535645 0.139823 0.015414 0.028319
0 0.622351 0.097345 0.008671 0.023009
0 0.924855 0.316814 0.025048 0.054867
0 0.576108 0.139823 0.014451 0.030088
0 0.558767 0.269027 0.026012 0.054867
