0 0.250000 0.651111 0.061667 0.091111
0 0.205000 0.720000 0.078333 0.124444
0 0.545000 0.682222 0.060000 0.095556
0 0.063333 0.808889 0.081667 0.122222
0 0.628333 0.833333 0.116667 0.180000
0 0.873333 0.704444 0.076667 0.120000
0 0.475000 0.748889 0.088333 0.144444
0 0.043333 0.702222 0.080000 0.093333
0 0.691667 0.675556 0.061667 0.102222
0 0.375000 0.666667 0.070000 0.102222
0 0.030000 0.626667 0.051667 0.071111
0 0.325000 0.860000 0.105000 0.148889
0 0.245000 0.797778 0.090000 0.122222
0 0.865000 0.482222 0.050000 0.066667
0 0.805000 0.851111 0.106667 0.162222
0 0.103333 0.660000 0.051667 0.088889
