0 0.537229 0.140496 0.016023 0.034711
0 0.785108 0.269421 0.029218 0.056198
0 0.807729 0.193388 0.022620 0.042975
0 0.820924 0.133884 0.014138 0.033058
0 0.661640 0.262810 0.029218 0.052893
0 0.316682 0.282645 0.021678 0.044628
0 0.447691 0.231405 0.022620 0.042975
0 0.768143 0.165289 0.020735 0.044628
0 0.480679 0.327273 0.031103 0.061157
0 0.526861 0.161983 0.017908 0.031405
0 0.478794 0.200000 0.018850 0.039669
0 0.454288 0.193388 0.017908 0.042975
0 0.696513 0.155372 0.021678 0.042975
0 0.751178 0.127273 0.015080 0.038017
0 0.416588 0.238017 0.019793 0.038017
0 0.477851 0.157025 0.014138 0.031405
0 0.581527 0.155372 0.018850 0.041322
0 0.726673 0.132231 0.016965 0.033058
0 0.734213 0.157025 0.017908 0.034711
0 0.461828 0.090909 0.017908 0.029752
0 0.195099 0.464463 0.048068 0.107438
0 0.721960 0.285950 0.028275 0.062810
0 0.541942 0.201653 0.017908 0.034711
0 0.555137 0.155372 0.017908 0.036364
0 0.431668 0.277686 0.024505 0.038017
0 0.875589 0.218182 0.021678 0.046281
