0 0.322734 0.766996 0.114583 0.167489
0 0.437683 0.787555 0.143458 0.229989
0 0.974232 0.756031 0.051352 0.185307
0 0.019920 0.640351 0.039656 0.083607
0 0.708333 0.748629 0.105263 0.187774
0 0.160088 0.696820 0.068713 0.101151
0 0.208151 0.660636 0.066703 0.100329
0 0.084247 0.716009 0.097039 0.137061
0 0.756031 0.665296 0.060490 0.113761
0 0.577851 0.684759 0.059759 0.127467
0 0.829861 0.724507 0.091374 0.134868
0 0.769189 0.444353 0.045687 0.077029
0 0.367325 0.670779 0.059028 0.107456
0 0.604167 0.716009 0.085709 0.145285
0 0.521747 0.664748 0.054094 0.106634
0 0.828399 0.813322 0.140534 0.239309
