0 0.943236 0.156146 0.015137 0.034884
0 0.150426 0.299003 0.024598 0.043189
0 0.465468 0.220930 0.024598 0.043189
0 0.639546 0.244186 0.022706 0.041528
0 0.574267 0.134551 0.017029 0.038206
0 0.379376 0.269103 0.018921 0.041528
0 0.595080 0.392027 0.038789 0.068106
0 0.913907 0.147841 0.011353 0.021595
0 0.257332 0.282392 0.035005 0.064784
0 0.855251 0.310631 0.032167 0.059801
0 0.350047 0.242525 0.028382 0.039867
0 0.491958 0.315615 0.031220 0.063123
0 0.543046 0.330565 0.032167 0.071429
0 0.423841 0.161130 0.018921 0.034884
0 0.539262 0.139535 0.010407 0.024917
0 0.650899 0.230897 0.021760 0.039867
0 0.599811 0.116279 0.012299 0.028239
