0 0.548571 0.160393 0.014694 0.027823
0 0.877551 0.397709 0.022857 0.070376
0 0.798367 0.310966 0.020408 0.054010
0 0.808163 0.194763 0.014694 0.040917
0 0.657143 0.392799 0.024490 0.058920
0 0.490612 0.148936 0.013061 0.027823
0 0.592653 0.126023 0.014694 0.026187
0 0.948571 0.373159 0.019592 0.045827
0 0.951837 0.435352 0.028571 0.065466
0 0.208980 0.270049 0.013878 0.040917
0 0.722449 0.392799 0.024490 0.063830
0 0.421224 0.314239 0.023673 0.052373
0 0.400816 0.188216 0.017959 0.032733
0 0.799184 0.450082 0.026122 0.057283
0 0.682449 0.155483 0.016327 0.032733
0 0.629388 0.127660 0.014694 0.027823
0 0.972245 0.319149 0.014694 0.045827
0 0.569796 0.198036 0.015510 0.029460
0 0.466939 0.173486 0.013878 0.040917
0 0.952653 0.248773 0.014694 0.036007
0 0.977959 0.363339 0.015510 0.049100
0 0.731429 0.240589 0.017959 0.045827
0 0.989388 0.260229 0.014694 0.037643
0 0.293061 0.240589 0.017143 0.034370
0 0.887347 0.281506 0.019592 0.040917
0 0.924082 0.348609 0.017143 0.047463
0 0.571429 0.333879 0.019592 0.049100
0 0.572245 0.140753 0.012245 0.024550
0 0.906122 0.227496 0.016327 0.037643
0 0.415510 0.162029 0.014694 0.027823
0 0.711020 0.278232 0.019592 0.045827
0 0.852245 0.495908 0.025306 0.080196
0 0.792653 0.250409 0.016327 0.042553
0 0.077551 0.546645 0.048980 0.099836
0 0.342041 0.212766 0.013061 0.039280
0 0.754286 0.199673 0.011429 0.034370
0 0.654694 0.181669 0.011429 0.027823
0 0.359184 0.271686 0.021224 0.045827
0 0.646531 0.122750 0.016327 0.034370
0 0.524082 0.166939 0.016327 0.039280
0 0.359184 0.198036 0.013061 0.036007
0 0.386939 0.247136 0.017143 0.039280
0 0.817959 0.229133 0.015510 0.036007
0 0.426122 0.193126 0.017143 0.029460
0 0.604898 0.196399 0.013878 0.044190
0 0.654694 0.252046 0.018776 0.036007
0 0.773878 0.183306 0.016327 0.037643
0 0.548571 0.140753 0.016327 0.032733
0 0.508571 0.157119 0.016327 0.032733
0 0.461224 0.245499 0.021224 0.052373
0 0.932245 0.273322 0.013061 0.032733
0 0.751837 0.283142 0.017959 0.042553
0 0.602449 0.153846 0.016327 0.021277
0 0.650612 0.157119 0.011429 0.019640
0 0.873469 0.234043 0.013061 0.031097
0 0.901224 0.261866 0.015510 0.036007
0 0.328163 0.232406 0.013878 0.040917
0 0.297959 0.206219 0.017959 0.024550
0 0.774694 0.207856 0.013878 0.036007
0 0.595918 0.366612 0.024490 0.054010
0 0.695510 0.216039 0.014694 0.042553
0 0.490612 0.212766 0.013878 0.034370
