0 0.489362 0.287540 0.011702 0.023962
0 0.381915 0.261981 0.012766 0.027157
0 0.367021 0.260383 0.013830 0.028754
0 0.314894 0.351438 0.048936 0.086262
0 0.039362 0.233227 0.023404 0.049521
0 0.226596 0.265176 0.026596 0.043131
0 0.464894 0.279553 0.014894 0.031949
0 0.018085 0.311502 0.034043 0.107029
0 0.424468 0.325879 0.017021 0.036741
0 0.078723 0.415335 0.113830 0.170927
0 0.227660 0.367412 0.067021 0.111821
0 0.194681 0.249201 0.024468 0.044728
0 0.411702 0.293930 0.023404 0.043131
0 0.454255 0.284345 0.017021 0.036741
0 0.069149 0.218850 0.020213 0.035144
0 0.285106 0.241214 0.017021 0.015974
0 0.479787 0.269968 0.012766 0.027157
0 0.501064 0.322684 0.027660 0.051118
0 0.395745 0.268371 0.017021 0.033546
0 0.141489 0.273163 0.027660 0.054313
0 0.541489 0.281150 0.017021 0.036741
0 0.667021 0.241214 0.021277 0.043131
0 0.321277 0.297125 0.024468 0.038339
0 0.256383 0.242812 0.023404 0.030351
0 0.339362 0.309904 0.018085 0.054313
0 0.023404 0.250799 0.037234 0.060703
0 0.307447 0.273163 0.020213 0.036741
0 0.501064 0.284345 0.015957 0.039936
0 0.153191 0.242812 0.019149 0.041534
0 0.335106 0.255591 0.017021 0.033546
0 0.062766 0.244409 0.028723 0.047923
0 0.442553 0.277955 0.012766 0.033546
0 0.317021 0.246006 0.015957 0.035144
0 0.519149 0.290735 0.023404 0.035144
0 0.173404 0.244409 0.018085 0.038339
0 0.354255 0.285942 0.021277 0.044728
0 0.427660 0.274760 0.011702 0.031949
0 0.238298 0.239617 0.015957 0.023962
0 0.261702 0.303514 0.029787 0.052716
0 0.380851 0.295527 0.018085 0.030351
0 0.282979 0.277955 0.021277 0.035144
0 0.272340 0.241214 0.017021 0.023962
0 0.103191 0.271565 0.034043 0.057508
0 0.101064 0.324281 0.061702 0.089457
0 0.110638 0.241214 0.023404 0.033546
0 0.538298 0.321086 0.026596 0.046326
