0 0.128986 0.226306 0.040580 0.054159
0 0.342029 0.270793 0.050725 0.063830
0 0.518841 0.216634 0.034783 0.054159
0 0.795652 0.241779 0.046377 0.075435
0 0.526087 0.487427 0.121739 0.177950
0 0.173913 0.241779 0.044928 0.059961
0 0.434783 0.274662 0.053623 0.088975
0 0.655072 0.216634 0.030435 0.061896
0 0.939130 0.251451 0.050725 0.069632
0 0.856522 0.280464 0.063768 0.085106
0 0.678261 0.363636 0.073913 0.114120
0 0.131884 0.348162 0.079710 0.127660
0 0.556522 0.311412 0.071014 0.098646
0 0.418841 0.251451 0.044928 0.058027
0 0.944928 0.205029 0.037681 0.056093
0 0.039130 0.315280 0.062319 0.108317
0 0.594203 0.218569 0.034783 0.056093
0 0.259420 0.390716 0.086957 0.145068
0 0.707246 0.268859 0.056522 0.079304
0 0.556522 0.241779 0.039130 0.063830
0 0.243478 0.257253 0.039130 0.069632
0 0.315942 0.232108 0.034783 0.061896
