0 0.532067 0.296578 0.045131 0.064639
0 0.605701 0.201521 0.021378 0.045627
0 0.114014 0.201521 0.033254 0.057034
0 0.760095 0.224335 0.028504 0.053232
0 0.197150 0.269962 0.054632 0.076046
0 0.370546 0.326996 0.057007 0.091255
0 0.859857 0.205323 0.021378 0.038023
0 0.667458 0.228137 0.028504 0.041825
0 0.738717 0.182510 0.016627 0.022814
0 0.304038 0.190114 0.028504 0.041825
0 0.885986 0.288973 0.054632 0.091255
0 0.615202 0.254753 0.028504 0.049430
0 0.420428 0.243346 0.038005 0.057034
0 0.144893 0.243346 0.040380 0.060837
0 0.218527 0.178707 0.021378 0.045627
0 0.622328 0.159696 0.016627 0.034221
0 0.256532 0.490494 0.137767 0.235741
0 0.921615 0.228137 0.042755 0.072243
0 0.722090 0.216730 0.019002 0.034221
0 0.489311 0.163498 0.019002 0.041825
0 0.543943 0.190114 0.021378 0.038023
0 0.394299 0.190114 0.026128 0.053232
0 0.543943 0.159696 0.019002 0.034221
0 0.798100 0.190114 0.019002 0.030418
0 0.453682 0.209125 0.028504 0.049430
0 0.261283 0.171103 0.026128 0.045627
0 0.624703 0.292776 0.042755 0.072243
0 0.983373 0.239544 0.030879 0.064639
0 0.546318 0.368821 0.083135 0.163498
0 0.579572 0.171103 0.016627 0.030418
0 0.648456 0.197719 0.023753 0.038023
0 0.790974 0.269962 0.057007 0.106464
0 0.653207 0.155894 0.016627 0.026616
0 0.356295 0.220532 0.023753 0.041825
0 0.598575 0.174905 0.016627 0.030418
0 0.736342 0.258555 0.033254 0.045627
0 0.517815 0.254753 0.042755 0.068441
0 0.087886 0.171103 0.030879 0.045627
0 0.349169 0.167300 0.028504 0.049430
0 0.448931 0.167300 0.028504 0.034221
0 0.306413 0.167300 0.023753 0.034221
0 0.030879 0.334601 0.059382 0.121673
0 0.266033 0.285171 0.042755 0.083650
