0 0.113750 0.458333 0.052500 0.081667
0 0.340000 0.418333 0.020000 0.043333
0 0.430000 0.456667 0.032500 0.056667
0 0.216250 0.448333 0.041250 0.061667
0 0.566250 0.461667 0.033750 0.050000
0 0.623750 0.455000 0.028750 0.045000
0 0.185000 0.430000 0.028750 0.046667
0 0.457500 0.430000 0.023750 0.036667
0 0.366250 0.468333 0.037500 0.058333
0 0.487500 0.448333 0.027500 0.040000
0 0.017500 0.383333 0.026250 0.045000
0 0.356250 0.520000 0.045000 0.075000
0 0.073750 0.388333 0.030000 0.043333
0 0.226250 0.410000 0.032500 0.040000
0 0.465000 0.456667 0.025000 0.043333
0 0.155000 0.445000 0.037500 0.058333
0 0.863750 0.493333 0.026250 0.051667
0 0.265000 0.540000 0.047500 0.081667
0 0.036250 0.443333 0.038750 0.060000
0 0.848750 0.510000 0.021250 0.046667
0 0.256250 0.401667 0.025000 0.038333
0 0.286250 0.408333 0.022500 0.036667
0 0.322500 0.426667 0.022500 0.038333
0 0.303750 0.461667 0.037500 0.065000
0 0.780000 0.371667 0.097500 0.136667
0 0.548750 0.450000 0.027500 0.043333
