0 0.422680 0.227575 0.020619 0.033223
0 0.710403 0.102990 0.012184 0.029900
0 0.454545 0.171096 0.016870 0.028239
0 0.501406 0.186047 0.014058 0.026578
0 0.422680 0.265781 0.017807 0.029900
0 0.781631 0.305648 0.024367 0.053156
0 0.847235 0.164452 0.014995 0.029900
0 0.320525 0.219269 0.013121 0.028239
0 0.626054 0.078073 0.016870 0.026578
0 0.526710 0.215947 0.017807 0.034884
0 0.925023 0.280731 0.017807 0.041528
0 0.457357 0.229236 0.018744 0.029900
0 0.334583 0.239203 0.011246 0.028239
0 0.811621 0.127907 0.010309 0.021595
0 0.533271 0.132890 0.012184 0.024917
0 0.687910 0.207641 0.017807 0.034884
0 0.608247 0.267442 0.021556 0.038206
0 0.746954 0.106312 0.013121 0.026578
0 0.340206 0.267442 0.013121 0.026578
0 0.519213 0.154485 0.014995 0.029900
0 0.765698 0.222591 0.019681 0.048173
0 0.601687 0.342193 0.025305 0.051495
0 0.863168 0.144518 0.014058 0.029900
0 0.868791 0.230897 0.019681 0.036545
0 0.660731 0.294020 0.020619 0.034884
0 0.380506 0.222591 0.017807 0.034884
0 0.780694 0.122924 0.012184 0.028239
0 0.501406 0.147841 0.011246 0.024917
0 0.622306 0.091362 0.014058 0.024917
0 0.671978 0.121262 0.011246 0.026578
0 0.605436 0.101329 0.011246 0.024917
0 0.568885 0.154485 0.014058 0.026578
0 0.541706 0.166113 0.014058 0.031561
0 0.300843 0.255814 0.014995 0.029900
0 0.933458 0.197674 0.016870 0.034884
0 0.258669 0.284053 0.015933 0.028239
0 0.848172 0.200997 0.011246 0.033223
0 0.471415 0.152824 0.014058 0.026578
0 0.794752 0.184385 0.015933 0.029900
0 0.495783 0.207641 0.014058 0.029900
0 0.630740 0.200997 0.018744 0.038206
0 0.921275 0.102990 0.014058 0.029900
0 0.462980 0.191030 0.018744 0.028239
0 0.718838 0.294020 0.024367 0.053156
0 0.203374 0.365449 0.043112 0.083056
0 0.768510 0.132890 0.012184 0.026578
0 0.744142 0.146179 0.015933 0.029900
0 0.746954 0.197674 0.014995 0.033223
0 0.524836 0.187708 0.014058 0.024917
0 0.421743 0.174419 0.018744 0.026578
0 0.444236 0.196013 0.014995 0.031561
0 0.661668 0.207641 0.018744 0.031561
0 0.369260 0.247508 0.018744 0.024917
0 0.477976 0.252492 0.021556 0.028239
0 0.751640 0.176080 0.012184 0.028239
0 0.570759 0.186047 0.021556 0.029900
0 0.344892 0.219269 0.018744 0.029900
0 0.650422 0.191030 0.014058 0.023256
0 0.797563 0.137874 0.012184 0.028239
0 0.720712 0.169435 0.019681 0.034884
0 0.387067 0.196013 0.018744 0.028239
0 0.873477 0.191030 0.014995 0.033223
0 0.895970 0.131229 0.013121 0.031561
0 0.543580 0.142857 0.011246 0.016611
0 0.533271 0.347176 0.029053 0.044850
0 0.601687 0.157807 0.017807 0.033223
0 0.898782 0.169435 0.016870 0.031561
0 0.726336 0.141196 0.014995 0.028239
