0 0.625636 0.188406 0.021363 0.038043
0 0.829095 0.239130 0.027467 0.045290
0 0.725331 0.275362 0.022380 0.052536
0 0.674466 0.208333 0.020346 0.041667
0 0.687691 0.146739 0.018311 0.032609
0 0.532045 0.195652 0.018311 0.039855
0 0.688708 0.242754 0.027467 0.039855
0 0.664293 0.181159 0.019329 0.032609
0 0.751780 0.197464 0.021363 0.038043
0 0.766022 0.344203 0.026450 0.068841
0 0.811801 0.365942 0.035605 0.068841
0 0.896236 0.288043 0.036623 0.079710
0 0.914547 0.369565 0.032553 0.067029
0 0.488301 0.193841 0.027467 0.050725
0 0.788403 0.237319 0.021363 0.054348
