0 0.744604 0.271762 0.028777 0.057325
0 0.529976 0.184713 0.021583 0.036093
0 0.195444 0.188960 0.020384 0.046709
0 0.820144 0.367304 0.032374 0.076433
0 0.928058 0.454352 0.040767 0.080679
0 0.672662 0.203822 0.023981 0.046709
0 0.815348 0.259023 0.028777 0.055202
0 0.619904 0.146497 0.021583 0.046709
0 0.410072 0.154989 0.025180 0.038217
0 0.744604 0.346072 0.031175 0.061571
0 0.715827 0.161359 0.021583 0.040340
0 0.230216 0.188960 0.020384 0.038217
0 0.648681 0.129512 0.017986 0.040340
0 0.592326 0.161359 0.017986 0.036093
