0 0.444375 0.321667 0.011875 0.020833
0 0.409375 0.404167 0.013750 0.021667
1 0.196250 0.270833 0.020000 0.037500
1 0.157500 0.155833 0.020000 0.026667
1 0.265000 0.501667 0.023125 0.039167
1 0.758750 0.286667 0.018750 0.025000
1 0.520000 0.647500 0.020625 0.031667
1 0.808125 0.372500 0.018750 0.025000
0 0.432500 0.363333 0.017500 0.025833
1 0.868750 0.659167 0.022500 0.028333
1 0.254375 0.418333 0.024375 0.039167
1 0.247500 0.379167 0.021875 0.030000
1 0.414375 0.587500 0.021875 0.035000
1 0.149375 0.216667 0.021875 0.033333
1 0.126875 0.098333 0.018125 0.024167
1 0.606875 0.183333 0.014375 0.023333
0 0.468125 0.405000 0.014375 0.021667
1 0.811875 0.320000 0.020000 0.025833
1 0.135625 0.120000 0.020000 0.034167
0 0.461875 0.378333 0.012500 0.023333
1 0.300000 0.472500 0.019375 0.030833
1 0.498750 0.492500 0.016875 0.029167
1 0.177500 0.354167 0.026875 0.035833
0 0.418750 0.435833 0.015625 0.021667
