0 0.508197 0.159930 0.018033 0.049209
0 0.481148 0.135325 0.017213 0.036907
0 0.438525 0.151142 0.016393 0.043937
0 0.517213 0.142355 0.018852 0.043937
0 0.945082 0.376098 0.018852 0.061511
0 0.353279 0.260105 0.023770 0.061511
0 0.604918 0.363796 0.026230 0.061511
0 0.866393 0.490334 0.031148 0.091388
0 0.711475 0.267135 0.026230 0.061511
0 0.810656 0.210896 0.017213 0.045694
0 0.660656 0.393673 0.031148 0.066784
0 0.704098 0.144112 0.013115 0.040422
0 0.775410 0.458699 0.031967 0.094903
0 0.562295 0.188049 0.016393 0.042179
0 0.645082 0.135325 0.015574 0.045694
0 0.877869 0.398946 0.023770 0.075571
0 0.972951 0.367311 0.018033 0.059754
0 0.415574 0.179262 0.017213 0.043937
0 0.809016 0.291740 0.022951 0.059754
0 0.348361 0.188049 0.017213 0.043937
0 0.772951 0.198594 0.017213 0.042179
0 0.543443 0.121265 0.014754 0.043937
0 0.948361 0.231986 0.014754 0.042179
0 0.747541 0.284710 0.024590 0.050967
0 0.383607 0.219684 0.018033 0.038664
0 0.679508 0.152900 0.018033 0.045694
0 0.607377 0.274165 0.029508 0.059754
0 0.209836 0.279438 0.026230 0.052724
0 0.822951 0.203866 0.015574 0.050967
0 0.456557 0.239016 0.019672 0.052724
0 0.661475 0.217926 0.018033 0.059754
0 0.332787 0.205624 0.018852 0.045694
0 0.178689 0.254833 0.021311 0.045694
0 0.690984 0.193322 0.019672 0.049209
0 0.420492 0.304042 0.027869 0.061511
0 0.601639 0.165202 0.014754 0.045694
0 0.375410 0.177504 0.020492 0.038664
0 0.869672 0.302285 0.021311 0.050967
0 0.954918 0.474517 0.021311 0.072056
0 0.294262 0.202109 0.022131 0.050967
0 0.475410 0.151142 0.019672 0.047452
0 0.622951 0.112478 0.018033 0.040422
0 0.068852 0.572935 0.053279 0.133568
0 0.805738 0.179262 0.018033 0.042179
0 0.598361 0.144112 0.016393 0.040422
0 0.570492 0.124780 0.016393 0.038664
0 0.583607 0.101933 0.015574 0.040422
0 0.310656 0.223199 0.021311 0.049209
0 0.974590 0.326889 0.018033 0.042179
0 0.720492 0.386643 0.026230 0.068541
0 0.571311 0.158172 0.018852 0.047452
0 0.613934 0.182777 0.018033 0.043937
0 0.924590 0.256591 0.016393 0.043937
0 0.724590 0.205624 0.018033 0.043937
0 0.685246 0.121265 0.015574 0.040422
0 0.660656 0.124780 0.014754 0.047452
0 0.863934 0.217926 0.016393 0.045694
0 0.973770 0.291740 0.012295 0.040422
0 0.733607 0.214411 0.018852 0.045694
0 0.926230 0.325132 0.018033 0.052724
0 0.252459 0.230228 0.018852 0.045694
0 0.746721 0.182777 0.017213 0.042179
0 0.981148 0.249561 0.013934 0.042179
0 0.784426 0.247803 0.023770 0.054482
0 0.564754 0.321617 0.025410 0.061511
0 0.291803 0.230228 0.018852 0.047452
0 0.896721 0.249561 0.016393 0.043937
0 0.861475 0.370826 0.022131 0.065026
0 0.548361 0.147627 0.017213 0.042179
0 0.486066 0.191564 0.020492 0.049209
0 0.650000 0.173989 0.016393 0.045694
