0 0.129474 0.542135 0.069474 0.119382
0 0.490526 0.480337 0.022105 0.033708
0 0.392632 0.504213 0.025263 0.044944
0 0.433684 0.469101 0.014737 0.028090
0 0.693684 0.515449 0.055789 0.085674
0 0.187368 0.476124 0.018947 0.032303
0 0.368421 0.476124 0.014737 0.028090
0 0.375789 0.470506 0.014737 0.023876
0 0.270526 0.478933 0.021053 0.033708
0 0.350526 0.481742 0.015789 0.030899
0 0.453684 0.476124 0.018947 0.036517
0 0.497895 0.551966 0.052632 0.094101
0 0.527368 0.485955 0.023158 0.040730
0 0.640000 0.483146 0.023158 0.047753
0 0.778947 0.481742 0.030526 0.047753
0 0.567368 0.473315 0.017895 0.032303
0 0.198947 0.490169 0.026316 0.047753
0 0.473684 0.512640 0.032632 0.051966
0 0.350526 0.542135 0.071579 0.119382
0 0.506316 0.469101 0.012632 0.036517
0 0.307368 0.492978 0.025263 0.044944
0 0.166316 0.478933 0.021053 0.028090
0 0.581053 0.488764 0.033684 0.047753
0 0.226316 0.476124 0.021053 0.032303
0 0.173684 0.509831 0.036842 0.053371
0 0.333684 0.467697 0.021053 0.032303
0 0.551579 0.533708 0.036842 0.075843
0 0.976842 0.511236 0.033684 0.067416
0 0.956842 0.519663 0.040000 0.070225
0 0.884211 0.544944 0.049474 0.078652
0 0.418947 0.480337 0.017895 0.032303
