0 0.669912 0.102967 0.010711 0.024433
0 0.334956 0.174520 0.016553 0.033159
0 0.535540 0.333333 0.034080 0.055846
0 0.404090 0.193717 0.016553 0.041885
0 0.531646 0.160558 0.016553 0.034904
0 0.796495 0.162304 0.017527 0.033159
0 0.447907 0.162304 0.018500 0.033159
0 0.884129 0.239092 0.021422 0.043630
0 0.466407 0.150087 0.013632 0.029668
0 0.917235 0.343805 0.027264 0.062827
0 0.818890 0.247818 0.022395 0.057592
0 0.935735 0.212914 0.018500 0.045375
0 0.569620 0.247818 0.025316 0.050611
0 0.813048 0.424084 0.036027 0.073298
0 0.559883 0.184991 0.016553 0.033159
0 0.634859 0.223386 0.020448 0.047120
0 0.841285 0.322862 0.026290 0.061082
0 0.481986 0.181501 0.017527 0.036649
0 0.635833 0.118674 0.014606 0.036649
0 0.591042 0.139616 0.014606 0.033159
0 0.334956 0.216405 0.015579 0.027923
0 0.326193 0.239092 0.017527 0.040140
0 0.626095 0.120419 0.012658 0.029668
0 0.387537 0.251309 0.022395 0.041885
0 0.495618 0.280977 0.027264 0.064572
0 0.606621 0.127400 0.017527 0.029668
0 0.925998 0.282723 0.018500 0.047120
0 0.875365 0.253054 0.018500 0.040140
0 0.590068 0.171030 0.016553 0.036649
0 0.552093 0.150087 0.015579 0.027923
0 0.757546 0.369983 0.031159 0.073298
0 0.355404 0.191972 0.018500 0.036649
0 0.677702 0.118674 0.011685 0.027923
0 0.616358 0.115183 0.013632 0.029668
0 0.751704 0.162304 0.013632 0.033159
0 0.515093 0.190227 0.018500 0.034904
0 0.607595 0.336824 0.028238 0.064572
0 0.218111 0.357766 0.045764 0.099476
0 0.675755 0.244328 0.025316 0.057592
0 0.774099 0.232112 0.025316 0.047120
0 0.470302 0.211169 0.016553 0.036649
0 0.788705 0.301920 0.028238 0.061082
0 0.475170 0.139616 0.014606 0.031414
0 0.428432 0.143106 0.013632 0.026178
0 0.504382 0.157068 0.013632 0.029668
0 0.494645 0.137871 0.014606 0.027923
0 0.583252 0.115183 0.011685 0.026178
0 0.712756 0.158813 0.016553 0.031414
0 0.671860 0.181501 0.021422 0.041885
0 0.624148 0.158813 0.015579 0.031414
0 0.770204 0.150087 0.015579 0.036649
0 0.692308 0.116928 0.010711 0.024433
0 0.523856 0.136126 0.012658 0.036649
0 0.793574 0.137871 0.013632 0.033159
0 0.663096 0.125654 0.015579 0.033159
0 0.723466 0.218150 0.021422 0.043630
0 0.412853 0.247818 0.023369 0.050611
0 0.427459 0.169284 0.017527 0.033159
0 0.511198 0.122164 0.009737 0.027923
0 0.377799 0.195462 0.017527 0.036649
0 0.697176 0.314136 0.031159 0.062827
0 0.293087 0.216405 0.018500 0.040140
0 0.703019 0.181501 0.018500 0.033159
0 0.903603 0.431065 0.042843 0.078534
0 0.734177 0.293194 0.024343 0.068063
0 0.483934 0.223386 0.018500 0.040140
0 0.706913 0.104712 0.014606 0.031414
0 0.746835 0.193717 0.021422 0.045375
0 0.751704 0.137871 0.012658 0.027923
0 0.618306 0.258290 0.026290 0.059337
0 0.549172 0.118674 0.017527 0.038394
0 0.793574 0.216405 0.023369 0.047120
0 0.366115 0.247818 0.015579 0.040140
