0 0.787368 0.131332 0.013684 0.026266
0 0.733684 0.213884 0.020000 0.045028
0 0.698947 0.302064 0.027368 0.061914
0 0.753684 0.377111 0.030526 0.075047
0 0.485263 0.228893 0.023158 0.043152
0 0.843158 0.350844 0.027368 0.065666
0 0.752632 0.165103 0.014737 0.031895
0 0.853684 0.300188 0.023158 0.056285
0 0.483158 0.155722 0.014737 0.028143
0 0.557895 0.290807 0.025263 0.052533
0 0.454737 0.174484 0.014737 0.030019
0 0.664211 0.095685 0.010526 0.018762
0 0.717895 0.151970 0.015789 0.031895
0 0.629474 0.281426 0.028421 0.061914
0 0.329474 0.193246 0.018947 0.035647
0 0.531579 0.129456 0.015789 0.020638
0 0.476842 0.189493 0.020000 0.033771
0 0.870526 0.262664 0.022105 0.056285
0 0.657895 0.133208 0.015789 0.028143
0 0.678947 0.120075 0.010526 0.022514
0 0.591579 0.159475 0.015789 0.030019
0 0.605263 0.131332 0.015789 0.035647
0 0.113684 0.397749 0.035789 0.076923
0 0.442105 0.140713 0.010526 0.020638
0 0.580000 0.133208 0.015789 0.028143
0 0.795789 0.161351 0.013684 0.033771
0 0.420000 0.200750 0.016842 0.031895
0 0.873684 0.170732 0.011579 0.033771
0 0.797895 0.212008 0.015789 0.048780
0 0.761053 0.116323 0.012632 0.028143
0 0.851579 0.148218 0.012632 0.031895
0 0.705263 0.168856 0.015789 0.031895
0 0.641053 0.193246 0.018947 0.039400
0 0.834737 0.206379 0.015789 0.035647
0 0.934737 0.236398 0.022105 0.045028
0 0.762105 0.146341 0.014737 0.033771
0 0.820000 0.238274 0.021053 0.041276
0 0.578947 0.243902 0.022105 0.039400
0 0.607368 0.095685 0.010526 0.020638
0 0.946316 0.168856 0.012632 0.030019
0 0.801053 0.283302 0.026316 0.061914
0 0.494737 0.125704 0.013684 0.022514
0 0.671579 0.198874 0.020000 0.046904
0 0.451579 0.208255 0.017895 0.033771
0 0.467368 0.140713 0.018947 0.039400
0 0.321053 0.227017 0.020000 0.037523
0 0.673684 0.251407 0.017895 0.048780
0 0.880000 0.148218 0.012632 0.031895
0 0.892632 0.217636 0.017895 0.050657
0 0.549474 0.120075 0.014737 0.024390
0 0.642105 0.095685 0.010526 0.022514
0 0.776842 0.181989 0.015789 0.037523
0 0.929474 0.279550 0.021053 0.050657
0 0.685263 0.163227 0.015789 0.035647
0 0.425263 0.168856 0.013684 0.030019
0 0.816842 0.189493 0.013684 0.041276
0 0.887368 0.136961 0.010526 0.026266
0 0.505263 0.116323 0.012632 0.022514
0 0.832632 0.165103 0.013684 0.035647
0 0.917895 0.161351 0.012632 0.031895
0 0.541053 0.178236 0.022105 0.030019
0 0.516842 0.155722 0.022105 0.033771
0 0.556842 0.161351 0.021053 0.037523
0 0.916842 0.328330 0.022105 0.058161
0 0.526316 0.266417 0.022105 0.050657
0 0.632632 0.245779 0.018947 0.037523
0 0.351579 0.193246 0.017895 0.031895
0 0.954737 0.202627 0.012632 0.035647
0 0.584211 0.110694 0.014737 0.022514
0 0.908421 0.178236 0.014737 0.035647
0 0.660000 0.110694 0.012632 0.020638
0 0.770526 0.127580 0.013684 0.026266
0 0.706316 0.120075 0.012632 0.026266
0 0.538947 0.148218 0.015789 0.031895
0 0.861053 0.187617 0.016842 0.039400
0 0.630526 0.138837 0.015789 0.028143
