0 0.468689 0.196181 0.015656 0.031250
0 0.938356 0.217014 0.011742 0.034722
0 0.949119 0.199653 0.014677 0.027778
0 0.441292 0.217014 0.016634 0.031250
0 0.898239 0.185764 0.011742 0.029514
0 0.620352 0.114583 0.011742 0.020833
0 0.926614 0.218750 0.016634 0.039931
0 0.871820 0.173611 0.011742 0.031250
0 0.609589 0.262153 0.023483 0.052083
0 0.280822 0.256944 0.016634 0.031250
0 0.409002 0.217014 0.017613 0.029514
0 0.580235 0.119792 0.011742 0.026042
0 0.490215 0.168403 0.012720 0.029514
0 0.388454 0.213542 0.015656 0.036458
0 0.557730 0.189236 0.018591 0.038194
0 0.732877 0.177083 0.016634 0.034722
0 0.789628 0.324653 0.023483 0.059028
0 0.918787 0.248264 0.019569 0.046875
0 0.891389 0.210069 0.014677 0.034722
0 0.726027 0.234375 0.017613 0.041667
0 0.548924 0.062500 0.010763 0.029514
0 0.418787 0.157986 0.009785 0.024306
0 0.645793 0.123264 0.012720 0.027778
0 0.710372 0.171875 0.013699 0.032986
0 0.363014 0.248264 0.016634 0.039931
0 0.263209 0.440972 0.044031 0.098958
0 0.401174 0.243056 0.016634 0.036458
0 0.662427 0.239583 0.015656 0.043403
0 0.316047 0.267361 0.021526 0.034722
0 0.342466 0.217014 0.017613 0.039931
0 0.457926 0.142361 0.011742 0.027778
0 0.888454 0.248264 0.015656 0.052083
0 0.616438 0.137153 0.010763 0.024306
0 0.483366 0.145833 0.014677 0.029514
0 0.732877 0.151042 0.017613 0.032986
0 0.841487 0.185764 0.016634 0.043403
0 0.907045 0.352431 0.021526 0.064236
0 0.466732 0.161458 0.011742 0.024306
