0 0.925000 0.463158 0.075781 0.103158
0 0.269531 0.349474 0.026562 0.032632
0 0.721875 0.406316 0.043750 0.058947
0 0.846094 0.202105 0.020313 0.033684
0 0.915625 0.198947 0.022656 0.046316
0 0.679688 0.332632 0.014063 0.025263
0 0.231250 0.364211 0.028906 0.034737
0 0.634375 0.344211 0.023438 0.029474
0 0.766406 0.375789 0.037500 0.046316
0 0.085938 0.408421 0.046875 0.072632
0 0.106250 0.393684 0.030469 0.052632
0 0.213281 0.350526 0.024219 0.036842
0 0.483594 0.386316 0.039062 0.058947
0 0.476562 0.296842 0.015625 0.029474
0 0.840625 0.415789 0.048438 0.061053
0 0.444531 0.358947 0.022656 0.035789
0 0.398438 0.384211 0.032813 0.046316
0 0.863281 0.195789 0.021094 0.043158
0 0.179688 0.381053 0.050781 0.061053
0 0.321875 0.457895 0.061719 0.086316
0 0.370312 0.410526 0.041406 0.057895
0 0.655469 0.358947 0.028906 0.041053
0 0.453125 0.443158 0.053906 0.072632
0 0.931250 0.569474 0.094531 0.135789
0 0.681250 0.350526 0.025000 0.030526
0 0.724219 0.350526 0.030469 0.043158
0 0.625000 0.327368 0.021094 0.029474
0 0.423438 0.367368 0.024219 0.042105
0 0.496094 0.341053 0.024219 0.032632
0 0.763281 0.456842 0.057813 0.075789
