0 0.187726 0.437500 0.030686 0.033654
0 0.487365 0.456731 0.030686 0.040865
0 0.729242 0.471154 0.037906 0.064904
0 0.880866 0.550481 0.064982 0.096154
0 0.095668 0.449519 0.037906 0.060096
0 0.252708 0.610577 0.086643 0.146635
0 0.389892 0.444712 0.028881 0.028846
0 0.348375 0.497596 0.050542 0.064904
0 0.648014 0.463942 0.025271 0.043269
0 0.783394 0.456731 0.021661 0.038462
0 0.342960 0.430288 0.021661 0.031250
0 0.133574 0.415865 0.019856 0.028846
0 0.610108 0.425481 0.010830 0.024038
0 0.402527 0.420673 0.018051 0.026442
0 0.469314 0.449519 0.025271 0.038462
0 0.927798 0.475962 0.032491 0.057692
0 0.223827 0.427885 0.036101 0.060096
0 0.980144 0.519231 0.039711 0.093750
0 0.676895 0.435096 0.019856 0.033654
0 0.416968 0.415865 0.023466 0.026442
0 0.063177 0.423077 0.023466 0.031250
0 0.532491 0.444712 0.021661 0.036058
0 0.823105 0.444712 0.018051 0.028846
0 0.489170 0.572115 0.077617 0.127404
0 0.638989 0.425481 0.016245 0.024038
0 0.463899 0.432692 0.018051 0.024038
0 0.287004 0.420673 0.016245 0.026442
0 0.328520 0.382212 0.018051 0.028846
0 0.716606 0.430288 0.021661 0.036058
0 0.619134 0.487981 0.034296 0.062500
0 0.265343 0.408654 0.018051 0.024038
0 0.660650 0.444712 0.019856 0.036058
0 0.353791 0.418269 0.018051 0.028846
0 0.898917 0.492788 0.043321 0.062500
0 0.972924 0.456731 0.032491 0.045673
0 0.454874 0.423077 0.018051 0.024038
