0 0.841748 0.114385 0.011650 0.025997
0 0.546602 0.128250 0.010680 0.024263
0 0.414563 0.159445 0.013592 0.025997
0 0.477670 0.317158 0.026214 0.043328
0 0.534951 0.334489 0.020388 0.041594
0 0.799029 0.131716 0.012621 0.031196
0 0.575728 0.246101 0.019417 0.036395
0 0.778641 0.272097 0.021359 0.048527
0 0.610680 0.154246 0.014563 0.027730
0 0.557282 0.185442 0.015534 0.029463
0 0.451456 0.221837 0.016505 0.031196
0 0.685437 0.143847 0.017476 0.041594
0 0.525243 0.133449 0.012621 0.022530
0 0.581553 0.117851 0.011650 0.025997
0 0.892233 0.136915 0.010680 0.031196
0 0.886408 0.310225 0.026214 0.069324
0 0.656311 0.168111 0.017476 0.032929
0 0.827184 0.138648 0.011650 0.029463
0 0.726214 0.346620 0.030097 0.069324
0 0.175728 0.493934 0.043689 0.088388
0 0.850485 0.143847 0.011650 0.027730
0 0.374757 0.213172 0.016505 0.034662
0 0.870874 0.386482 0.033981 0.072790
0 0.720388 0.251300 0.025243 0.048527
0 0.926214 0.152513 0.010680 0.025997
0 0.861165 0.119584 0.012621 0.029463
0 0.794175 0.247834 0.017476 0.036395
0 0.391262 0.275563 0.018447 0.039861
0 0.362136 0.188908 0.013592 0.029463
0 0.506796 0.123050 0.011650 0.020797
0 0.832039 0.298094 0.026214 0.050260
0 0.682524 0.315425 0.026214 0.071057
0 0.779612 0.183709 0.015534 0.036395
0 0.558252 0.103986 0.012621 0.022530
0 0.735922 0.123050 0.021359 0.046794
0 0.755340 0.223570 0.015534 0.041594
0 0.276699 0.265165 0.017476 0.031196
0 0.658252 0.211438 0.015534 0.031196
0 0.402913 0.227036 0.015534 0.029463
0 0.806796 0.344887 0.026214 0.058925
0 0.605825 0.268631 0.020388 0.043328
