0 0.796797 0.218310 0.018018 0.042254
0 0.689690 0.204225 0.020020 0.036972
0 0.275275 0.385563 0.055055 0.084507
0 0.887888 0.269366 0.021021 0.047535
0 0.397397 0.251761 0.020020 0.036972
0 0.474474 0.146127 0.015015 0.024648
0 0.539540 0.204225 0.015015 0.033451
0 0.901902 0.255282 0.021021 0.038732
0 0.587588 0.174296 0.014014 0.042254
0 0.948949 0.181338 0.012012 0.031690
0 0.836837 0.269366 0.023023 0.035211
0 0.543544 0.161972 0.012012 0.028169
0 0.567568 0.174296 0.014014 0.028169
0 0.343343 0.265845 0.015015 0.033451
0 0.691692 0.126761 0.013013 0.029930
0 0.587588 0.265845 0.017017 0.045775
0 0.622623 0.103873 0.011011 0.021127
0 0.411411 0.167254 0.016016 0.024648
0 0.909910 0.209507 0.016016 0.038732
0 0.874875 0.193662 0.017017 0.035211
0 0.665666 0.112676 0.014014 0.033451
0 0.457457 0.172535 0.018018 0.031690
0 0.479479 0.183099 0.019019 0.035211
0 0.609610 0.132042 0.010010 0.029930
0 0.468468 0.213028 0.015015 0.028169
0 0.756757 0.153169 0.013013 0.042254
0 0.788789 0.186620 0.012012 0.026408
0 0.626627 0.142606 0.016016 0.035211
0 0.669670 0.142606 0.012012 0.029930
0 0.420420 0.260563 0.019019 0.033451
0 0.613614 0.158451 0.013013 0.033451
0 0.623624 0.251761 0.024024 0.058099
0 0.705706 0.332746 0.024024 0.051056
0 0.881882 0.322183 0.020020 0.045775
0 0.741742 0.177817 0.017017 0.045775
0 0.799800 0.158451 0.020020 0.044014
0 0.884885 0.154930 0.016016 0.033451
0 0.595596 0.176056 0.017017 0.029930
0 0.943944 0.241197 0.018018 0.040493
0 0.517518 0.116197 0.013013 0.026408
0 0.492492 0.137324 0.012012 0.026408
0 0.418418 0.207746 0.014014 0.031690
0 0.509510 0.218310 0.016016 0.033451
0 0.535536 0.149648 0.017017 0.028169
0 0.384384 0.190141 0.020020 0.031690
0 0.435435 0.176056 0.016016 0.028169
0 0.767768 0.200704 0.018018 0.036972
0 0.718719 0.190141 0.015015 0.038732
0 0.641642 0.230634 0.023023 0.058099
0 0.581582 0.116197 0.011011 0.026408
0 0.780781 0.140845 0.014014 0.044014
0 0.715716 0.109155 0.017017 0.033451
0 0.436436 0.213028 0.015015 0.033451
0 0.781782 0.232394 0.018018 0.035211
0 0.944945 0.205986 0.014014 0.035211
0 0.939940 0.302817 0.021021 0.042254
0 0.848849 0.165493 0.015015 0.036972
0 0.833834 0.183099 0.013013 0.029930
0 0.654655 0.311620 0.024024 0.052817
