0 0.288230 0.268977 0.022243 0.041254
0 0.344764 0.202970 0.013902 0.029703
0 0.885079 0.155116 0.012048 0.034653
0 0.565338 0.125413 0.013902 0.034653
0 0.696942 0.181518 0.020389 0.042904
0 0.832252 0.188119 0.015755 0.031353
0 0.824838 0.146865 0.012048 0.026403
0 0.366080 0.178218 0.013902 0.031353
0 0.436515 0.186469 0.020389 0.041254
0 0.458758 0.242574 0.024096 0.056106
0 0.659870 0.217822 0.023170 0.042904
0 0.773865 0.156766 0.015755 0.033003
0 0.498610 0.198020 0.021316 0.037954
0 0.789620 0.158416 0.020389 0.037954
0 0.603336 0.146865 0.014829 0.028053
0 0.835959 0.292079 0.027804 0.064356
0 0.270621 0.267327 0.014829 0.026403
0 0.633920 0.132013 0.017609 0.029703
0 0.569972 0.212871 0.025950 0.044554
0 0.758109 0.155116 0.014829 0.036304
0 0.500463 0.290429 0.025950 0.056106
0 0.455978 0.145215 0.014829 0.023102
0 0.400371 0.282178 0.025950 0.051155
0 0.347544 0.232673 0.014829 0.036304
0 0.672845 0.120462 0.017609 0.031353
0 0.876738 0.193069 0.020389 0.036304
0 0.835032 0.169967 0.013902 0.026403
0 0.365153 0.244224 0.018536 0.042904
0 0.422614 0.183168 0.014829 0.039604
0 0.748842 0.239274 0.025023 0.059406
0 0.312326 0.234323 0.017609 0.036304
0 0.766450 0.193069 0.025023 0.046205
0 0.512512 0.165017 0.015755 0.031353
0 0.641335 0.115512 0.012048 0.021452
0 0.522706 0.201320 0.021316 0.041254
0 0.556997 0.282178 0.031511 0.062706
0 0.379981 0.186469 0.015755 0.037954
0 0.468953 0.165017 0.015755 0.024752
0 0.253012 0.267327 0.020389 0.039604
0 0.583874 0.127063 0.012975 0.029703
0 0.549583 0.156766 0.015755 0.041254
0 0.398517 0.216172 0.017609 0.036304
0 0.836886 0.260726 0.022243 0.041254
0 0.207600 0.402640 0.037071 0.085809
0 0.610751 0.305281 0.027804 0.059406
0 0.700649 0.148515 0.017609 0.031353
0 0.599629 0.282178 0.022243 0.044554
0 0.380908 0.268977 0.023170 0.044554
0 0.710843 0.265677 0.031511 0.062706
0 0.659870 0.272277 0.027804 0.061056
0 0.890639 0.273927 0.025950 0.054455
0 0.874884 0.163366 0.013902 0.023102
0 0.691381 0.222772 0.022243 0.051155
0 0.655236 0.178218 0.020389 0.036304
0 0.339203 0.247525 0.020389 0.036304
0 0.746988 0.128713 0.012975 0.031353
0 0.561631 0.153465 0.015755 0.031353
0 0.738647 0.165017 0.015755 0.028053
0 0.476367 0.199670 0.017609 0.034653
0 0.742354 0.193069 0.017609 0.034653
0 0.607044 0.108911 0.011121 0.019802
0 0.481001 0.130363 0.014829 0.026403
0 0.605190 0.123762 0.012048 0.023102
0 0.618165 0.211221 0.028730 0.047855
0 0.744208 0.316832 0.028730 0.057756
0 0.576460 0.165017 0.017609 0.033003
0 0.716404 0.178218 0.017609 0.037954
