0 0.652374 0.181309 0.050630 0.099483
0 0.485707 0.212317 0.027132 0.060293
0 0.394138 0.234281 0.038760 0.072782
0 0.838663 0.238587 0.067103 0.142550
0 0.144138 0.210164 0.058140 0.108096
0 0.751453 0.217054 0.049176 0.109819
0 0.340601 0.344961 0.127180 0.276916
0 0.631298 0.263997 0.056928 0.117140
0 0.701066 0.321705 0.109981 0.245047
0 0.944041 0.331180 0.111676 0.221792
0 0.415455 0.284668 0.044331 0.092593
0 0.533430 0.295435 0.097626 0.189492
0 0.591085 0.211456 0.023498 0.046942
0 0.104893 0.431955 0.104409 0.197244
0 0.909641 0.271318 0.078973 0.178295
0 0.219234 0.217916 0.036822 0.083549
0 0.083576 0.256675 0.058866 0.117140
0 0.569525 0.243755 0.040698 0.080965
0 0.190165 0.234711 0.039486 0.093454
0 0.158188 0.314815 0.076793 0.164944
0 0.254603 0.276055 0.043605 0.096899
