0 0.702885 0.149918 0.018269 0.034596
0 0.800962 0.289951 0.026923 0.054366
0 0.831731 0.125206 0.013462 0.034596
0 0.568269 0.148270 0.014423 0.037891
0 0.903846 0.214168 0.022115 0.051071
0 0.206731 0.456343 0.050962 0.105437
0 0.479808 0.154860 0.016346 0.029654
0 0.763462 0.148270 0.015385 0.031301
0 0.744231 0.278418 0.025000 0.052718
0 0.457692 0.225700 0.023077 0.044481
0 0.464423 0.156507 0.013462 0.028007
0 0.314423 0.286656 0.020192 0.042834
0 0.732692 0.148270 0.016346 0.039539
0 0.371154 0.261944 0.021154 0.041186
0 0.588462 0.153213 0.016346 0.041186
0 0.253846 0.428336 0.048077 0.107084
0 0.670192 0.257002 0.028846 0.056013
0 0.542308 0.141680 0.014423 0.034596
0 0.457692 0.186161 0.018269 0.041186
0 0.482692 0.196046 0.019231 0.044481
0 0.784615 0.163097 0.020192 0.039539
0 0.745192 0.166392 0.020192 0.032949
0 0.545192 0.199341 0.021154 0.037891
0 0.817308 0.182867 0.016346 0.044481
0 0.485577 0.322900 0.026923 0.051071
0 0.446154 0.266886 0.021154 0.044481
