0 0.934579 0.249077 0.017653 0.033210
0 0.696781 0.180812 0.014538 0.022140
0 0.320872 0.204797 0.017653 0.029520
0 0.536864 0.127306 0.010384 0.020295
0 0.788162 0.145756 0.013499 0.027675
0 0.853583 0.149446 0.011423 0.027675
0 0.375909 0.190037 0.013499 0.025830
0 0.446521 0.247232 0.019730 0.027675
0 0.668744 0.125461 0.010384 0.018450
0 0.437175 0.160517 0.012461 0.023985
0 0.734164 0.173432 0.014538 0.036900
0 0.672897 0.143911 0.011423 0.016605
0 0.482866 0.151292 0.014538 0.033210
0 0.721703 0.188192 0.015576 0.035055
0 0.499481 0.191882 0.018692 0.036900
0 0.813084 0.202952 0.015576 0.035055
0 0.552440 0.182657 0.015576 0.031365
0 0.797508 0.130996 0.009346 0.023985
0 0.793354 0.177122 0.013499 0.023985
0 0.636552 0.136531 0.012461 0.022140
0 0.424714 0.164207 0.012461 0.023985
0 0.662513 0.114391 0.011423 0.020295
0 0.828660 0.178967 0.013499 0.029520
0 0.598131 0.149446 0.014538 0.020295
0 0.882658 0.238007 0.013499 0.036900
0 0.626168 0.180812 0.014538 0.022140
0 0.660436 0.184502 0.016615 0.033210
0 0.410177 0.175277 0.014538 0.025830
0 0.564901 0.136531 0.012461 0.023985
0 0.917965 0.180812 0.012461 0.027675
0 0.866044 0.097786 0.012461 0.029520
0 0.711319 0.153137 0.013499 0.027675
0 0.571132 0.151292 0.013499 0.022140
0 0.572170 0.232472 0.022845 0.044280
0 0.800623 0.208487 0.014538 0.040590
0 0.768432 0.184502 0.015576 0.035055
0 0.576324 0.186347 0.015576 0.029520
0 0.611630 0.105166 0.010384 0.020295
0 0.921080 0.267528 0.015576 0.036900
0 0.755971 0.309963 0.036345 0.068266
0 0.419522 0.178967 0.013499 0.031365
0 0.764278 0.145756 0.010384 0.016605
0 0.888889 0.158672 0.010384 0.023985
0 0.714434 0.234317 0.019730 0.042435
0 0.653167 0.147601 0.011423 0.022140
0 0.520249 0.186347 0.015576 0.022140
0 0.937695 0.212177 0.015576 0.035055
0 0.635514 0.201107 0.018692 0.040590
0 0.655244 0.238007 0.020768 0.036900
0 0.640706 0.121771 0.010384 0.020295
0 0.703011 0.127306 0.009346 0.016605
0 0.358255 0.199262 0.015576 0.031365
0 0.743510 0.153137 0.012461 0.023985
0 0.499481 0.125461 0.011423 0.022140
0 0.584631 0.169742 0.017653 0.020295
0 0.875389 0.271218 0.016615 0.038745
0 0.536864 0.149446 0.013499 0.027675
0 0.467290 0.182657 0.016615 0.025830
0 0.856698 0.212177 0.013499 0.027675
0 0.826584 0.158672 0.011423 0.022140
0 0.805815 0.154982 0.014538 0.029520
