0 0.493862 0.461343 0.057602 0.077313
0 0.591124 0.457541 0.052880 0.065906
0 0.455146 0.403042 0.035883 0.046895
0 0.301228 0.517110 0.076487 0.107731
0 0.873466 0.399240 0.036827 0.050697
0 0.282342 0.408112 0.041549 0.062104
0 0.610009 0.380228 0.037771 0.043093
0 0.370161 0.425856 0.053824 0.074778
0 0.155807 0.435995 0.050047 0.065906
0 0.693107 0.389100 0.038716 0.065906
0 0.978281 0.411914 0.042493 0.065906
0 0.695940 0.444867 0.053824 0.074778
0 0.586402 0.551331 0.087819 0.130545
0 0.196412 0.518378 0.086874 0.100127
0 0.893296 0.372624 0.037771 0.043093
0 0.947120 0.392902 0.035883 0.051965
0 0.909348 0.790875 0.165250 0.258555
0 0.226629 0.415716 0.044381 0.060837
0 0.517469 0.385298 0.030217 0.044360
0 0.537299 0.376426 0.029273 0.043093
0 0.077432 0.457541 0.057602 0.081115
0 0.755430 0.476553 0.063267 0.088720
0 0.915014 0.411914 0.044381 0.053232
0 0.503305 0.422053 0.045326 0.055767
0 0.433428 0.673004 0.145420 0.240811
0 0.393768 0.414449 0.045326 0.062104
0 0.463645 0.307985 0.024551 0.032953
