0 0.612727 0.608414 0.100000 0.207120
0 0.329091 0.343042 0.029091 0.045307
0 0.827273 0.624595 0.121818 0.210356
0 0.089091 0.398058 0.043636 0.087379
0 0.269091 0.239482 0.025455 0.058252
0 0.827273 0.411003 0.052727 0.093851
0 0.692727 0.375405 0.029091 0.061489
0 0.498182 0.388350 0.056364 0.090615
0 0.072727 0.579288 0.123636 0.213592
0 0.296364 0.404531 0.047273 0.097087
0 0.661818 0.362460 0.030909 0.064725
0 0.074545 0.430421 0.040000 0.071197
0 0.938182 0.423948 0.052727 0.116505
0 0.172727 0.411003 0.043636 0.103560
0 0.372727 0.443366 0.056364 0.093851
0 0.220000 0.462783 0.083636 0.165049
0 0.723636 0.349515 0.027273 0.061489
0 0.887273 0.411003 0.047273 0.097087
0 0.503636 0.482201 0.065455 0.135922
0 0.190909 0.352751 0.032727 0.061489
0 0.309091 0.381877 0.029091 0.058252
0 0.380000 0.365696 0.036364 0.071197
0 0.218182 0.372168 0.030909 0.058252
0 0.261818 0.339806 0.027273 0.058252
0 0.678182 0.456311 0.052727 0.110032
0 0.756364 0.378641 0.050909 0.074434
0 0.060000 0.469256 0.067273 0.103560
0 0.569091 0.404531 0.036364 0.067961
0 0.461818 0.378641 0.043636 0.103560
0 0.376364 0.556634 0.096364 0.184466
