0 0.247359 0.899061 0.140845 0.200704
0 0.417254 0.541080 0.054577 0.091549
0 0.566901 0.564554 0.054577 0.073944
0 0.585387 0.453052 0.035211 0.062207
0 0.379401 0.559859 0.067782 0.107981
0 0.138204 0.433099 0.034331 0.050469
0 0.452465 0.676056 0.088908 0.150235
0 0.018486 0.488263 0.036092 0.083333
0 0.755282 0.708920 0.112676 0.170188
0 0.159331 0.482394 0.040493 0.059859
0 0.238556 0.467136 0.037852 0.061033
0 0.041373 0.776995 0.080106 0.225352
0 0.549296 0.612676 0.058099 0.099765
0 0.072183 0.457746 0.036972 0.050469
0 0.516725 0.471831 0.044014 0.062207
0 0.614437 0.491784 0.039613 0.055164
0 0.761444 0.530516 0.061620 0.086854
0 0.917254 0.565728 0.064261 0.098592
0 0.214789 0.449531 0.032570 0.048122
0 0.852113 0.505869 0.039613 0.062207
0 0.296655 0.467136 0.031690 0.053991
0 0.791373 0.906103 0.158451 0.187793
0 0.691901 0.494131 0.033451 0.055164
0 0.094190 0.503521 0.049296 0.083333
0 0.966549 0.634977 0.058979 0.130282
0 0.756162 0.623239 0.072183 0.120892
0 0.885563 0.525822 0.048415 0.076291
0 0.211268 0.659624 0.087148 0.130282
