0 0.495366 0.195933 0.014418 0.027726
0 0.934089 0.190388 0.013388 0.029575
0 0.414006 0.188540 0.022657 0.064695
0 0.932029 0.238447 0.016478 0.033272
0 0.630278 0.214418 0.025747 0.035120
0 0.462410 0.140481 0.014418 0.024030
0 0.478888 0.192237 0.017508 0.029575
0 0.438723 0.144177 0.013388 0.022181
0 0.808445 0.177449 0.017508 0.029575
0 0.975283 0.181146 0.018538 0.042514
0 0.367662 0.210721 0.038105 0.059150
0 0.868177 0.290203 0.017508 0.046211
0 0.698249 0.173752 0.015448 0.035120
0 0.219361 0.358595 0.038105 0.086876
0 0.520082 0.127542 0.017508 0.027726
0 0.826982 0.181146 0.015448 0.027726
0 0.789907 0.182994 0.013388 0.036969
0 0.899073 0.170055 0.013388 0.031423
0 0.654995 0.127542 0.012358 0.035120
0 0.175077 0.208872 0.018538 0.040665
0 0.718847 0.197782 0.015448 0.042514
0 0.638517 0.121996 0.013388 0.027726
0 0.451081 0.171904 0.014418 0.022181
0 0.811535 0.144177 0.014418 0.033272
0 0.737384 0.182994 0.019567 0.027726
0 0.727085 0.153420 0.010299 0.027726
0 0.774459 0.147874 0.014418 0.027726
