0 0.315625 0.461039 0.068750 0.121212
0 0.823438 0.454545 0.078125 0.125541
0 0.671875 0.461039 0.075000 0.132035
0 0.175000 0.939394 0.220312 0.121212
0 0.409375 0.484848 0.071875 0.103896
0 0.582812 0.506494 0.070312 0.108225
0 0.665625 0.816017 0.095312 0.134199
0 0.409375 0.761905 0.096875 0.125541
0 0.059375 0.803030 0.104688 0.147186
0 0.739062 0.525974 0.068750 0.099567
0 0.492188 0.415584 0.067187 0.114719
0 0.210938 0.506494 0.075000 0.099567
0 0.781250 0.930736 0.145313 0.136364
0 0.135937 0.768398 0.089063 0.142857
0 0.776563 0.844156 0.126562 0.164502
