0 0.358333 0.493734 0.048333 0.070175
0 0.343333 0.591479 0.070000 0.112782
0 0.433333 0.403509 0.036667 0.055138
0 0.281667 0.468672 0.050000 0.067669
0 0.723333 0.513784 0.065000 0.105263
0 0.813333 0.411028 0.060000 0.090226
0 0.653333 0.380952 0.031667 0.055138
0 0.255000 0.511278 0.055000 0.080201
0 0.083333 0.448622 0.068333 0.077694
0 0.156667 0.819549 0.110000 0.155388
0 0.756667 0.401003 0.036667 0.062657
0 0.730000 0.423559 0.043333 0.062657
0 0.605000 0.403509 0.033333 0.047619
0 0.270000 0.383459 0.035000 0.055138
0 0.108333 0.521303 0.076667 0.112782
0 0.691667 0.403509 0.036667 0.062657
0 0.660000 0.448622 0.046667 0.067669
0 0.786667 0.611529 0.066667 0.110276
0 0.733333 0.378446 0.033333 0.052632
0 0.410000 0.390977 0.025000 0.050125
0 0.953333 0.827068 0.090000 0.170426
0 0.343333 0.378446 0.028333 0.057644
0 0.255000 0.421053 0.038333 0.052632
0 0.208333 0.456140 0.070000 0.107769
0 0.366667 0.436090 0.041667 0.060150
0 0.808333 0.486216 0.065000 0.087719
0 0.523333 0.210526 0.040000 0.062657
0 0.898333 0.478697 0.063333 0.092732
0 0.963333 0.578947 0.073333 0.115288
0 0.638333 0.411028 0.035000 0.062657
