0 0.229167 0.198131 0.022917 0.046729
0 0.731250 0.085981 0.017708 0.031776
0 0.527083 0.153271 0.015625 0.042991
0 0.581250 0.153271 0.017708 0.035514
0 0.090625 0.250467 0.015625 0.029907
0 0.629167 0.112150 0.019792 0.031776
0 0.540625 0.136449 0.016667 0.028037
0 0.938542 0.171963 0.025000 0.057944
0 0.508333 0.125234 0.013542 0.029907
0 0.709375 0.177570 0.019792 0.039252
0 0.546875 0.061682 0.013542 0.022430
0 0.390625 0.196262 0.019792 0.041121
0 0.194792 0.357009 0.035417 0.072897
0 0.344792 0.200000 0.018750 0.042991
0 0.736458 0.373832 0.034375 0.080374
0 0.853125 0.306542 0.025000 0.063551
0 0.619792 0.265421 0.027083 0.057944
0 0.737500 0.157009 0.016667 0.033645
0 0.925000 0.297196 0.028125 0.065421
0 0.747917 0.200000 0.021875 0.050467
0 0.380208 0.153271 0.017708 0.037383
0 0.628125 0.147664 0.022917 0.048598
0 0.397917 0.140187 0.021875 0.037383
0 0.693750 0.308411 0.032292 0.071028
0 0.547917 0.177570 0.017708 0.041121
0 0.488542 0.134579 0.018750 0.046729
0 0.819792 0.377570 0.031250 0.071028
0 0.435417 0.179439 0.026042 0.057944
0 0.729167 0.297196 0.022917 0.048598
0 0.362500 0.207477 0.021875 0.042991
0 0.471875 0.123364 0.013542 0.031776
0 0.663542 0.112150 0.018750 0.039252
0 0.694792 0.097196 0.017708 0.031776
0 0.475000 0.201869 0.025000 0.061682
0 0.276042 0.157009 0.022917 0.046729
0 0.865625 0.441121 0.039583 0.089720
0 0.750000 0.128972 0.018750 0.037383
0 0.455208 0.151402 0.018750 0.041121
0 0.219792 0.336449 0.042708 0.085981
0 0.764583 0.166355 0.016667 0.039252
0 0.416667 0.362617 0.052083 0.095327
0 0.697917 0.157009 0.014583 0.035514
0 0.567708 0.065421 0.016667 0.026168
0 0.753125 0.259813 0.022917 0.050467
0 0.532292 0.063551 0.013542 0.024299
0 0.800000 0.209346 0.016667 0.035514
0 0.806250 0.153271 0.017708 0.035514
0 0.208333 0.259813 0.035417 0.061682
0 0.875000 0.185047 0.028125 0.061682
0 0.809375 0.256075 0.025000 0.048598
0 0.422917 0.145794 0.018750 0.041121
0 0.435417 0.239252 0.032292 0.065421
0 0.554167 0.157009 0.018750 0.035514
