0 0.326105 0.355837 0.024187 0.045007
0 0.932444 0.275668 0.015013 0.029536
0 0.632193 0.303797 0.021685 0.035162
0 0.396163 0.298172 0.018349 0.035162
0 0.539616 0.244726 0.013344 0.030942
0 0.714762 0.412096 0.032527 0.064698
0 0.736447 0.248945 0.015847 0.037975
0 0.873228 0.255977 0.014178 0.032349
0 0.820684 0.506329 0.037531 0.070323
0 0.621351 0.209564 0.014178 0.030942
0 0.768140 0.282700 0.015847 0.032349
0 0.727273 0.254571 0.015013 0.030942
0 0.939950 0.354430 0.021685 0.042194
0 0.850709 0.277075 0.019183 0.036568
0 0.633028 0.355837 0.023353 0.047820
0 0.844037 0.464135 0.037531 0.071730
0 0.925771 0.300985 0.015013 0.036568
0 0.459550 0.234880 0.014178 0.032349
0 0.340284 0.298172 0.017515 0.039381
0 0.753128 0.258790 0.016681 0.035162
0 0.457048 0.405063 0.035863 0.064698
0 0.839867 0.250352 0.013344 0.035162
0 0.757298 0.227848 0.016681 0.037975
0 0.655546 0.215190 0.013344 0.025316
0 0.778982 0.241913 0.016681 0.035162
0 0.564637 0.278481 0.018349 0.036568
0 0.436197 0.261603 0.016681 0.030942
0 0.677231 0.315049 0.025021 0.043601
0 0.819850 0.340366 0.019183 0.045007
0 0.569641 0.210970 0.013344 0.029536
0 0.574646 0.258790 0.016681 0.026723
0 0.592994 0.326301 0.021685 0.046414
0 0.520434 0.246132 0.015013 0.026723
0 0.577982 0.444444 0.035863 0.077356
0 0.705588 0.295359 0.022519 0.039381
0 0.246038 0.358650 0.020851 0.045007
0 0.118432 0.524613 0.045872 0.081575
0 0.631359 0.473980 0.038365 0.078762
0 0.633862 0.243319 0.016681 0.029536
0 0.440367 0.337553 0.023353 0.040788
0 0.834862 0.310830 0.018349 0.035162
0 0.414512 0.250352 0.017515 0.033755
0 0.797331 0.236287 0.019183 0.037975
0 0.552127 0.223629 0.013344 0.025316
0 0.499583 0.315049 0.023353 0.037975
0 0.374479 0.270042 0.015847 0.032349
0 0.801501 0.286920 0.018349 0.036568
0 0.274395 0.309423 0.023353 0.043601
0 0.864053 0.338959 0.020851 0.046414
0 0.889908 0.316456 0.015847 0.037975
0 0.692244 0.216596 0.017515 0.037975
0 0.661384 0.279887 0.018349 0.035162
0 0.768974 0.437412 0.035863 0.059072
0 0.367807 0.334740 0.018349 0.032349
0 0.696414 0.537271 0.045872 0.081575
0 0.283570 0.357243 0.022519 0.040788
0 0.592160 0.246132 0.015847 0.029536
0 0.696414 0.253165 0.017515 0.035162
0 0.602168 0.202532 0.015847 0.028129
0 0.396163 0.344585 0.025855 0.046414
0 0.464554 0.260197 0.020017 0.030942
0 0.860717 0.268636 0.015847 0.039381
0 0.457048 0.313643 0.025855 0.039381
0 0.508757 0.237693 0.011676 0.022504
0 0.511259 0.272855 0.019183 0.036568
0 0.808173 0.357243 0.023353 0.056259
0 0.891576 0.277075 0.017515 0.037975
0 0.669725 0.222222 0.014178 0.030942
0 0.682235 0.368495 0.023353 0.047820
0 0.856547 0.369902 0.022519 0.053446
0 0.450375 0.243319 0.015847 0.030942
0 0.212677 0.340366 0.021685 0.036568
0 0.652210 0.361463 0.025021 0.054852
0 0.817348 0.274262 0.018349 0.036568
0 0.511259 0.444444 0.035029 0.060478
0 0.594662 0.220816 0.015847 0.019691
