0 0.098333 0.372500 0.033333 0.067500
0 0.496667 0.387500 0.026667 0.047500
0 0.871667 0.395000 0.028333 0.045000
0 0.716667 0.385000 0.030000 0.050000
0 0.208333 0.405000 0.033333 0.057500
0 0.465000 0.397500 0.026667 0.052500
0 0.433333 0.382500 0.026667 0.060000
0 0.550000 0.380000 0.028333 0.052500
0 0.145000 0.410000 0.031667 0.055000
0 0.765000 0.390000 0.031667 0.055000
0 0.703333 0.367500 0.025000 0.032500
0 0.920000 0.370000 0.031667 0.057500
0 0.235000 0.400000 0.023333 0.060000
0 0.820000 0.380000 0.028333 0.057500
0 0.528333 0.375000 0.033333 0.062500
0 0.793333 0.377500 0.023333 0.062500
0 0.381667 0.402500 0.031667 0.050000
0 0.616667 0.395000 0.028333 0.047500
0 0.685000 0.392500 0.028333 0.050000
0 0.173333 0.407500 0.025000 0.052500
0 0.646667 0.377500 0.030000 0.052500
0 0.358333 0.387500 0.030000 0.065000
0 0.406667 0.367500 0.028333 0.042500
0 0.298333 0.387500 0.026667 0.047500
0 0.260000 0.405000 0.031667 0.045000
0 0.628333 0.367500 0.026667 0.052500
0 0.475000 0.350000 0.025000 0.052500
