0 0.581731 0.362981 0.025641 0.033654
0 0.929487 0.406250 0.036859 0.050481
0 0.115385 0.637019 0.070513 0.091346
0 0.349359 0.389423 0.028846 0.036058
0 0.142628 0.427885 0.035256 0.050481
0 0.766026 0.396635 0.033654 0.050481
0 0.046474 0.430288 0.041667 0.052885
0 0.262821 0.899038 0.112179 0.187500
0 0.495192 0.454327 0.040064 0.050481
0 0.402244 0.425481 0.027244 0.045673
0 0.613782 0.382212 0.027244 0.045673
0 0.891026 0.444712 0.041667 0.062500
0 0.064103 0.500000 0.044872 0.064904
0 0.118590 0.557692 0.052885 0.069712
0 0.198718 0.461538 0.036859 0.064904
0 0.334936 0.596154 0.056090 0.081731
0 0.546474 0.774038 0.091346 0.146635
0 0.530449 0.375000 0.027244 0.040865
0 0.663462 0.391827 0.024038 0.038462
0 0.408654 0.298077 0.028846 0.045673
0 0.588141 0.439904 0.038462 0.050481
0 0.288462 0.514423 0.044872 0.064904
0 0.474359 0.401442 0.028846 0.038462
0 0.870192 0.593750 0.060897 0.093750
0 0.730769 0.490385 0.046474 0.072115
0 0.407051 0.387019 0.025641 0.040865
0 0.719551 0.411058 0.036859 0.050481
0 0.633013 0.516827 0.046474 0.079327
