0 0.543750 0.456250 0.045000 0.045000
0 0.808750 0.531250 0.073750 0.083750
0 0.166250 0.480000 0.071250 0.067500
0 0.175000 0.427500 0.038750 0.038750
0 0.091250 0.428750 0.026250 0.040000
0 0.318750 0.437500 0.040000 0.037500
0 0.591250 0.437500 0.040000 0.048750
0 0.318750 0.495000 0.063750 0.072500
0 0.558750 0.430000 0.035000 0.036250
0 0.015000 0.430000 0.027500 0.053750
0 0.120000 0.437500 0.042500 0.051250
0 0.906250 0.457500 0.051250 0.062500
0 0.418750 0.455000 0.051250 0.046250
0 0.066250 0.541250 0.098750 0.105000
0 0.278750 0.420000 0.046250 0.038750
0 0.228750 0.411250 0.038750 0.031250
0 0.738750 0.581250 0.113750 0.145000
0 0.508750 0.438750 0.045000 0.040000
0 0.483750 0.497500 0.053750 0.052500
0 0.372500 0.422500 0.040000 0.042500
0 0.861250 0.515000 0.061250 0.068750
0 0.670000 0.436250 0.037500 0.036250
