0 0.730205 0.150427 0.019550 0.037607
0 0.284457 0.251282 0.020528 0.032479
0 0.109482 0.458120 0.065494 0.114530
0 0.626588 0.230769 0.022483 0.039316
0 0.801564 0.283761 0.028348 0.058120
0 0.889541 0.241026 0.019550 0.051282
0 0.383187 0.244444 0.023460 0.049573
0 0.418377 0.162393 0.015640 0.032479
0 0.481916 0.147009 0.018573 0.034188
0 0.927664 0.244444 0.019550 0.039316
0 0.475073 0.188034 0.020528 0.044444
0 0.718475 0.234188 0.023460 0.054701
0 0.210166 0.218803 0.022483 0.049573
0 0.596285 0.230769 0.022483 0.042735
0 0.618768 0.114530 0.013685 0.029060
0 0.489736 0.162393 0.018573 0.035897
0 0.135875 0.241026 0.021505 0.042735
0 0.347019 0.252991 0.028348 0.044444
0 0.384164 0.200000 0.021505 0.039316
0 0.900293 0.203419 0.015640 0.041026
0 0.652981 0.116239 0.016618 0.029060
0 0.451613 0.206838 0.021505 0.042735
0 0.319648 0.264957 0.021505 0.041026
0 0.557185 0.184615 0.021505 0.041026
0 0.915934 0.283761 0.024438 0.054701
0 0.441838 0.162393 0.019550 0.032479
0 0.664712 0.235897 0.027370 0.047863
0 0.582600 0.116239 0.015640 0.029060
0 0.161290 0.259829 0.023460 0.052991
0 0.230694 0.225641 0.025415 0.049573
0 0.952102 0.176068 0.013685 0.034188
0 0.531769 0.158974 0.017595 0.034188
