0 0.888038 0.185497 0.014354 0.033727
0 0.912919 0.204047 0.017225 0.040472
0 0.775120 0.202361 0.014354 0.032040
0 0.485167 0.204047 0.014354 0.033727
0 0.592344 0.102867 0.011483 0.021922
0 0.759809 0.215852 0.018182 0.043845
0 0.637321 0.106239 0.010526 0.021922
0 0.613397 0.219224 0.019139 0.037099
0 0.742584 0.354132 0.031579 0.062395
0 0.723445 0.254637 0.023923 0.047218
0 0.669856 0.210793 0.016268 0.037099
0 0.916746 0.232715 0.017225 0.045531
0 0.608612 0.263069 0.020096 0.045531
0 0.408612 0.173693 0.012440 0.020236
0 0.810526 0.313659 0.025837 0.050590
0 0.466029 0.231029 0.017225 0.037099
0 0.600957 0.330523 0.023923 0.052277
0 0.798086 0.241147 0.022967 0.038786
0 0.524402 0.170320 0.011483 0.021922
0 0.538756 0.190556 0.015311 0.021922
0 0.503349 0.131535 0.009569 0.025295
0 0.758852 0.131535 0.012440 0.026981
0 0.583732 0.124789 0.013397 0.026981
0 0.815311 0.209106 0.016268 0.033727
0 0.444976 0.188870 0.011483 0.032040
0 0.557895 0.258010 0.018182 0.035413
0 0.888038 0.146712 0.016268 0.032040
0 0.685167 0.183811 0.014354 0.030354
0 0.517703 0.198988 0.020096 0.032040
0 0.825837 0.126476 0.011483 0.021922
0 0.521531 0.279933 0.020096 0.045531
0 0.906220 0.300169 0.022010 0.059022
0 0.599043 0.160202 0.013397 0.026981
0 0.881340 0.168634 0.013397 0.026981
0 0.278469 0.256324 0.015311 0.028668
0 0.664115 0.116358 0.012440 0.026981
0 0.584689 0.170320 0.014354 0.028668
0 0.887081 0.360877 0.027751 0.070826
0 0.791388 0.158516 0.014354 0.030354
0 0.365550 0.198988 0.016268 0.028668
0 0.605742 0.114671 0.012440 0.023609
0 0.734928 0.121417 0.014354 0.026981
0 0.653589 0.175379 0.015311 0.033727
0 0.462201 0.156830 0.013397 0.025295
0 0.551196 0.126476 0.011483 0.023609
0 0.721531 0.198988 0.020096 0.035413
0 0.371292 0.264755 0.014354 0.037099
0 0.916746 0.158516 0.012440 0.026981
0 0.670813 0.166948 0.012440 0.030354
0 0.440191 0.229342 0.018182 0.040472
0 0.695694 0.106239 0.011483 0.028668
0 0.852632 0.136594 0.012440 0.023609
0 0.866986 0.209106 0.014354 0.037099
0 0.406699 0.229342 0.023923 0.057336
0 0.785646 0.392917 0.028708 0.075885
0 0.561722 0.136594 0.011483 0.026981
0 0.560766 0.300169 0.021053 0.042159
0 0.465072 0.193929 0.015311 0.023609
0 0.578947 0.141653 0.012440 0.026981
0 0.821053 0.143339 0.013397 0.023609
0 0.861244 0.254637 0.018182 0.047218
0 0.638278 0.136594 0.011483 0.023609
0 0.488038 0.168634 0.015311 0.028668
0 0.692823 0.229342 0.019139 0.035413
0 0.742584 0.153457 0.014354 0.028668
0 0.647847 0.136594 0.012440 0.023609
0 0.772249 0.166948 0.014354 0.030354
0 0.761722 0.273187 0.023923 0.050590
0 0.847847 0.166948 0.012440 0.026981
0 0.906220 0.259696 0.018182 0.032040
0 0.539713 0.133221 0.012440 0.021922
