0 0.325000 0.220000 0.098333 0.150000
0 0.975000 0.350000 0.050000 0.155000
0 0.876667 0.197500 0.050000 0.072500
0 0.435000 0.147500 0.040000 0.075000
0 0.821667 0.090000 0.028333 0.050000
0 0.391667 0.415000 0.186667 0.297500
0 0.336667 0.085000 0.051667 0.075000
0 0.855000 0.130000 0.051667 0.080000
0 0.751667 0.260000 0.073333 0.127500
0 0.505000 0.230000 0.098333 0.147500
0 0.048333 0.212500 0.093333 0.180000
0 0.831667 0.037500 0.028333 0.052500
0 0.888333 0.380000 0.148333 0.247500
0 0.380000 0.150000 0.058333 0.097500
0 0.090000 0.042500 0.070000 0.080000
0 0.543333 0.175000 0.053333 0.107500
0 0.895000 0.027500 0.025000 0.047500
0 0.946667 0.147500 0.038333 0.067500
