0 0.705455 0.611732 0.023636 0.041899
0 0.743636 0.667598 0.036364 0.061453
0 0.078182 0.840782 0.087273 0.136872
0 0.532727 0.578212 0.016364 0.019553
0 0.190909 0.698324 0.050909 0.083799
0 0.038182 0.569832 0.016364 0.025140
0 0.518182 0.645251 0.034545 0.061453
0 0.721818 0.578212 0.014545 0.036313
0 0.400000 0.606145 0.027273 0.039106
0 0.747273 0.614525 0.027273 0.039106
0 0.821818 0.684358 0.063636 0.086592
0 0.270909 0.586592 0.016364 0.027933
0 0.740000 0.581006 0.020000 0.030726
0 0.609091 0.659218 0.043636 0.064246
0 0.069091 0.622905 0.032727 0.041899
0 0.589091 0.594972 0.018182 0.036313
0 0.916364 0.620112 0.032727 0.050279
0 0.550909 0.592179 0.025455 0.027933
0 0.536364 0.703911 0.063636 0.108939
0 0.198182 0.491620 0.016364 0.027933
0 0.198182 0.617318 0.025455 0.039106
0 0.365455 0.589385 0.014545 0.027933
0 0.030909 0.589385 0.023636 0.033520
0 0.847273 0.589385 0.025455 0.039106
0 0.845455 0.614525 0.029091 0.047486
0 0.156364 0.530726 0.020000 0.027933
0 0.487273 0.636872 0.040000 0.067039
0 0.367273 0.648045 0.034545 0.058659
0 0.609091 0.586592 0.020000 0.036313
0 0.132727 0.659218 0.041818 0.064246
0 0.289091 0.581006 0.018182 0.027933
0 0.952727 0.706704 0.054545 0.081006
0 0.340000 0.581006 0.018182 0.030726
0 0.540000 0.849162 0.114545 0.203911
0 0.578182 0.639665 0.036364 0.061453
0 0.232727 0.617318 0.029091 0.033520
0 0.254545 0.583799 0.014545 0.027933
0 0.234545 0.846369 0.101818 0.159218
0 0.343636 0.695531 0.049091 0.086592
0 0.765455 0.575419 0.020000 0.033520
0 0.645455 0.575419 0.016364 0.027933
0 0.334545 0.611732 0.025455 0.033520
0 0.794545 0.592179 0.023636 0.036313
0 0.780000 0.807263 0.098182 0.153631
0 0.661818 0.622905 0.030909 0.047486
0 0.232727 0.583799 0.021818 0.027933
0 0.085455 0.594972 0.027273 0.036313
0 0.489091 0.586592 0.023636 0.036313
0 0.690909 0.684358 0.056364 0.081006
0 0.274545 0.628492 0.036364 0.075419
0 0.765455 0.594972 0.018182 0.036313
0 0.945455 0.631285 0.030909 0.053073
