0 0.771593 0.252159 0.026871 0.048359
0 0.520154 0.127807 0.011516 0.029361
0 0.896353 0.196891 0.017274 0.036269
0 0.675624 0.271157 0.025912 0.056995
0 0.175624 0.461140 0.045106 0.086356
0 0.783109 0.150259 0.013436 0.031088
0 0.667946 0.189983 0.019194 0.037997
0 0.530710 0.215889 0.023033 0.043178
0 0.572937 0.131261 0.012476 0.025907
0 0.615163 0.136442 0.018234 0.032815
0 0.537428 0.143351 0.013436 0.027634
0 0.655470 0.110535 0.016315 0.037997
0 0.695777 0.189983 0.022073 0.041451
0 0.941459 0.196891 0.012476 0.036269
0 0.576775 0.176166 0.020154 0.043178
0 0.412668 0.207254 0.025912 0.053541
0 0.346449 0.189983 0.017274 0.039724
0 0.711132 0.117444 0.013436 0.025907
0 0.295585 0.243523 0.024952 0.048359
0 0.917466 0.397237 0.026871 0.056995
0 0.856046 0.196891 0.015355 0.034542
0 0.739923 0.278066 0.023992 0.058722
0 0.750480 0.260794 0.018234 0.041451
0 0.710173 0.167530 0.019194 0.036269
0 0.738964 0.202073 0.020154 0.039724
0 0.925144 0.290155 0.024952 0.055268
0 0.508637 0.195164 0.018234 0.037997
0 0.673704 0.107081 0.014395 0.031088
0 0.389635 0.169257 0.014395 0.029361
0 0.581574 0.122625 0.010557 0.022453
0 0.342610 0.226252 0.021113 0.043178
0 0.438580 0.145078 0.014395 0.022453
0 0.760077 0.183074 0.017274 0.027634
0 0.398273 0.221071 0.018234 0.036269
0 0.934741 0.172712 0.013436 0.031088
0 0.376200 0.200345 0.015355 0.027634
0 0.612284 0.250432 0.022073 0.048359
0 0.606526 0.108808 0.013436 0.029361
0 0.512476 0.169257 0.016315 0.027634
0 0.545106 0.145078 0.010557 0.022453
0 0.816699 0.124352 0.012476 0.025907
0 0.497121 0.131261 0.011516 0.024180
0 0.438580 0.176166 0.014395 0.029361
0 0.844530 0.233161 0.020154 0.034542
0 0.558541 0.139896 0.013436 0.025907
0 0.848369 0.151986 0.012476 0.025907
0 0.678503 0.229706 0.023992 0.041451
0 0.623800 0.214162 0.020154 0.036269
0 0.794626 0.160622 0.013436 0.029361
0 0.561420 0.303972 0.027831 0.053541
0 0.868522 0.172712 0.017274 0.036269
0 0.879079 0.257340 0.021113 0.062176
0 0.448177 0.198618 0.021113 0.043178
0 0.269674 0.226252 0.019194 0.032815
0 0.807102 0.151986 0.016315 0.036269
0 0.636276 0.103627 0.012476 0.024180
0 0.478887 0.153713 0.017274 0.036269
0 0.832054 0.162349 0.014395 0.032815
0 0.921305 0.246978 0.023033 0.041451
0 0.838772 0.208981 0.018234 0.036269
0 0.612284 0.160622 0.016315 0.037997
0 0.567179 0.260794 0.024952 0.051813
0 0.623800 0.120898 0.015355 0.031088
0 0.904990 0.157168 0.013436 0.032815
0 0.880998 0.162349 0.016315 0.031088
0 0.686180 0.115717 0.012476 0.029361
0 0.710173 0.238342 0.020154 0.044905
0 0.485605 0.141623 0.012476 0.024180
0 0.824376 0.364421 0.027831 0.048359
0 0.769674 0.126079 0.015355 0.031088
0 0.365643 0.193437 0.014395 0.036269
