0 0.910899 0.290323 0.012729 0.026393
0 0.420843 0.288856 0.015115 0.030792
0 0.813047 0.548387 0.035800 0.076246
0 0.634049 0.340176 0.019093 0.046921
0 0.728719 0.277126 0.012729 0.038123
0 0.591885 0.227273 0.014320 0.032258
0 0.824980 0.456012 0.032617 0.065982
0 0.460621 0.312317 0.016706 0.038123
0 0.559268 0.247801 0.015911 0.032258
0 0.394590 0.282991 0.015115 0.035191
0 0.333333 0.366569 0.028640 0.063050
0 0.870326 0.294721 0.015911 0.039589
0 0.503580 0.288856 0.018298 0.038123
0 0.889419 0.406158 0.023071 0.063050
0 0.754972 0.266862 0.012729 0.035191
0 0.822593 0.316716 0.016706 0.041056
0 0.418457 0.266862 0.014320 0.030792
0 0.789181 0.249267 0.015115 0.039589
0 0.404137 0.304985 0.015911 0.038123
0 0.900557 0.329912 0.014320 0.033724
0 0.654733 0.233138 0.012729 0.029326
0 0.525060 0.260997 0.015911 0.036657
0 0.400159 0.351906 0.023071 0.049853
0 0.762132 0.234604 0.014320 0.033724
0 0.449483 0.250733 0.011933 0.035191
0 0.643596 0.373900 0.026253 0.061584
0 0.652347 0.463343 0.034208 0.068915
0 0.743835 0.258065 0.011933 0.023460
0 0.722355 0.412023 0.026253 0.058651
0 0.540971 0.233138 0.015911 0.029326
0 0.031822 0.420821 0.023866 0.055718
0 0.902148 0.363636 0.016706 0.041056
0 0.724741 0.228739 0.013524 0.029326
0 0.638823 0.237537 0.010342 0.024927
0 0.686555 0.258065 0.017502 0.035191
0 0.790772 0.375367 0.026253 0.057185
0 0.675418 0.359238 0.023071 0.058651
0 0.854415 0.366569 0.024662 0.052786
0 0.700080 0.519062 0.038186 0.086510
0 0.583930 0.335777 0.023866 0.048387
0 0.622912 0.230205 0.011933 0.029326
0 0.619730 0.312317 0.019093 0.042522
0 0.598250 0.384164 0.025457 0.052786
0 0.532220 0.416422 0.027844 0.061584
0 0.529833 0.375367 0.023866 0.048387
0 0.628481 0.255132 0.015911 0.035191
0 0.257757 0.356305 0.023071 0.051320
0 0.506762 0.249267 0.015911 0.035191
0 0.832936 0.416422 0.024662 0.054252
0 0.832936 0.291789 0.015911 0.033724
0 0.850438 0.322581 0.017502 0.041056
0 0.837709 0.269795 0.012729 0.027859
0 0.610979 0.221408 0.012729 0.029326
0 0.381862 0.266862 0.014320 0.041056
0 0.558473 0.227273 0.013524 0.027859
0 0.747017 0.287390 0.016706 0.035191
0 0.510740 0.324047 0.017502 0.041056
0 0.591090 0.253666 0.015911 0.039589
0 0.792363 0.310850 0.017502 0.038123
0 0.281623 0.315249 0.019889 0.036657
0 0.656325 0.281525 0.016706 0.038123
0 0.232299 0.343109 0.019889 0.041056
0 0.460621 0.240469 0.011933 0.029326
0 0.549722 0.294721 0.022275 0.042522
0 0.463007 0.266862 0.015911 0.032258
0 0.599841 0.212610 0.012729 0.033724
0 0.351631 0.297654 0.019093 0.039589
0 0.888624 0.473607 0.035004 0.073314
0 0.490056 0.404692 0.032617 0.070381
0 0.705648 0.299120 0.019093 0.039589
0 0.446301 0.348974 0.024662 0.045455
0 0.849642 0.252199 0.012729 0.033724
0 0.490056 0.271261 0.016706 0.035191
0 0.642005 0.219941 0.012729 0.024927
0 0.596659 0.441349 0.036595 0.071848
0 0.373906 0.357771 0.019889 0.035191
0 0.908512 0.321114 0.011933 0.033724
0 0.669849 0.234604 0.014320 0.032258
0 0.285601 0.375367 0.020684 0.048387
0 0.366746 0.331378 0.017502 0.032258
0 0.714399 0.255132 0.013524 0.032258
