0 0.232500 0.327407 0.055833 0.102222
0 0.086667 0.493333 0.089167 0.155556
0 0.490000 0.266667 0.030000 0.063704
0 0.885000 0.271111 0.037500 0.066667
0 0.376667 0.300741 0.041667 0.081481
0 0.639167 0.309630 0.042500 0.066667
0 0.341667 0.312593 0.067500 0.136296
0 0.693333 0.266667 0.031667 0.072593
0 0.735833 0.260741 0.027500 0.056296
0 0.812500 0.388148 0.061667 0.091852
0 0.530000 0.315556 0.051667 0.097778
0 0.697500 0.417778 0.073333 0.120000
0 0.854167 0.330370 0.051667 0.093333
0 0.484167 0.669630 0.138333 0.325926
0 0.602500 0.251852 0.025833 0.053333
0 0.876667 0.340741 0.025833 0.065185
