0 0.869028 0.315425 0.018122 0.053726
0 0.477759 0.159445 0.016474 0.043328
0 0.590610 0.384749 0.024712 0.064125
0 0.509885 0.173310 0.018122 0.048527
0 0.689456 0.133449 0.012356 0.031196
0 0.813839 0.228769 0.014827 0.043328
0 0.214168 0.280763 0.018122 0.055459
0 0.422570 0.325823 0.025535 0.048527
0 0.906096 0.237435 0.014827 0.041594
0 0.519769 0.230503 0.017298 0.046794
0 0.934926 0.280763 0.014003 0.031196
0 0.770181 0.183709 0.014827 0.031196
0 0.971170 0.325823 0.014003 0.046794
0 0.378913 0.192374 0.018122 0.045061
0 0.623558 0.126516 0.013180 0.034662
0 0.385502 0.240901 0.013180 0.046794
0 0.541186 0.136915 0.010708 0.027730
0 0.706755 0.213172 0.013180 0.036395
0 0.806425 0.187175 0.011532 0.038128
0 0.744646 0.298094 0.014827 0.045061
0 0.422570 0.194107 0.013180 0.032929
0 0.976936 0.379549 0.015651 0.057192
0 0.947282 0.388215 0.022241 0.065858
0 0.657331 0.410745 0.025535 0.051993
0 0.982702 0.259965 0.013180 0.046794
0 0.866557 0.232236 0.011532 0.034662
0 0.977759 0.308492 0.011532 0.034662
0 0.811367 0.306759 0.015651 0.051993
0 0.949753 0.244367 0.014827 0.041594
0 0.652389 0.126516 0.013180 0.039861
0 0.880560 0.438475 0.021417 0.058925
0 0.827018 0.214905 0.012356 0.041594
0 0.353377 0.194107 0.019769 0.043328
0 0.614498 0.199307 0.014827 0.039861
0 0.314662 0.232236 0.018946 0.043328
0 0.794893 0.452340 0.026359 0.084922
0 0.707578 0.152513 0.012356 0.038128
0 0.716639 0.265165 0.017298 0.046794
0 0.890445 0.280763 0.016474 0.043328
0 0.590610 0.119584 0.012356 0.034662
0 0.735585 0.233969 0.018946 0.051993
0 0.549423 0.162912 0.013180 0.038128
0 0.650741 0.181976 0.014003 0.025997
0 0.448929 0.162912 0.012356 0.036395
0 0.289951 0.246101 0.018946 0.046794
0 0.792422 0.263432 0.018122 0.034662
0 0.253707 0.242634 0.020593 0.041594
0 0.458814 0.251300 0.018946 0.053726
0 0.681219 0.159445 0.013180 0.038128
0 0.598023 0.292894 0.020593 0.060659
0 0.648270 0.270364 0.018122 0.050260
0 0.775947 0.214905 0.015651 0.034662
0 0.567545 0.201040 0.014003 0.043328
0 0.295717 0.209705 0.016474 0.045061
0 0.411038 0.168111 0.011532 0.029463
0 0.184514 0.305026 0.023064 0.041594
0 0.749588 0.194107 0.009885 0.032929
0 0.719110 0.407279 0.025535 0.064125
0 0.543657 0.370884 0.020593 0.057192
0 0.931631 0.344887 0.017298 0.048527
0 0.900329 0.261698 0.013180 0.034662
0 0.642504 0.150780 0.011532 0.031196
0 0.476936 0.211438 0.015651 0.045061
0 0.600494 0.157712 0.015651 0.038128
0 0.855025 0.343154 0.018122 0.050260
0 0.333608 0.216638 0.014827 0.048527
0 0.878913 0.507799 0.027183 0.071057
0 0.959638 0.473137 0.024712 0.067591
