0 0.475073 0.230903 0.020528 0.041667
0 0.790811 0.166667 0.016618 0.031250
0 0.843597 0.223958 0.017595 0.043403
0 0.659824 0.104167 0.014663 0.029514
0 0.977517 0.149306 0.015640 0.036458
0 0.727273 0.142361 0.013685 0.032986
0 0.390029 0.230903 0.024438 0.046875
0 0.708700 0.185764 0.021505 0.039931
0 0.250244 0.227431 0.019550 0.045139
0 0.406647 0.190972 0.016618 0.032986
0 0.524927 0.151042 0.016618 0.029514
0 0.600196 0.125000 0.015640 0.031250
0 0.631476 0.133681 0.014663 0.027778
0 0.615836 0.329861 0.026393 0.057292
0 0.548387 0.123264 0.014663 0.024306
0 0.483871 0.204861 0.018573 0.034722
0 0.787879 0.222222 0.018573 0.045139
0 0.460411 0.208333 0.019550 0.039931
0 0.686217 0.114583 0.018573 0.029514
0 0.481916 0.119792 0.014663 0.026042
0 0.679374 0.067708 0.010753 0.020833
0 0.526882 0.097222 0.012708 0.027778
0 0.586510 0.104167 0.016618 0.031250
0 0.949169 0.171875 0.020528 0.050347
0 0.801564 0.263889 0.026393 0.053819
0 0.965787 0.388889 0.039101 0.086806
0 0.607038 0.255208 0.025415 0.053819
0 0.412512 0.131944 0.016618 0.029514
0 0.564027 0.168403 0.017595 0.034722
0 0.550342 0.194444 0.023460 0.043403
0 0.707722 0.112847 0.013685 0.020833
0 0.442815 0.255208 0.024438 0.045139
0 0.564027 0.097222 0.016618 0.032986
0 0.424242 0.204861 0.015640 0.041667
0 0.559140 0.274306 0.025415 0.053819
0 0.967742 0.295139 0.032258 0.078125
0 0.387097 0.088542 0.022483 0.032986
0 0.864125 0.102431 0.016618 0.034722
0 0.604106 0.100694 0.011730 0.022569
0 0.827957 0.164931 0.016618 0.032986
0 0.482893 0.083333 0.015640 0.029514
0 0.824047 0.105903 0.019550 0.043403
0 0.768328 0.116319 0.016618 0.036458
0 0.675464 0.187500 0.020528 0.039931
0 0.566960 0.130208 0.012708 0.024306
0 0.614858 0.218750 0.018573 0.034722
0 0.422287 0.107639 0.015640 0.029514
0 0.744868 0.197917 0.027370 0.057292
0 0.383187 0.192708 0.018573 0.034722
0 0.462366 0.133681 0.021505 0.036458
0 0.937439 0.199653 0.028348 0.065972
0 0.505376 0.173611 0.018573 0.039931
0 0.652004 0.142361 0.012708 0.029514
0 0.451613 0.111111 0.020528 0.036458
0 0.645161 0.201389 0.022483 0.041667
0 0.966764 0.128472 0.014663 0.036458
0 0.912023 0.145833 0.017595 0.039931
0 0.888563 0.192708 0.026393 0.055556
0 0.385142 0.126736 0.017595 0.032986
0 0.858260 0.180556 0.020528 0.038194
0 0.744868 0.105903 0.015640 0.029514
