0 0.646667 0.292818 0.018333 0.038674
0 0.683333 0.276243 0.020000 0.035912
0 0.630000 0.328729 0.023333 0.046961
0 0.350000 0.328729 0.020000 0.041436
0 0.093333 0.381215 0.043333 0.099448
0 0.405000 0.331492 0.023333 0.049724
0 0.711667 0.334254 0.031667 0.069061
0 0.530000 0.334254 0.020000 0.041436
0 0.910000 0.356354 0.028333 0.074586
0 0.541667 0.323204 0.021667 0.038674
0 0.475000 0.337017 0.021667 0.038674
0 0.605000 0.320442 0.021667 0.046961
0 0.578333 0.339779 0.031667 0.066298
0 0.365000 0.348066 0.026667 0.055249
0 0.733333 0.323204 0.020000 0.041436
0 0.636667 0.632597 0.136667 0.262431
0 0.240000 0.372928 0.045000 0.080110
0 0.056667 0.406077 0.056667 0.091160
0 0.385000 0.345304 0.025000 0.058011
0 0.318333 0.348066 0.028333 0.052486
0 0.846667 0.364641 0.023333 0.060773
0 0.696667 0.270718 0.025000 0.044199
0 0.810000 0.400552 0.061667 0.088398
0 0.878333 0.356354 0.046667 0.107735
0 0.925000 0.364641 0.026667 0.063536
0 0.511667 0.314917 0.021667 0.049724
0 0.546667 0.395028 0.058333 0.104972
0 0.810000 0.334254 0.031667 0.066298
0 0.181667 0.350829 0.030000 0.058011
0 0.495000 0.323204 0.020000 0.049724
0 0.443333 0.339779 0.036667 0.071823
0 0.615000 0.455801 0.088333 0.151934
0 0.148333 0.378453 0.043333 0.080110
0 0.795000 0.486188 0.093333 0.168508
0 0.731667 0.386740 0.043333 0.085635
0 0.198333 0.486188 0.121667 0.215470
0 0.506667 0.348066 0.025000 0.055249
0 0.405000 0.458564 0.085000 0.146409
0 0.281667 0.353591 0.030000 0.063536
