0 0.644162 0.165963 0.017474 0.042194
0 0.511517 0.126582 0.013503 0.022504
0 0.579031 0.147679 0.012708 0.037975
0 0.749801 0.216596 0.019063 0.039381
0 0.748213 0.161744 0.018268 0.033755
0 0.263701 0.258790 0.011120 0.025316
0 0.772041 0.209564 0.018268 0.032349
0 0.814932 0.153305 0.015091 0.033755
0 0.637808 0.115331 0.014297 0.025316
0 0.868149 0.215190 0.015091 0.042194
0 0.831612 0.144866 0.012708 0.030942
0 0.783161 0.284107 0.025417 0.054852
0 0.857824 0.142053 0.015886 0.035162
0 0.291501 0.263010 0.018268 0.035162
0 0.797458 0.139241 0.014297 0.032349
0 0.416998 0.175809 0.014297 0.029536
0 0.274027 0.257384 0.015091 0.030942
0 0.439237 0.153305 0.013503 0.026723
0 0.509929 0.144866 0.015886 0.029536
0 0.373312 0.257384 0.018268 0.042194
0 0.309770 0.278481 0.013503 0.033755
0 0.728356 0.187060 0.021446 0.039381
0 0.899921 0.264416 0.020651 0.052039
0 0.566322 0.257384 0.025417 0.057665
0 0.823670 0.226442 0.019063 0.045007
0 0.799047 0.175809 0.016680 0.037975
0 0.683082 0.154712 0.013503 0.032349
0 0.647339 0.261603 0.023828 0.054852
0 0.530580 0.308017 0.029388 0.054852
0 0.853058 0.223629 0.019857 0.050633
0 0.872915 0.192686 0.015886 0.040788
0 0.402701 0.189873 0.015886 0.033755
0 0.712470 0.216596 0.020651 0.037975
0 0.470214 0.196906 0.011914 0.033755
0 0.559968 0.133615 0.013503 0.030942
0 0.602859 0.215190 0.022240 0.047820
0 0.737093 0.143460 0.013503 0.035162
0 0.448769 0.168776 0.015886 0.029536
0 0.550437 0.158931 0.012708 0.028129
0 0.566322 0.164557 0.016680 0.039381
0 0.835584 0.187060 0.015886 0.040788
0 0.461477 0.227848 0.021446 0.046414
0 0.536140 0.185654 0.016680 0.036568
0 0.501191 0.189873 0.017474 0.035162
0 0.814138 0.209564 0.015091 0.036568
0 0.203336 0.447257 0.045274 0.084388
0 0.715647 0.154712 0.016680 0.036568
0 0.338364 0.212377 0.015886 0.035162
0 0.391581 0.278481 0.021446 0.046414
0 0.579825 0.108298 0.011914 0.025316
0 0.455917 0.143460 0.013503 0.028129
0 0.437649 0.215190 0.016680 0.037975
0 0.492454 0.313643 0.027006 0.047820
0 0.393169 0.225035 0.019857 0.037975
0 0.781573 0.154712 0.011914 0.035162
0 0.479746 0.137834 0.013503 0.029536
0 0.656871 0.113924 0.014297 0.028129
0 0.717236 0.291139 0.021446 0.061885
0 0.758539 0.130802 0.014297 0.029536
0 0.694202 0.313643 0.032566 0.077356
0 0.752184 0.338959 0.028594 0.073136
0 0.603654 0.119550 0.011914 0.026723
0 0.486894 0.127989 0.009531 0.022504
