0 0.392027 0.464789 0.144518 0.218310
0 0.171096 0.284038 0.049834 0.093897
0 0.926910 0.363850 0.086379 0.124413
0 0.313953 0.269953 0.038206 0.072770
0 0.284053 0.276995 0.041528 0.063380
0 0.843854 0.251174 0.043189 0.077465
0 0.789037 0.227700 0.039867 0.056338
0 0.519934 0.255869 0.039867 0.068075
0 0.287375 0.326291 0.059801 0.103286
0 0.888704 0.293427 0.053156 0.086854
0 0.729236 0.262911 0.039867 0.068075
0 0.411960 0.305164 0.059801 0.089202
0 0.549834 0.272300 0.043189 0.077465
0 0.099668 0.342723 0.099668 0.164319
0 0.504983 0.323944 0.074751 0.124413
0 0.661130 0.319249 0.073090 0.110329
0 0.212625 0.265258 0.038206 0.077465
0 0.696013 0.288732 0.038206 0.093897
0 0.428571 0.260563 0.044850 0.063380
0 0.664452 0.260563 0.039867 0.065728
0 0.787375 0.279343 0.051495 0.089202
