0 0.700465 0.144279 0.016744 0.028192
0 0.555349 0.145937 0.011163 0.028192
0 0.648372 0.179104 0.018605 0.036484
0 0.543256 0.195688 0.014884 0.039801
0 0.840000 0.185738 0.019535 0.034826
0 0.701395 0.285240 0.028837 0.056385
0 0.308837 0.225539 0.016744 0.026534
0 0.253023 0.281924 0.021395 0.031509
0 0.398140 0.296849 0.020465 0.043118
0 0.546977 0.139303 0.012093 0.028192
0 0.572093 0.157546 0.014884 0.029851
0 0.763721 0.157546 0.016744 0.028192
0 0.477209 0.194030 0.015814 0.029851
0 0.370233 0.213930 0.015814 0.033167
0 0.606512 0.112769 0.014884 0.024876
0 0.635349 0.104478 0.013023 0.028192
0 0.865116 0.213930 0.020465 0.039801
0 0.884651 0.175788 0.014884 0.033167
0 0.601860 0.255390 0.024186 0.043118
0 0.454884 0.218905 0.015814 0.038143
0 0.520930 0.137645 0.017674 0.031509
0 0.450233 0.149254 0.015814 0.029851
0 0.791628 0.135987 0.015814 0.033167
0 0.742326 0.119403 0.014884 0.024876
0 0.506047 0.175788 0.021395 0.038143
0 0.730233 0.122720 0.013953 0.031509
0 0.777674 0.121061 0.012093 0.029851
0 0.342326 0.223881 0.018605 0.031509
0 0.484651 0.132670 0.012093 0.026534
0 0.845581 0.155887 0.013953 0.033167
0 0.697674 0.097844 0.012093 0.031509
0 0.440000 0.194030 0.018605 0.029851
0 0.865116 0.127695 0.015814 0.031509
0 0.745116 0.185738 0.016744 0.036484
0 0.342326 0.275290 0.022326 0.036484
0 0.791628 0.185738 0.016744 0.034826
0 0.560930 0.112769 0.014884 0.024876
0 0.914419 0.288557 0.024186 0.053068
0 0.723721 0.165837 0.015814 0.034826
0 0.771163 0.293532 0.025116 0.058043
0 0.481860 0.227197 0.017674 0.039801
0 0.754419 0.250415 0.020465 0.048093
0 0.826977 0.139303 0.013953 0.036484
0 0.580465 0.131012 0.014884 0.026534
0 0.815814 0.126036 0.013023 0.033167
0 0.701395 0.179104 0.019535 0.039801
0 0.481860 0.298507 0.026047 0.043118
0 0.423256 0.185738 0.015814 0.036484
0 0.696744 0.213930 0.022326 0.049751
0 0.676279 0.152570 0.019535 0.038143
0 0.315349 0.253731 0.018605 0.038143
0 0.558140 0.293532 0.025116 0.051410
0 0.471628 0.149254 0.012093 0.023217
0 0.381395 0.199005 0.017674 0.023217
0 0.058605 0.411277 0.035349 0.081260
0 0.427907 0.167496 0.014884 0.024876
0 0.931163 0.164179 0.014884 0.036484
0 0.383256 0.212272 0.015814 0.033167
0 0.308837 0.283582 0.017674 0.039801
0 0.741395 0.140962 0.015814 0.031509
0 0.893953 0.135987 0.013023 0.031509
0 0.535814 0.162521 0.015814 0.036484
0 0.618605 0.099502 0.010233 0.021559
0 0.760930 0.127695 0.013953 0.026534
0 0.601860 0.099502 0.015814 0.028192
0 0.453023 0.169154 0.013953 0.036484
0 0.813023 0.162521 0.012093 0.034826
0 0.653953 0.255390 0.025116 0.049751
0 0.476279 0.164179 0.017674 0.028192
0 0.516279 0.155887 0.016744 0.024876
0 0.563721 0.169154 0.015814 0.038143
0 0.862326 0.162521 0.015814 0.034826
0 0.620465 0.142620 0.016744 0.029851
0 0.575814 0.368159 0.028837 0.053068
0 0.922791 0.157546 0.012093 0.023217
0 0.572093 0.245439 0.025116 0.039801
0 0.673488 0.328358 0.031628 0.058043
0 0.657674 0.205638 0.018605 0.038143
