0 0.644531 0.446615 0.030273 0.049479
0 0.907227 0.481771 0.039062 0.059896
0 0.125000 0.468750 0.039062 0.052083
0 0.365234 0.447917 0.030273 0.049479
0 0.286133 0.462240 0.029297 0.035156
0 0.562500 0.492188 0.046875 0.071615
0 0.559570 0.436198 0.028320 0.042969
0 0.067383 0.468750 0.038086 0.046875
0 0.433594 0.649740 0.093750 0.126302
0 0.737305 0.442708 0.027344 0.046875
0 0.348633 0.520833 0.048828 0.087240
0 0.015625 0.509115 0.030273 0.079427
0 0.811523 0.437500 0.027344 0.037760
0 0.098633 0.459635 0.026367 0.036458
0 0.844727 0.638021 0.099609 0.117188
0 0.977539 0.497396 0.044922 0.075521
0 0.167969 0.424479 0.027344 0.041667
0 0.573242 0.451823 0.035156 0.040365
0 0.129883 0.649740 0.107422 0.162760
0 0.259766 0.454427 0.042969 0.070312
0 0.793945 0.466146 0.035156 0.046875
0 0.670898 0.494792 0.048828 0.074219
