0 0.512500 0.667593 0.017361 0.024074
0 0.363194 0.650000 0.020139 0.021296
0 0.986806 0.725926 0.021528 0.046296
0 0.497222 0.675926 0.018056 0.027778
0 0.058333 0.700000 0.024306 0.035185
0 0.362500 0.670370 0.020833 0.026852
0 0.323611 0.637963 0.018056 0.025926
0 0.327083 0.702778 0.018750 0.029630
0 0.217361 0.804630 0.068750 0.104630
0 0.218750 0.700000 0.027083 0.047222
0 0.300694 0.692593 0.022917 0.036111
0 0.956250 0.719444 0.022222 0.043519
0 0.228472 0.675926 0.023611 0.031481
0 0.109722 0.671296 0.024306 0.032407
0 0.622917 0.690741 0.024306 0.034259
0 0.606944 0.718519 0.029167 0.039815
0 0.815278 0.666667 0.020139 0.037963
0 0.581944 0.926852 0.076389 0.068519
0 0.347222 0.720370 0.030556 0.037037
0 0.625000 0.595370 0.018056 0.023148
0 0.510417 0.805556 0.057639 0.075926
0 0.338889 0.660185 0.020833 0.032407
0 0.972222 0.701852 0.029167 0.045370
0 0.447222 0.697222 0.023611 0.032407
0 0.040972 0.711111 0.025000 0.034259
0 0.190278 0.675000 0.022222 0.038889
0 0.790278 0.724074 0.027083 0.034259
0 0.738194 0.712963 0.022917 0.027778
0 0.395139 0.777778 0.049306 0.067593
0 0.305556 0.672222 0.020833 0.025000
0 0.102778 0.908333 0.075694 0.102778
0 0.565278 0.825926 0.055556 0.094444
0 0.884028 0.784259 0.045139 0.053704
0 0.932639 0.857407 0.064583 0.075926
0 0.247222 0.672222 0.017361 0.032407
0 0.573611 0.703704 0.035417 0.050000
0 0.136806 0.821296 0.065972 0.064815
0 0.657639 0.890741 0.107639 0.150000
0 0.159722 0.698148 0.029167 0.037037
0 0.725694 0.702778 0.021528 0.030556
0 0.797917 0.700926 0.024306 0.034259
0 0.887500 0.691667 0.031944 0.045370
0 0.827083 0.684259 0.019444 0.040741
0 0.857639 0.675000 0.015972 0.031481
0 0.156250 0.672222 0.020833 0.027778
0 0.743056 0.687037 0.016667 0.026852
0 0.115972 0.709259 0.030556 0.030556
0 0.259722 0.687037 0.020139 0.030556
0 0.691667 0.807407 0.048611 0.070370
0 0.751389 0.815741 0.058333 0.080556
0 0.847222 0.821296 0.040972 0.050000
0 0.506944 0.710185 0.030556 0.041667
0 0.648611 0.775926 0.044444 0.057407
0 0.386111 0.700926 0.027778 0.043519
0 0.159028 0.775000 0.055556 0.071296
0 0.431944 0.720370 0.034028 0.035185
0 0.361806 0.891667 0.067361 0.100000
0 0.786111 0.928704 0.074306 0.078704
0 0.700000 0.720370 0.034722 0.037037
0 0.364583 0.812037 0.054167 0.076852
0 0.765278 0.708333 0.020833 0.031481
0 0.296528 0.778704 0.043056 0.053704
0 0.790972 0.782407 0.038889 0.064815
0 0.084028 0.690741 0.025694 0.033333
