0 0.480614 0.138418 0.011309 0.026836
0 0.436187 0.177966 0.019386 0.040960
0 0.373990 0.254237 0.019386 0.043785
0 0.885299 0.138418 0.012116 0.028249
0 0.660743 0.097458 0.012924 0.028249
0 0.830372 0.385593 0.037157 0.086158
0 0.847334 0.319209 0.027464 0.063559
0 0.316640 0.234463 0.018578 0.040960
0 0.625202 0.096045 0.013732 0.021186
0 0.622779 0.118644 0.013732 0.032486
0 0.824717 0.146893 0.012924 0.033898
0 0.794830 0.118644 0.014540 0.032486
0 0.854604 0.189266 0.016155 0.039548
0 0.860258 0.240113 0.022617 0.048023
0 0.775444 0.293785 0.025040 0.067797
0 0.351373 0.209040 0.019386 0.038136
0 0.768982 0.238701 0.026656 0.060734
0 0.385299 0.227401 0.020194 0.042373
0 0.598546 0.122881 0.016155 0.036723
0 0.470921 0.161017 0.014540 0.026836
0 0.836834 0.122881 0.011309 0.033898
0 0.595315 0.161017 0.020194 0.033898
0 0.508078 0.149718 0.013732 0.025424
0 0.829564 0.247175 0.017771 0.043785
0 0.907916 0.185028 0.014540 0.031073
0 0.717286 0.146893 0.016963 0.039548
0 0.449111 0.216102 0.019386 0.039548
0 0.851373 0.127119 0.013732 0.029661
0 0.748788 0.132768 0.013732 0.031073
0 0.869144 0.162429 0.016155 0.031073
0 0.611470 0.322034 0.032310 0.067797
0 0.663974 0.125706 0.013732 0.032486
0 0.293215 0.268362 0.022617 0.046610
0 0.951535 0.289548 0.024233 0.046610
0 0.516963 0.163842 0.019386 0.033898
0 0.631664 0.138418 0.016963 0.036723
0 0.911955 0.159605 0.016155 0.033898
0 0.788368 0.207627 0.019386 0.042373
0 0.626817 0.213277 0.024233 0.043785
0 0.357835 0.225989 0.018578 0.032486
0 0.409532 0.283898 0.021809 0.043785
0 0.815024 0.111582 0.015347 0.033898
0 0.690630 0.183616 0.016963 0.033898
0 0.904685 0.432203 0.030695 0.081921
0 0.712439 0.108757 0.015347 0.026836
0 0.923263 0.337571 0.030695 0.073446
0 0.949111 0.149718 0.012924 0.029661
0 0.549273 0.175141 0.018578 0.036723
0 0.892569 0.218927 0.019386 0.043785
0 0.514540 0.134181 0.015347 0.026836
0 0.680937 0.121469 0.011309 0.031073
0 0.572698 0.118644 0.016155 0.028249
0 0.525848 0.142655 0.012924 0.031073
0 0.568659 0.139831 0.016155 0.031073
0 0.415186 0.194915 0.016963 0.036723
0 0.458805 0.190678 0.016963 0.038136
0 0.682553 0.279661 0.022617 0.062147
0 0.724556 0.224576 0.024233 0.056497
0 0.689822 0.218927 0.017771 0.049435
0 0.569467 0.237288 0.025040 0.053672
0 0.588045 0.145480 0.014540 0.031073
0 0.405493 0.223164 0.017771 0.032486
0 0.677706 0.097458 0.015347 0.025424
0 0.795638 0.155367 0.016155 0.035311
0 0.626010 0.244350 0.023425 0.053672
0 0.644588 0.122881 0.012116 0.031073
0 0.933764 0.237288 0.019386 0.045198
0 0.818255 0.173729 0.013732 0.033898
0 0.551696 0.283898 0.033926 0.063559
0 0.546042 0.131356 0.013732 0.026836
0 0.492730 0.223164 0.021002 0.042373
0 0.924879 0.137006 0.013732 0.036723
0 0.740711 0.187853 0.021809 0.045198
0 0.065428 0.430791 0.039580 0.070621
0 0.871567 0.134181 0.013732 0.031073
0 0.471729 0.142655 0.013732 0.025424
0 0.400646 0.265537 0.018578 0.038136
0 0.332795 0.265537 0.019386 0.042373
0 0.775444 0.144068 0.016155 0.040960
