0 0.644528 0.139303 0.015903 0.033167
0 0.437792 0.195688 0.015903 0.033167
0 0.621141 0.114428 0.013096 0.033167
0 0.758653 0.237148 0.025257 0.059701
0 0.882133 0.164179 0.013096 0.033167
0 0.614593 0.119403 0.014032 0.031509
0 0.566885 0.124378 0.014967 0.024876
0 0.414406 0.257048 0.022451 0.043118
0 0.827877 0.210614 0.020580 0.043118
0 0.527596 0.157546 0.014967 0.026534
0 0.571562 0.167496 0.017774 0.034826
0 0.478952 0.223881 0.022451 0.038143
0 0.388213 0.260365 0.021515 0.041459
0 0.628625 0.243781 0.022451 0.053068
0 0.774556 0.280265 0.024322 0.053068
0 0.590271 0.119403 0.014032 0.028192
0 0.619270 0.197347 0.017774 0.041459
0 0.589336 0.149254 0.014032 0.029851
0 0.669785 0.122720 0.014967 0.028192
0 0.706268 0.210614 0.019645 0.044776
0 0.834425 0.149254 0.012161 0.033167
0 0.475210 0.167496 0.016838 0.031509
0 0.858746 0.260365 0.021515 0.058043
0 0.769878 0.162521 0.017774 0.034826
0 0.846586 0.315091 0.025257 0.063018
0 0.554724 0.155887 0.014967 0.031509
0 0.856876 0.157546 0.014967 0.033167
0 0.664172 0.212272 0.022451 0.048093
0 0.919551 0.238806 0.018709 0.039801
0 0.736202 0.162521 0.016838 0.033167
0 0.408793 0.177446 0.015903 0.028192
0 0.732460 0.190713 0.023386 0.041459
0 0.894294 0.205638 0.016838 0.041459
0 0.388213 0.223881 0.016838 0.034826
0 0.449018 0.223881 0.021515 0.039801
0 0.782039 0.195688 0.017774 0.041459
0 0.529467 0.202322 0.017774 0.041459
0 0.842844 0.174129 0.018709 0.039801
0 0.324602 0.271973 0.022451 0.034826
0 0.746492 0.114428 0.011225 0.028192
0 0.722170 0.291874 0.026193 0.054726
0 0.788587 0.147595 0.014032 0.031509
0 0.550982 0.245439 0.022451 0.054726
0 0.666978 0.180763 0.019645 0.043118
0 0.340505 0.208955 0.019645 0.031509
0 0.512629 0.195688 0.013096 0.036484
0 0.609916 0.155887 0.015903 0.033167
0 0.488307 0.190713 0.014967 0.034826
0 0.618335 0.325041 0.034612 0.054726
0 0.366698 0.213930 0.016838 0.033167
0 0.765201 0.124378 0.014032 0.028192
0 0.918616 0.266998 0.017774 0.053068
0 0.809167 0.167496 0.017774 0.031509
0 0.201123 0.437811 0.054256 0.099502
0 0.377923 0.182421 0.017774 0.033167
0 0.505145 0.145937 0.013096 0.023217
0 0.360150 0.257048 0.024322 0.043118
0 0.304958 0.248756 0.016838 0.026534
0 0.682881 0.250415 0.022451 0.046434
0 0.494855 0.134328 0.013096 0.024876
0 0.711880 0.152570 0.017774 0.033167
0 0.448082 0.155887 0.015903 0.028192
0 0.295603 0.263682 0.021515 0.039801
0 0.543499 0.315091 0.031805 0.059701
0 0.495790 0.295191 0.024322 0.051410
0 0.263798 0.263682 0.021515 0.033167
0 0.699719 0.179104 0.014967 0.039801
0 0.698784 0.147595 0.015903 0.031509
0 0.568756 0.145937 0.012161 0.023217
0 0.641721 0.114428 0.013096 0.028192
0 0.905519 0.185738 0.014032 0.034826
0 0.756782 0.137645 0.015903 0.029851
