0 0.661905 0.261667 0.025714 0.051667
0 0.454286 0.188333 0.020952 0.038333
0 0.695238 0.150000 0.021905 0.038333
0 0.553333 0.153333 0.019048 0.031667
0 0.378095 0.256667 0.020952 0.048333
0 0.541905 0.201667 0.018095 0.035000
0 0.416190 0.238333 0.017143 0.036667
0 0.467619 0.151667 0.012381 0.023333
0 0.715238 0.133333 0.020000 0.035000
0 0.316190 0.285000 0.017143 0.028333
0 0.500952 0.155000 0.018095 0.031667
0 0.257143 0.433333 0.047619 0.096667
0 0.787619 0.270000 0.029524 0.061667
0 0.480952 0.193333 0.020952 0.040000
0 0.482857 0.321667 0.032381 0.060000
0 0.871429 0.215000 0.022857 0.046667
0 0.750476 0.133333 0.018095 0.033333
0 0.763810 0.170000 0.020000 0.040000
0 0.802857 0.190000 0.024762 0.045000
0 0.529524 0.158333 0.017143 0.031667
0 0.537143 0.138333 0.013333 0.025000
0 0.581905 0.153333 0.014286 0.033333
0 0.720952 0.288333 0.033333 0.056667
0 0.198095 0.458333 0.052381 0.101667
0 0.446667 0.228333 0.023810 0.043333
0 0.473333 0.086667 0.018095 0.021667
0 0.433333 0.270000 0.023810 0.046667
0 0.731429 0.160000 0.018095 0.035000
