0 0.596667 0.440000 0.020000 0.030000
0 0.675000 0.422500 0.020000 0.037500
0 0.871667 0.507500 0.046667 0.067500
0 0.555000 0.495000 0.025000 0.047500
0 0.516667 0.487500 0.021667 0.050000
0 0.603333 0.490000 0.023333 0.042500
0 0.533333 0.457500 0.018333 0.032500
0 0.863333 0.405000 0.025000 0.050000
0 0.715000 0.497500 0.031667 0.060000
0 0.666667 0.460000 0.025000 0.040000
0 0.556667 0.455000 0.021667 0.037500
0 0.620000 0.450000 0.020000 0.042500
0 0.166667 0.480000 0.120000 0.195000
0 0.811667 0.445000 0.031667 0.055000
0 0.470000 0.485000 0.020000 0.040000
0 0.925000 0.442500 0.041667 0.070000
0 0.725000 0.437500 0.025000 0.042500
0 0.648333 0.487500 0.030000 0.055000
0 0.798333 0.405000 0.020000 0.037500
0 0.778333 0.497500 0.033333 0.057500
