0 0.836004 0.316054 0.026390 0.065217
0 0.296890 0.259197 0.019793 0.035117
0 0.593779 0.120401 0.009425 0.025084
0 0.857681 0.160535 0.015080 0.036789
0 0.894439 0.170569 0.018850 0.041806
0 0.725730 0.165552 0.016965 0.040134
0 0.349670 0.262542 0.023563 0.046823
0 0.749293 0.140468 0.018850 0.035117
0 0.488219 0.135452 0.016965 0.031773
0 0.779453 0.289298 0.028275 0.060201
0 0.477851 0.225753 0.021678 0.038462
0 0.738926 0.197324 0.021678 0.041806
0 0.461828 0.167224 0.016965 0.031773
0 0.830349 0.214047 0.021678 0.051839
0 0.357210 0.219064 0.021678 0.038462
0 0.737041 0.107023 0.016965 0.031773
0 0.615457 0.117057 0.015080 0.025084
0 0.558907 0.117057 0.017908 0.030100
0 0.257304 0.260870 0.023563 0.038462
0 0.570217 0.170569 0.018850 0.036789
0 0.676720 0.244147 0.024505 0.056856
0 0.622055 0.252508 0.023563 0.051839
0 0.900094 0.204013 0.017908 0.041806
0 0.776626 0.232441 0.027333 0.058528
0 0.922714 0.272575 0.019793 0.053512
0 0.717248 0.274247 0.031103 0.063545
0 0.405278 0.269231 0.022620 0.046823
0 0.608860 0.148829 0.015080 0.035117
0 0.365693 0.195652 0.018850 0.035117
0 0.483506 0.311037 0.032045 0.061873
0 0.787936 0.145485 0.017908 0.036789
0 0.537229 0.183946 0.024505 0.041806
0 0.275212 0.265886 0.016965 0.030100
0 0.436381 0.239130 0.022620 0.043478
0 0.664467 0.177258 0.016965 0.040134
0 0.808671 0.130435 0.014138 0.033445
0 0.684260 0.153846 0.018850 0.038462
0 0.385485 0.254181 0.022620 0.048495
0 0.708765 0.155518 0.014138 0.035117
0 0.500471 0.162207 0.016965 0.031773
0 0.688030 0.188963 0.017908 0.040134
0 0.118756 0.454849 0.045240 0.083612
0 0.680490 0.118729 0.013195 0.035117
0 0.584354 0.142140 0.016023 0.030100
0 0.878417 0.275920 0.022620 0.053512
0 0.636192 0.301003 0.034873 0.060201
0 0.585297 0.284281 0.030160 0.058528
0 0.315740 0.229097 0.016023 0.033445
0 0.621112 0.207358 0.022620 0.045151
0 0.580584 0.215719 0.024505 0.051839
0 0.445806 0.192308 0.020735 0.038462
0 0.550424 0.157191 0.015080 0.033445
0 0.383600 0.193980 0.016023 0.031773
0 0.446748 0.157191 0.016023 0.030100
0 0.704995 0.215719 0.019793 0.040134
0 0.767201 0.170569 0.020735 0.043478
0 0.327050 0.272575 0.022620 0.046823
0 0.838831 0.190635 0.016023 0.040134
0 0.644675 0.130435 0.016023 0.028428
0 0.803959 0.163880 0.019793 0.036789
0 0.650330 0.219064 0.023563 0.050167
0 0.930254 0.239130 0.022620 0.048495
0 0.332705 0.225753 0.016023 0.036789
0 0.833176 0.138796 0.016965 0.041806
0 0.400566 0.210702 0.021678 0.045151
