0 0.662779 0.209343 0.025267 0.038062
0 0.756074 0.145329 0.017493 0.031142
0 0.842566 0.311419 0.019436 0.053633
0 0.587949 0.252595 0.027211 0.039792
0 0.357629 0.209343 0.013605 0.024221
0 0.888241 0.282007 0.027211 0.038062
0 0.956268 0.307958 0.022352 0.046713
0 0.852284 0.178201 0.013605 0.032872
0 0.939747 0.361592 0.018465 0.055363
0 0.860058 0.235294 0.021380 0.041522
0 0.559767 0.119377 0.017493 0.029412
0 0.912536 0.219723 0.016521 0.031142
0 0.483965 0.141869 0.017493 0.032872
0 0.383868 0.266436 0.018465 0.046713
0 0.499514 0.237024 0.030126 0.038062
0 0.351798 0.249135 0.023324 0.034602
0 0.781341 0.273356 0.034014 0.057093
0 0.653061 0.254325 0.024295 0.050173
0 0.868805 0.316609 0.026239 0.053633
0 0.684159 0.269896 0.024295 0.041522
0 0.752187 0.285467 0.024295 0.051903
0 0.392614 0.121107 0.018465 0.029412
0 0.956268 0.219723 0.014577 0.038062
0 0.519922 0.128028 0.011662 0.025952
0 0.737609 0.233564 0.016521 0.044983
0 0.558795 0.204152 0.024295 0.036332
0 0.640428 0.138408 0.012634 0.017301
0 0.201166 0.446367 0.039845 0.074394
0 0.528669 0.179931 0.017493 0.034602
0 0.535471 0.126298 0.009718 0.027682
0 0.606414 0.193772 0.021380 0.034602
0 0.457726 0.219723 0.021380 0.039792
0 0.404276 0.195502 0.018465 0.025952
0 0.421769 0.278547 0.023324 0.039792
0 0.867833 0.198962 0.016521 0.031142
