0 0.190000 0.593373 0.040000 0.066265
0 0.320000 0.560241 0.032000 0.051205
0 0.756000 0.590361 0.034000 0.054217
0 0.440000 0.584337 0.038000 0.066265
0 0.340000 0.578313 0.038000 0.066265
0 0.288000 0.578313 0.040000 0.069277
0 0.136000 0.566265 0.034000 0.051205
0 0.236000 0.554217 0.032000 0.048193
0 0.058000 0.593373 0.036000 0.057229
0 0.200000 0.569277 0.030000 0.045181
0 0.782000 0.478916 0.030000 0.063253
0 0.644000 0.578313 0.038000 0.066265
0 0.050000 0.557229 0.030000 0.051205
0 0.504000 0.584337 0.038000 0.060241
0 0.600000 0.581325 0.030000 0.057229
0 0.078000 0.554217 0.026000 0.051205
0 0.400000 0.575301 0.036000 0.072289
0 0.016000 0.593373 0.030000 0.051205
0 0.242000 0.587349 0.032000 0.054217
