0 0.747881 0.112782 0.019068 0.039474
0 0.705508 0.176692 0.015890 0.030075
0 0.481992 0.161654 0.018008 0.046992
0 0.376059 0.118421 0.012712 0.026316
0 0.395127 0.122180 0.012712 0.031955
0 0.549788 0.122180 0.010593 0.026316
0 0.837924 0.178571 0.019068 0.031955
0 0.900424 0.321429 0.030720 0.056391
0 0.936441 0.167293 0.014831 0.048872
0 0.447034 0.144737 0.016949 0.024436
0 0.676907 0.263158 0.019068 0.045113
0 0.420551 0.257519 0.022246 0.037594
0 0.668432 0.114662 0.013771 0.030075
0 0.585805 0.116541 0.014831 0.035714
0 0.773305 0.246241 0.020127 0.050752
0 0.894068 0.218045 0.016949 0.037594
0 0.540254 0.171053 0.012712 0.028195
0 0.782839 0.154135 0.018008 0.037594
0 0.503178 0.154135 0.012712 0.024436
0 0.798729 0.289474 0.022246 0.045113
0 0.461864 0.109023 0.015890 0.024436
0 0.513771 0.114662 0.013771 0.028195
0 0.798729 0.161654 0.014831 0.031955
0 0.936441 0.276316 0.018008 0.043233
0 0.501059 0.127820 0.008475 0.020677
0 0.665254 0.107143 0.013771 0.033835
0 0.424788 0.221805 0.020127 0.041353
0 0.618644 0.127820 0.018008 0.046992
0 0.715042 0.208647 0.013771 0.033835
0 0.532839 0.118421 0.010593 0.020677
0 0.707627 0.118421 0.013771 0.031955
0 0.269068 0.233083 0.018008 0.028195
0 0.667373 0.174812 0.021186 0.043233
0 0.913136 0.163534 0.014831 0.035714
0 0.817797 0.137218 0.014831 0.035714
0 0.884534 0.150376 0.018008 0.028195
0 0.866525 0.246241 0.024364 0.033835
0 0.629237 0.246241 0.019068 0.046992
0 0.978814 0.148496 0.011653 0.039474
0 0.855932 0.189850 0.019068 0.031955
0 0.555085 0.193609 0.013771 0.037594
0 0.604873 0.101504 0.009534 0.020677
0 0.679025 0.214286 0.022246 0.046992
0 0.682203 0.090226 0.013771 0.031955
0 0.437500 0.172932 0.014831 0.035714
0 0.342161 0.231203 0.020127 0.041353
0 0.725636 0.240602 0.020127 0.041353
0 0.209746 0.359023 0.050847 0.090226
0 0.851695 0.152256 0.020127 0.026316
0 0.853814 0.107143 0.016949 0.026316
0 0.538136 0.139098 0.008475 0.030075
0 0.845339 0.221805 0.020127 0.033835
0 0.636653 0.101504 0.013771 0.028195
0 0.728814 0.140977 0.014831 0.026316
0 0.872881 0.178571 0.014831 0.033835
0 0.799788 0.125940 0.018008 0.033835
0 0.862288 0.293233 0.025424 0.054511
0 0.730932 0.272556 0.022246 0.046992
0 0.585805 0.246241 0.019068 0.050752
0 0.389831 0.227444 0.022246 0.043233
0 0.292373 0.172932 0.015890 0.031955
