0 0.903749 0.343636 0.028369 0.067273
0 0.726444 0.280000 0.028369 0.063636
0 0.529889 0.205455 0.024316 0.045455
0 0.959473 0.341818 0.035461 0.100000
0 0.703141 0.220000 0.019250 0.043636
0 0.765957 0.232727 0.023303 0.052727
0 0.484296 0.210909 0.029382 0.061818
0 0.742655 0.227273 0.017224 0.043636
0 0.651469 0.209091 0.019250 0.043636
0 0.672746 0.263636 0.025329 0.058182
0 0.815603 0.261818 0.021277 0.052727
0 0.749747 0.320000 0.030395 0.076364
0 0.793313 0.396364 0.036474 0.078182
0 0.616008 0.207273 0.023303 0.049091
