0 0.711321 0.555241 0.033962 0.056657
0 0.796226 0.781870 0.147170 0.203966
0 0.064151 0.524079 0.032075 0.048159
0 0.056604 0.898017 0.109434 0.178470
0 0.433962 0.518414 0.033962 0.053824
0 0.764151 0.535411 0.047170 0.070822
0 0.398113 0.583569 0.041509 0.059490
0 0.692453 0.600567 0.035849 0.053824
0 0.154717 0.569405 0.049057 0.062323
0 0.252830 0.524079 0.030189 0.045326
0 0.337736 0.654391 0.066038 0.084986
0 0.484906 0.623229 0.060377 0.090652
0 0.198113 0.628895 0.066038 0.090652
0 0.115094 0.549575 0.032075 0.053824
0 0.622642 0.637394 0.052830 0.073654
0 0.858491 0.702550 0.088679 0.152975
0 0.656604 0.552408 0.037736 0.070822
0 0.686792 0.538244 0.024528 0.042493
0 0.309434 0.524079 0.028302 0.045326
0 0.120755 0.532578 0.028302 0.039660
0 0.269811 0.597734 0.047170 0.065156
0 0.579245 0.555241 0.041509 0.076487
0 0.500000 0.373938 0.028302 0.050992
0 0.381132 0.543909 0.037736 0.056657
0 0.145283 0.515581 0.024528 0.045326
0 0.973585 0.555241 0.039623 0.056657
0 0.430189 0.688385 0.081132 0.127479
0 0.966038 0.665722 0.067925 0.093484
0 0.775472 0.640227 0.062264 0.096317
0 0.122642 0.611898 0.067925 0.076487
0 0.833962 0.541076 0.033962 0.062323
0 0.979245 0.609065 0.039623 0.070822
0 0.184906 0.541076 0.030189 0.056657
