0 0.433333 0.352031 0.069565 0.117988
0 0.713043 0.558994 0.072464 0.117988
0 0.542029 0.125725 0.052174 0.102515
0 0.591304 0.135397 0.055072 0.092843
0 0.121739 0.580271 0.082609 0.117988
0 0.420290 0.555126 0.068116 0.127660
0 0.653623 0.147002 0.056522 0.081238
0 0.271014 0.156673 0.047826 0.090909
0 0.271014 0.545455 0.072464 0.112186
0 0.221739 0.187621 0.050725 0.092843
0 0.897101 0.384913 0.071014 0.104449
0 0.618841 0.551257 0.063768 0.117988
0 0.675362 0.410058 0.057971 0.110251
0 0.765217 0.303675 0.060870 0.090909
0 0.266667 0.359768 0.084058 0.116054
0 0.334783 0.121857 0.052174 0.104449
0 0.147826 0.187621 0.073913 0.129594
0 0.428986 0.133462 0.055072 0.088975
0 0.539130 0.390716 0.072464 0.129594
0 0.756522 0.129594 0.050725 0.088975
