0 0.496250 0.676667 0.045000 0.063333
0 0.843750 0.776667 0.062500 0.083333
0 0.456250 0.695000 0.052500 0.080000
0 0.736250 0.640000 0.028750 0.051667
0 0.392500 0.658333 0.037500 0.063333
0 0.880000 0.625000 0.032500 0.045000
0 0.650000 0.648333 0.038750 0.050000
0 0.876250 0.666667 0.036250 0.061667
0 0.770000 0.638333 0.037500 0.055000
0 0.661250 0.746667 0.070000 0.096667
0 0.253750 0.775000 0.078750 0.090000
0 0.611250 0.478333 0.027500 0.046667
0 0.905000 0.766667 0.058750 0.088333
0 0.710000 0.640000 0.041250 0.050000
0 0.305000 0.683333 0.051250 0.051667
0 0.076250 0.730000 0.062500 0.083333
0 0.953750 0.643333 0.050000 0.071667
0 0.833750 0.690000 0.053750 0.073333
0 0.607500 0.660000 0.041250 0.070000
0 0.418750 0.855000 0.116250 0.140000
0 0.535000 0.701667 0.056250 0.078333
