0 0.697509 0.363395 0.069395 0.111406
0 0.379004 0.307692 0.035587 0.061008
0 0.537367 0.291777 0.021352 0.039788
0 0.548043 0.326260 0.026690 0.047745
0 0.224199 0.289125 0.024911 0.045093
0 0.722420 0.291777 0.030249 0.053050
0 0.412811 0.286472 0.024911 0.045093
0 0.245552 0.302387 0.037367 0.047745
0 0.790036 0.347480 0.055160 0.082228
0 0.459075 0.318302 0.058719 0.087533
0 0.640569 0.320955 0.032028 0.045093
0 0.306050 0.305040 0.044484 0.063660
0 0.386121 0.275862 0.023132 0.037135
0 0.626335 0.291777 0.019573 0.039788
0 0.177936 0.220159 0.048043 0.066313
