0 0.570000 0.264000 0.034000 0.048000
0 0.510000 0.338667 0.032000 0.050667
0 0.186000 0.213333 0.040000 0.061333
0 0.778000 0.325333 0.036000 0.048000
0 0.464000 0.330667 0.030000 0.061333
0 0.526000 0.264000 0.032000 0.066667
0 0.552000 0.461333 0.042000 0.066667
0 0.390000 0.309333 0.052000 0.069333
0 0.060000 0.237333 0.034000 0.056000
0 0.556000 0.320000 0.032000 0.058667
0 0.144000 0.253333 0.052000 0.069333
0 0.766000 0.226667 0.030000 0.050667
0 0.702000 0.290667 0.044000 0.061333
0 0.312000 0.261333 0.046000 0.069333
0 0.804000 0.202667 0.032000 0.066667
0 0.710000 0.205333 0.038000 0.066667
0 0.286000 0.256000 0.034000 0.050667
0 0.630000 0.229333 0.046000 0.077333
0 0.906000 0.226667 0.042000 0.077333
