0 0.668293 0.516484 0.031707 0.058608
0 0.131707 0.527473 0.039024 0.062271
0 0.821951 0.483516 0.031707 0.051282
0 0.948780 0.498168 0.053659 0.076923
0 0.365854 0.516484 0.039024 0.051282
0 0.282927 0.505495 0.024390 0.032967
0 0.517073 0.523810 0.043902 0.080586
0 0.746341 0.509158 0.053659 0.065934
0 0.243902 0.501832 0.036585 0.047619
0 0.185366 0.520147 0.048780 0.065934
0 0.539024 0.501832 0.034146 0.047619
0 0.482927 0.435897 0.026829 0.040293
0 0.329268 0.516484 0.041463 0.069597
0 0.695122 0.512821 0.036585 0.062271
0 0.787805 0.501832 0.029268 0.051282
0 0.390244 0.494505 0.026829 0.047619
0 0.868293 0.505495 0.036585 0.069597
