0 0.352661 0.299859 0.017474 0.031117
0 0.876092 0.278642 0.015091 0.041018
0 0.401112 0.345120 0.023034 0.052334
0 0.405878 0.267327 0.019063 0.031117
0 0.667196 0.321075 0.019857 0.042433
0 0.667196 0.224894 0.012708 0.029703
0 0.432089 0.277228 0.015091 0.033946
0 0.693407 0.251768 0.013503 0.032532
0 0.725973 0.239038 0.012708 0.028289
0 0.616362 0.214993 0.014297 0.022631
0 0.677522 0.349364 0.020651 0.048091
0 0.401112 0.297030 0.017474 0.032532
0 0.896743 0.316832 0.014297 0.033946
0 0.456712 0.411598 0.027006 0.050919
0 0.840349 0.380481 0.020651 0.053748
0 0.566322 0.217822 0.015091 0.028289
0 0.691819 0.301273 0.023034 0.042433
0 0.293090 0.357850 0.020651 0.043847
0 0.584591 0.224894 0.014297 0.029703
0 0.569500 0.445545 0.029388 0.073550
0 0.907863 0.284300 0.012708 0.029703
0 0.506751 0.240453 0.012708 0.024045
0 0.603654 0.207921 0.013503 0.031117
0 0.625894 0.256011 0.017474 0.033946
0 0.217633 0.362093 0.023828 0.045262
0 0.904686 0.360679 0.023034 0.042433
0 0.790310 0.537482 0.032566 0.077793
0 0.527403 0.253182 0.016680 0.033946
0 0.332010 0.370580 0.024623 0.045262
0 0.766481 0.247525 0.014297 0.029703
0 0.647339 0.237624 0.015886 0.025460
0 0.494043 0.264498 0.020651 0.035361
0 0.621128 0.301273 0.019063 0.041018
0 0.498809 0.332390 0.020651 0.045262
0 0.718824 0.263083 0.015886 0.042433
0 0.421763 0.251768 0.015091 0.028289
0 0.693407 0.503536 0.042097 0.082037
0 0.375695 0.332390 0.018268 0.038190
0 0.794281 0.247525 0.014297 0.032532
0 0.447975 0.250354 0.016680 0.024045
0 0.870532 0.326733 0.015886 0.035361
0 0.464654 0.229137 0.014297 0.024045
0 0.720413 0.405941 0.026211 0.062235
0 0.463860 0.302687 0.020651 0.035361
0 0.285941 0.305516 0.016680 0.035361
0 0.740270 0.305516 0.019063 0.042433
0 0.899126 0.475248 0.033360 0.074965
0 0.652899 0.369165 0.027006 0.057992
0 0.837172 0.264498 0.012708 0.028289
0 0.756156 0.291372 0.013503 0.029703
0 0.799047 0.304102 0.015091 0.039604
0 0.461477 0.335219 0.023034 0.043847
0 0.831612 0.287129 0.015091 0.032532
0 0.800635 0.270156 0.016680 0.025460
0 0.157268 0.537482 0.042097 0.084866
0 0.805401 0.347949 0.017474 0.042433
0 0.898332 0.411598 0.026211 0.053748
0 0.745830 0.268741 0.015091 0.031117
0 0.825258 0.449788 0.031771 0.055163
0 0.729944 0.247525 0.010326 0.022631
0 0.455917 0.275813 0.015091 0.031117
0 0.791898 0.363508 0.021446 0.042433
0 0.911835 0.302687 0.015091 0.024045
0 0.760127 0.448373 0.027800 0.060820
0 0.655282 0.212164 0.010326 0.025460
0 0.585385 0.323904 0.023034 0.042433
0 0.512311 0.251768 0.013503 0.024045
0 0.431295 0.308345 0.019063 0.041018
0 0.633836 0.343706 0.016680 0.042433
0 0.530580 0.404526 0.027006 0.055163
0 0.382844 0.277228 0.015091 0.031117
0 0.656871 0.278642 0.016680 0.041018
0 0.856235 0.367751 0.019857 0.052334
0 0.548848 0.280057 0.020651 0.036775
0 0.831612 0.322489 0.021446 0.041018
0 0.907863 0.321075 0.013503 0.035361
0 0.623511 0.486563 0.034948 0.077793
0 0.517871 0.271570 0.014297 0.032532
0 0.552820 0.219236 0.011914 0.028289
0 0.262907 0.343706 0.023034 0.041018
0 0.823670 0.264498 0.012708 0.033946
0 0.530580 0.364922 0.022240 0.041018
0 0.343129 0.338048 0.021446 0.042433
