0 0.861525 0.534954 0.030675 0.069909
0 0.806310 0.268997 0.016652 0.028875
0 0.837862 0.247720 0.019281 0.028875
0 0.562664 0.285714 0.016652 0.039514
0 0.498685 0.265957 0.011394 0.031915
0 0.686240 0.208207 0.014023 0.021277
0 0.279579 0.316109 0.016652 0.036474
0 0.475898 0.313070 0.013146 0.027356
0 0.680982 0.392097 0.026293 0.054711
0 0.510955 0.326748 0.019281 0.034954
0 0.446100 0.265957 0.012270 0.027356
0 0.218230 0.351064 0.015776 0.034954
0 0.652936 0.489362 0.037686 0.057751
0 0.638037 0.217325 0.011394 0.028875
0 0.874671 0.458967 0.025416 0.065350
0 0.926380 0.281155 0.014023 0.034954
0 0.705521 0.226444 0.014023 0.033435
0 0.475898 0.270517 0.014023 0.027356
0 0.709904 0.366261 0.026293 0.050152
0 0.686240 0.282675 0.017528 0.034954
0 0.350570 0.297872 0.016652 0.033435
0 0.898335 0.343465 0.017528 0.042553
0 0.621385 0.200608 0.011394 0.028875
0 0.969325 0.319149 0.010517 0.025836
0 0.709027 0.290274 0.016652 0.044073
0 0.888694 0.272036 0.013146 0.041033
0 0.904470 0.258359 0.014023 0.034954
0 0.472393 0.232523 0.011394 0.022796
0 0.952673 0.480243 0.028046 0.060790
0 0.510955 0.393617 0.028046 0.060790
0 0.662577 0.346505 0.021034 0.047112
0 0.869413 0.311550 0.014023 0.030395
0 0.789658 0.287234 0.014899 0.037994
0 0.543383 0.373860 0.020158 0.045593
0 0.384750 0.340426 0.014899 0.031915
0 0.603856 0.386018 0.021911 0.054711
0 0.611744 0.246201 0.015776 0.034954
0 0.427695 0.264438 0.014023 0.027356
0 0.577564 0.217325 0.014023 0.024316
0 0.409290 0.306991 0.015776 0.027356
0 0.807187 0.437690 0.026293 0.059271
0 0.889571 0.386018 0.021911 0.053191
0 0.943032 0.340426 0.018405 0.039514
0 0.756354 0.237082 0.014023 0.027356
0 0.278703 0.376900 0.019281 0.037994
0 0.878177 0.276596 0.012270 0.033435
0 0.617003 0.218845 0.012270 0.027356
0 0.434706 0.314590 0.014023 0.031915
0 0.520596 0.240122 0.012270 0.024316
0 0.723926 0.253799 0.013146 0.031915
0 0.690622 0.231003 0.013146 0.030395
0 0.512708 0.259878 0.012270 0.027356
0 0.805434 0.237082 0.014023 0.030395
0 0.944785 0.316109 0.014899 0.034954
0 0.645048 0.313070 0.015776 0.033435
0 0.624890 0.439210 0.028046 0.065350
0 0.650307 0.215805 0.013146 0.034954
0 0.347940 0.332827 0.016652 0.031915
0 0.556529 0.413374 0.024540 0.056231
0 0.841367 0.299392 0.019281 0.037994
0 0.134093 0.484802 0.045574 0.091185
0 0.973707 0.281155 0.013146 0.033435
0 0.837862 0.369301 0.019281 0.048632
0 0.772130 0.227964 0.014023 0.033435
0 0.760736 0.258359 0.016652 0.030395
0 0.327783 0.375380 0.018405 0.045593
0 0.963190 0.363222 0.016652 0.042553
0 0.731814 0.306991 0.018405 0.039514
0 0.551271 0.256839 0.013146 0.031915
0 0.648554 0.252280 0.014023 0.024316
0 0.462752 0.249240 0.013146 0.027356
0 0.744084 0.413374 0.022787 0.050152
0 0.455741 0.354103 0.019281 0.042553
0 0.586328 0.256839 0.015776 0.031915
0 0.248028 0.354103 0.019281 0.047112
0 0.407537 0.341945 0.017528 0.039514
0 0.947415 0.408815 0.020158 0.051672
0 0.721297 0.568389 0.033304 0.075988
