0 0.861595 0.209076 0.019248 0.040519
0 0.884510 0.144246 0.014665 0.034036
0 0.762603 0.207455 0.020165 0.042139
0 0.761687 0.126418 0.013749 0.034036
0 0.688359 0.178282 0.021082 0.047002
0 0.908341 0.298217 0.024748 0.055105
0 0.372136 0.218801 0.021082 0.038898
0 0.582951 0.142626 0.017415 0.035656
0 0.162236 0.445705 0.050412 0.102107
0 0.501375 0.128039 0.011916 0.024311
0 0.606783 0.317666 0.032081 0.064830
0 0.452796 0.222042 0.020165 0.042139
0 0.909258 0.254457 0.022915 0.045381
0 0.743355 0.327391 0.032081 0.069692
0 0.385885 0.181524 0.014665 0.030794
0 0.544455 0.191248 0.017415 0.035656
0 0.711274 0.259319 0.028414 0.056726
0 0.475710 0.183144 0.013749 0.030794
0 0.582951 0.106969 0.013749 0.025932
0 0.624198 0.205835 0.021998 0.043760
0 0.611366 0.252836 0.026581 0.058347
0 0.340972 0.267423 0.021998 0.037277
0 0.615949 0.098865 0.012832 0.032415
0 0.696609 0.106969 0.013749 0.027553
0 0.781852 0.137763 0.014665 0.034036
0 0.629698 0.110211 0.011916 0.024311
0 0.591201 0.163695 0.016499 0.032415
0 0.482126 0.215559 0.019248 0.037277
0 0.431714 0.178282 0.013749 0.030794
0 0.868928 0.132901 0.012832 0.032415
0 0.741522 0.144246 0.020165 0.038898
0 0.406049 0.188006 0.013749 0.035656
0 0.278643 0.243112 0.016499 0.030794
0 0.295142 0.265802 0.021998 0.035656
0 0.835014 0.312804 0.029331 0.066451
0 0.769019 0.265802 0.024748 0.053485
0 0.811182 0.149109 0.018332 0.035656
0 0.804766 0.374392 0.031164 0.077796
0 0.452796 0.145867 0.012832 0.025932
0 0.851512 0.249595 0.021998 0.050243
0 0.902841 0.215559 0.018332 0.050243
0 0.920257 0.155592 0.013749 0.035656
0 0.541705 0.317666 0.033914 0.061588
0 0.664528 0.102107 0.013749 0.034036
0 0.892759 0.351702 0.032081 0.074554
0 0.477544 0.149109 0.015582 0.027553
0 0.890926 0.171799 0.018332 0.040519
0 0.611366 0.147488 0.016499 0.035656
0 0.827681 0.189627 0.019248 0.048622
0 0.844180 0.171799 0.018332 0.038898
0 0.645280 0.136143 0.012832 0.025932
0 0.483043 0.330632 0.035747 0.064830
0 0.524290 0.166937 0.014665 0.037277
0 0.803850 0.246353 0.021082 0.055105
0 0.424381 0.163695 0.016499 0.027553
0 0.370302 0.301459 0.021998 0.038898
0 0.834097 0.145867 0.013749 0.032415
0 0.854262 0.142626 0.016499 0.027553
0 0.820348 0.124797 0.015582 0.034036
0 0.564620 0.247974 0.020165 0.048622
0 0.490376 0.194489 0.017415 0.035656
0 0.399633 0.215559 0.013749 0.032415
0 0.559120 0.126418 0.011916 0.027553
0 0.659028 0.210697 0.021082 0.043760
0 0.655362 0.171799 0.017415 0.042139
0 0.696609 0.312804 0.033914 0.055105
0 0.912924 0.200972 0.014665 0.037277
0 0.446379 0.186386 0.016499 0.029173
