0 0.305833 0.323750 0.050833 0.075000
0 0.517500 0.287500 0.031667 0.055000
0 0.487500 0.325000 0.037500 0.063750
0 0.092500 0.416250 0.080833 0.143750
0 0.477500 0.456250 0.095000 0.178750
0 0.630000 0.297500 0.031667 0.050000
0 0.188333 0.546250 0.124167 0.225000
0 0.200833 0.350000 0.057500 0.085000
0 0.446667 0.285000 0.031667 0.057500
0 0.555000 0.313750 0.034167 0.068750
0 0.075000 0.323750 0.070833 0.093750
0 0.755000 0.320000 0.030833 0.066250
0 0.412500 0.272500 0.031667 0.071250
0 0.302500 0.405000 0.069167 0.125000
0 0.232500 0.298750 0.041667 0.058750
0 0.900833 0.385000 0.058333 0.107500
0 0.418333 0.381250 0.054167 0.103750
0 0.637500 0.426250 0.081667 0.137500
0 0.838333 0.387500 0.057500 0.095000
0 0.621667 0.336250 0.040000 0.071250
