0 0.850000 0.182657 0.014583 0.036900
0 0.933333 0.256458 0.017708 0.040590
0 0.630208 0.145756 0.013542 0.031365
0 0.672917 0.217712 0.020833 0.044280
0 0.506250 0.121771 0.011458 0.023985
0 0.890625 0.232472 0.020833 0.053506
0 0.953125 0.214022 0.014583 0.033210
0 0.725000 0.147601 0.013542 0.035055
0 0.779167 0.186347 0.018750 0.038745
0 0.759375 0.129151 0.015625 0.033210
0 0.640625 0.250923 0.023958 0.049815
0 0.561458 0.188192 0.023958 0.042435
0 0.615625 0.103321 0.011458 0.027675
0 0.618750 0.297048 0.029167 0.070111
0 0.788542 0.140221 0.016667 0.033210
0 0.881250 0.308118 0.027083 0.049815
0 0.551042 0.123616 0.015625 0.038745
0 0.665625 0.116236 0.013542 0.029520
0 0.641667 0.123616 0.011458 0.031365
0 0.897917 0.195572 0.018750 0.044280
0 0.604167 0.147601 0.015625 0.040590
0 0.632292 0.206642 0.026042 0.046125
0 0.937500 0.236162 0.017708 0.038745
0 0.451042 0.151292 0.014583 0.029520
0 0.562500 0.153137 0.015625 0.036900
0 0.706250 0.206642 0.020833 0.040590
0 0.851042 0.156827 0.014583 0.036900
0 0.835417 0.361624 0.040625 0.059041
0 0.426042 0.175277 0.017708 0.036900
0 0.310417 0.236162 0.019792 0.038745
0 0.443750 0.206642 0.019792 0.049815
0 0.451042 0.182657 0.015625 0.031365
0 0.462500 0.138376 0.012500 0.027675
0 0.768750 0.142066 0.017708 0.040590
0 0.348958 0.212177 0.020833 0.035055
0 0.498958 0.215867 0.021875 0.051661
0 0.413542 0.162362 0.015625 0.038745
0 0.891667 0.160517 0.013542 0.033210
0 0.116667 0.339483 0.033333 0.073801
0 0.741667 0.411439 0.041667 0.077491
0 0.917708 0.166052 0.016667 0.038745
0 0.711458 0.158672 0.015625 0.035055
0 0.692708 0.118081 0.015625 0.031365
0 0.408333 0.208487 0.026042 0.042435
0 0.711458 0.123616 0.013542 0.029520
0 0.508333 0.143911 0.014583 0.027675
0 0.594792 0.238007 0.025000 0.046125
0 0.880208 0.160517 0.014583 0.040590
0 0.833333 0.167897 0.016667 0.040590
0 0.856250 0.214022 0.018750 0.040590
0 0.489583 0.175277 0.015625 0.036900
0 0.681250 0.265683 0.025000 0.049815
0 0.590625 0.175277 0.018750 0.044280
0 0.913542 0.317343 0.026042 0.060886
0 0.638542 0.095941 0.012500 0.033210
0 0.745833 0.173432 0.018750 0.036900
0 0.926042 0.293358 0.021875 0.051661
0 0.818750 0.191882 0.022917 0.044280
0 0.631250 0.118081 0.012500 0.025830
0 0.588542 0.112546 0.014583 0.033210
0 0.315625 0.206642 0.018750 0.038745
0 0.525000 0.154982 0.015625 0.035055
0 0.526042 0.121771 0.013542 0.031365
0 0.503125 0.278598 0.031250 0.060886
0 0.867708 0.177122 0.016667 0.036900
0 0.947917 0.177122 0.013542 0.036900
0 0.585417 0.274908 0.027083 0.066421
0 0.535417 0.143911 0.014583 0.029520
0 0.730208 0.226937 0.023958 0.046125
0 0.682292 0.119926 0.012500 0.035055
0 0.680208 0.328413 0.035417 0.079336
0 0.805208 0.199262 0.018750 0.042435
0 0.618750 0.140221 0.012500 0.031365
