0 0.877336 0.278926 0.018692 0.053719
0 0.802570 0.169421 0.011682 0.033058
0 0.629673 0.140496 0.014019 0.026860
0 0.453271 0.150826 0.010514 0.026860
0 0.776869 0.185950 0.016355 0.033058
0 0.778037 0.146694 0.014019 0.033058
0 0.482477 0.179752 0.021028 0.045455
0 0.742991 0.175620 0.015187 0.035124
0 0.561916 0.119835 0.010514 0.022727
0 0.525701 0.132231 0.012850 0.028926
0 0.682243 0.111570 0.009346 0.026860
0 0.462617 0.169421 0.011682 0.030992
0 0.703271 0.171488 0.011682 0.030992
0 0.707944 0.126033 0.009346 0.024793
0 0.674065 0.231405 0.017523 0.045455
0 0.664720 0.190083 0.016355 0.035124
0 0.578271 0.144628 0.011682 0.030992
0 0.735981 0.150826 0.012850 0.033058
0 0.431075 0.152893 0.010514 0.028926
0 0.657710 0.126033 0.012850 0.030992
0 0.716121 0.188017 0.015187 0.037190
0 0.939252 0.212810 0.012850 0.026860
0 0.605140 0.130165 0.014019 0.033058
0 0.503505 0.128099 0.010514 0.024793
0 0.509346 0.185950 0.016355 0.039256
0 0.445093 0.171488 0.011682 0.030992
0 0.827103 0.140496 0.011682 0.028926
0 0.419393 0.171488 0.010514 0.028926
0 0.939252 0.177686 0.010514 0.024793
0 0.380841 0.181818 0.014019 0.024793
0 0.921729 0.177686 0.010514 0.026860
0 0.837617 0.190083 0.014019 0.035124
0 0.544393 0.146694 0.012850 0.026860
0 0.627336 0.225207 0.015187 0.033058
0 0.935748 0.239669 0.015187 0.030992
0 0.793224 0.214876 0.017523 0.039256
