0 0.586939 0.228532 0.012589 0.022161
0 0.561762 0.252078 0.012589 0.027701
0 0.651456 0.272853 0.017309 0.027701
0 0.400472 0.301939 0.018096 0.030471
0 0.717545 0.391967 0.023603 0.054017
0 0.719119 0.252078 0.014162 0.037396
0 0.619197 0.296399 0.014162 0.031856
0 0.688434 0.513850 0.033832 0.073407
0 0.758458 0.414127 0.022030 0.054017
0 0.664831 0.232687 0.014162 0.029086
0 0.597954 0.211911 0.011015 0.023546
0 0.434304 0.342105 0.021243 0.031856
0 0.452400 0.405817 0.027537 0.041551
0 0.531865 0.398892 0.024390 0.049861
0 0.804091 0.497230 0.031471 0.069252
0 0.831629 0.386427 0.014949 0.045706
0 0.907160 0.270083 0.011802 0.023546
0 0.632573 0.333795 0.018883 0.030471
0 0.783635 0.247922 0.011015 0.036011
0 0.504327 0.240997 0.014162 0.027701
0 0.867034 0.283934 0.013375 0.033241
0 0.281668 0.364266 0.017309 0.044321
0 0.103855 0.544321 0.051141 0.102493
0 0.905586 0.308864 0.008655 0.027701
0 0.886703 0.393352 0.016522 0.041551
0 0.284815 0.307479 0.014949 0.034626
0 0.538946 0.300554 0.014162 0.033241
0 0.561762 0.210526 0.011802 0.024931
0 0.845791 0.254848 0.011802 0.024931
0 0.754524 0.264543 0.014162 0.030471
0 0.494099 0.254848 0.010228 0.027701
0 0.844217 0.346260 0.018096 0.041551
0 0.524784 0.260388 0.016522 0.033241
0 0.747443 0.278393 0.011015 0.026316
0 0.788356 0.360111 0.018883 0.051247
0 0.504327 0.310249 0.018096 0.031856
0 0.641227 0.386427 0.025177 0.060942
0 0.255704 0.346260 0.015736 0.041551
0 0.523210 0.368421 0.022030 0.048476
0 0.622345 0.257618 0.014162 0.030471
0 0.726987 0.232687 0.013375 0.029086
0 0.897718 0.332410 0.014162 0.020776
0 0.793863 0.304709 0.013375 0.040166
0 0.755311 0.238227 0.013375 0.031856
0 0.352478 0.296399 0.017309 0.034626
0 0.456334 0.277008 0.016522 0.026316
0 0.877262 0.447368 0.022817 0.059557
0 0.833989 0.274238 0.014162 0.034626
0 0.690795 0.252078 0.013375 0.033241
0 0.571991 0.247922 0.012589 0.023546
0 0.353265 0.329640 0.015736 0.030471
0 0.552321 0.220222 0.010228 0.024931
0 0.649882 0.234072 0.012589 0.027701
0 0.420928 0.257618 0.011802 0.023546
0 0.327301 0.362881 0.024390 0.048476
0 0.814319 0.257618 0.012589 0.027701
0 0.613690 0.211911 0.011802 0.026316
0 0.703383 0.289474 0.011015 0.034626
0 0.648308 0.436288 0.023603 0.058172
0 0.407553 0.332410 0.016522 0.036011
0 0.216365 0.350416 0.014162 0.033241
0 0.817467 0.436288 0.022030 0.052632
0 0.583792 0.328255 0.020456 0.036011
0 0.864673 0.336565 0.014949 0.041551
0 0.430370 0.306094 0.018883 0.033241
0 0.710464 0.267313 0.014162 0.031856
0 0.670338 0.344875 0.019670 0.042936
0 0.892211 0.314404 0.013375 0.027701
0 0.386310 0.256233 0.010228 0.029086
0 0.643588 0.221607 0.014162 0.023546
0 0.829268 0.308864 0.012589 0.031856
0 0.593234 0.422438 0.026751 0.054017
0 0.457120 0.239612 0.011015 0.026316
0 0.377655 0.332410 0.014949 0.040166
