0 0.293317 0.390476 0.029703 0.033333
0 0.381188 0.358730 0.017327 0.026984
0 0.785891 0.707937 0.176980 0.214286
0 0.492574 0.355556 0.018564 0.026984
0 0.061881 0.409524 0.024752 0.023810
0 0.391089 0.446032 0.045792 0.057143
0 0.782178 0.357143 0.037129 0.050794
0 0.673267 0.485714 0.076733 0.103175
0 0.893564 0.298413 0.018564 0.026984
0 0.137376 0.388889 0.016089 0.022222
0 0.157178 0.384127 0.017327 0.023810
0 0.097772 0.392063 0.021040 0.026984
0 0.605198 0.400000 0.034653 0.050794
0 0.565594 0.331746 0.014851 0.025397
0 0.683168 0.325397 0.021040 0.028571
0 0.535891 0.431746 0.051980 0.077778
0 0.319307 0.385714 0.023515 0.031746
0 0.154703 0.419048 0.037129 0.047619
0 0.342822 0.428571 0.039604 0.060317
0 0.075495 0.438095 0.038366 0.050794
0 0.241337 0.387302 0.021040 0.030159
0 0.141089 0.309524 0.016089 0.020635
0 0.457921 0.347619 0.023515 0.023810
0 0.741337 0.320635 0.023515 0.031746
0 0.290842 0.371429 0.017327 0.028571
0 0.332921 0.368254 0.013614 0.023810
0 0.529703 0.334921 0.014851 0.023810
0 0.305693 0.368254 0.013614 0.022222
0 0.650990 0.323810 0.019802 0.028571
0 0.585396 0.334921 0.022277 0.022222
0 0.706683 0.333333 0.025990 0.033333
0 0.606436 0.331746 0.016089 0.020635
0 0.120050 0.401587 0.022277 0.031746
0 0.825495 0.277778 0.027228 0.031746
0 0.858911 0.412698 0.085396 0.117460
0 0.486386 0.341270 0.021040 0.025397
0 0.819307 0.306349 0.016089 0.025397
0 0.048267 0.404762 0.021040 0.023810
0 0.504950 0.355556 0.022277 0.030159
0 0.794554 0.317460 0.018564 0.026984
0 0.368812 0.368254 0.018564 0.030159
0 0.813119 0.384127 0.047030 0.068254
0 0.457921 0.363492 0.023515 0.031746
0 0.258663 0.377778 0.021040 0.030159
0 0.662129 0.385714 0.043317 0.061905
0 0.670792 0.355556 0.021040 0.034921
0 0.179455 0.387302 0.022277 0.026984
0 0.720297 0.319048 0.019802 0.026984
0 0.642327 0.441270 0.045792 0.066667
0 0.252475 0.423810 0.038366 0.039683
0 0.353960 0.384127 0.027228 0.042857
0 0.506188 0.423810 0.033416 0.063492
0 0.230198 0.377778 0.019802 0.023810
0 0.410891 0.411111 0.038366 0.049206
0 0.548267 0.350794 0.024752 0.030159
0 0.284653 0.477778 0.060644 0.095238
0 0.597772 0.371429 0.032178 0.034921
0 0.214109 0.390476 0.021040 0.023810
0 0.158416 0.644444 0.097772 0.155556
0 0.761139 0.315873 0.019802 0.026984
0 0.206683 0.412698 0.035891 0.039683
0 0.715347 0.374603 0.044554 0.049206
0 0.480198 0.401587 0.025990 0.047619
0 0.612624 0.439683 0.035891 0.058730
0 0.408416 0.366667 0.025990 0.038095
