0 0.661033 0.209380 0.020657 0.040201
0 0.569953 0.117253 0.013146 0.025126
0 0.738967 0.122278 0.018779 0.031826
0 0.416901 0.221106 0.017840 0.035176
0 0.692019 0.179229 0.020657 0.033501
0 0.865728 0.149079 0.014085 0.031826
0 0.794366 0.185930 0.021596 0.043551
0 0.895775 0.130653 0.016901 0.040201
0 0.527700 0.137353 0.018779 0.038526
0 0.684507 0.142379 0.016901 0.031826
0 0.806573 0.120603 0.013146 0.033501
0 0.617840 0.103853 0.013146 0.030151
0 0.322066 0.268007 0.019718 0.045226
0 0.408451 0.177554 0.015023 0.026801
0 0.480751 0.170854 0.016901 0.033501
0 0.689202 0.105528 0.015023 0.031826
0 0.874178 0.224456 0.024413 0.045226
0 0.490141 0.298157 0.029108 0.051926
0 0.759624 0.231156 0.023474 0.048576
0 0.729577 0.157454 0.018779 0.040201
0 0.570892 0.164154 0.021596 0.040201
0 0.828169 0.134003 0.015023 0.031826
0 0.630986 0.127303 0.015962 0.031826
0 0.670423 0.122278 0.017840 0.035176
0 0.877934 0.187605 0.021596 0.040201
0 0.792488 0.134003 0.014085 0.030151
0 0.748357 0.112228 0.015023 0.033501
0 0.386854 0.221106 0.021596 0.040201
0 0.707042 0.291457 0.030986 0.056951
0 0.322066 0.222781 0.015023 0.030151
0 0.677934 0.246231 0.018779 0.050251
0 0.824413 0.159129 0.015023 0.035176
0 0.707042 0.137353 0.015962 0.038526
0 0.892019 0.172529 0.016901 0.030151
0 0.456338 0.169179 0.018779 0.033501
0 0.765258 0.135678 0.015023 0.033501
0 0.739906 0.211055 0.021596 0.043551
0 0.530516 0.172529 0.019718 0.035176
0 0.550235 0.155779 0.015962 0.036851
0 0.605634 0.335008 0.026291 0.058626
0 0.595305 0.105528 0.014085 0.030151
0 0.755869 0.159129 0.019718 0.035176
0 0.496714 0.232831 0.021596 0.050251
0 0.788732 0.118928 0.015023 0.025126
0 0.347418 0.212730 0.017840 0.031826
0 0.425352 0.187605 0.015962 0.026801
0 0.846009 0.192630 0.018779 0.045226
0 0.092019 0.425461 0.046009 0.093802
0 0.869484 0.123953 0.015023 0.028476
0 0.371831 0.229481 0.015962 0.035176
0 0.394366 0.306533 0.024413 0.051926
0 0.484507 0.140704 0.014085 0.031826
0 0.623474 0.192630 0.021596 0.051926
0 0.541784 0.202680 0.022535 0.045226
0 0.620657 0.144054 0.016901 0.031826
0 0.258216 0.286432 0.019718 0.035176
0 0.770892 0.281407 0.030986 0.065327
0 0.639437 0.105528 0.013146 0.025126
0 0.449765 0.224456 0.016901 0.041876
0 0.565258 0.241206 0.021596 0.043551
0 0.300469 0.259631 0.018779 0.043551
0 0.281690 0.276382 0.021596 0.041876
0 0.932394 0.165829 0.019718 0.041876
0 0.560563 0.293132 0.024413 0.058626
0 0.582160 0.134003 0.015962 0.030151
0 0.674178 0.336683 0.031925 0.065327
0 0.647887 0.177554 0.017840 0.041876
0 0.849765 0.147404 0.016901 0.035176
0 0.354930 0.247906 0.019718 0.036851
0 0.340845 0.283082 0.020657 0.043551
0 0.503286 0.175879 0.017840 0.033501
