0 0.594531 0.597917 0.042188 0.058333
0 0.521094 0.553125 0.026562 0.037500
0 0.685937 0.672917 0.078906 0.119792
0 0.521094 0.525000 0.021094 0.034375
0 0.689063 0.557292 0.024219 0.031250
0 0.969531 0.613542 0.034375 0.053125
0 0.239063 0.531250 0.024219 0.041667
0 0.814063 0.558333 0.027344 0.046875
0 0.514844 0.585417 0.039062 0.042708
0 0.041406 0.560417 0.055469 0.068750
0 0.292187 0.536458 0.038281 0.061458
0 0.118750 0.680208 0.118750 0.143750
0 0.683594 0.531250 0.018750 0.037500
0 0.972656 0.654167 0.042969 0.092708
0 0.627344 0.612500 0.044531 0.060417
0 0.341406 0.515625 0.021094 0.032292
0 0.354687 0.583333 0.054688 0.076042
0 0.428125 0.680208 0.075000 0.107292
0 0.225781 0.610417 0.078125 0.113542
0 0.419531 0.542708 0.028906 0.047917
0 0.785156 0.630208 0.058594 0.077083
0 0.500000 0.661458 0.114844 0.142708
0 0.796875 0.585417 0.032031 0.044792
0 0.587500 0.537500 0.019531 0.030208
0 0.398438 0.534375 0.025781 0.039583
0 0.567187 0.556250 0.032031 0.041667
0 0.052344 0.653125 0.087500 0.127083
0 0.865625 0.643750 0.082031 0.123958
0 0.546875 0.525000 0.024219 0.027083
0 0.203906 0.517708 0.021875 0.040625
0 0.564063 0.525000 0.020313 0.027083
0 0.429688 0.606250 0.065625 0.073958
0 0.716406 0.538542 0.026562 0.036458
0 0.541406 0.544792 0.021875 0.029167
0 0.335156 0.790625 0.142969 0.205208
0 0.035937 0.498958 0.026562 0.048958
0 0.175000 0.511458 0.031250 0.037500
0 0.472656 0.554167 0.030469 0.046875
0 0.631250 0.545833 0.025000 0.034375
0 0.140625 0.734375 0.127344 0.153125
0 0.499219 0.531250 0.017969 0.031250
0 0.099219 0.519792 0.030469 0.051042
0 0.621094 0.529167 0.015625 0.032292
0 0.714844 0.581250 0.043750 0.061458
0 0.214844 0.545833 0.039062 0.042708
0 0.071094 0.507292 0.026562 0.046875
0 0.243750 0.512500 0.025781 0.034375
0 0.857031 0.561458 0.021875 0.040625
0 0.501563 0.876042 0.154688 0.236458
0 0.657031 0.579167 0.037500 0.047917
0 0.933594 0.575000 0.035156 0.057292
0 0.654687 0.539583 0.018750 0.033333
0 0.812500 0.770833 0.141406 0.208333
0 0.753906 0.560417 0.024219 0.037500
0 0.258594 0.559375 0.038281 0.053125
