0 0.579600 0.233503 0.018112 0.045685
0 0.440419 0.150592 0.010486 0.025381
0 0.764538 0.120135 0.011439 0.027073
0 0.367969 0.192893 0.015253 0.035533
0 0.469971 0.137056 0.009533 0.023689
0 0.767398 0.252115 0.017159 0.043993
0 0.795996 0.160745 0.013346 0.032149
0 0.427073 0.213198 0.015253 0.035533
0 0.540515 0.196277 0.016206 0.040609
0 0.574833 0.170897 0.016206 0.033841
0 0.497617 0.159052 0.011439 0.023689
0 0.679695 0.263959 0.020972 0.049069
0 0.311725 0.262267 0.019066 0.043993
0 0.781697 0.147208 0.010486 0.028765
0 0.673022 0.216582 0.019066 0.042301
0 0.747378 0.179357 0.015253 0.025381
0 0.794090 0.214890 0.016206 0.037225
0 0.866540 0.277496 0.017159 0.052453
0 0.349857 0.206430 0.014299 0.037225
0 0.493804 0.138748 0.010486 0.021997
0 0.740705 0.272420 0.019066 0.050761
0 0.517636 0.130288 0.008580 0.023689
0 0.816015 0.299492 0.020019 0.055838
0 0.686368 0.113367 0.011439 0.025381
0 0.928503 0.203046 0.010486 0.035533
0 0.917064 0.262267 0.017159 0.038917
0 0.412774 0.208122 0.016206 0.035533
0 0.561487 0.140440 0.014299 0.025381
0 0.918017 0.302876 0.017159 0.042301
0 0.655863 0.196277 0.015253 0.037225
0 0.884652 0.235195 0.014299 0.033841
0 0.620591 0.128596 0.009533 0.028765
0 0.513823 0.125212 0.009533 0.021997
0 0.612011 0.128596 0.008580 0.028765
0 0.414681 0.165821 0.011439 0.028765
0 0.269781 0.223350 0.012393 0.030457
0 0.625357 0.260575 0.020019 0.049069
0 0.929457 0.252115 0.015253 0.033841
0 0.548141 0.289340 0.020019 0.055838
0 0.880839 0.159052 0.011439 0.030457
0 0.734032 0.147208 0.010486 0.032149
0 0.513823 0.187817 0.016206 0.038917
0 0.479504 0.153976 0.010486 0.027073
0 0.541468 0.137056 0.009533 0.030457
0 0.406101 0.272420 0.023832 0.043993
0 0.939943 0.167513 0.008580 0.028765
0 0.839847 0.153976 0.012393 0.028765
0 0.914204 0.340102 0.019066 0.054146
0 0.810296 0.145516 0.014299 0.035533
0 0.713060 0.120135 0.009533 0.025381
0 0.904671 0.164129 0.010486 0.032149
0 0.738799 0.194585 0.015253 0.038917
0 0.372736 0.248731 0.018112 0.043993
0 0.625357 0.204738 0.018112 0.040609
0 0.430887 0.175973 0.012393 0.027073
0 0.837941 0.233503 0.017159 0.042301
0 0.390848 0.170897 0.010486 0.027073
0 0.592946 0.118443 0.008580 0.023689
0 0.838894 0.211506 0.014299 0.040609
0 0.716873 0.231810 0.016206 0.045685
0 0.637750 0.148900 0.013346 0.032149
0 0.603432 0.104907 0.008580 0.023689
0 0.689228 0.187817 0.014299 0.035533
0 0.232602 0.324873 0.029552 0.067682
0 0.845567 0.323181 0.023832 0.057530
0 0.485224 0.208122 0.019066 0.045685
0 0.853194 0.187817 0.015253 0.037225
