0 0.226979 0.426160 0.048465 0.109705
0 0.352989 0.271449 0.037964 0.057665
0 0.570275 0.106892 0.019386 0.040788
0 0.598546 0.085795 0.014540 0.026723
0 0.064620 0.310830 0.020194 0.040788
0 0.514540 0.208158 0.020194 0.042194
0 0.344103 0.146273 0.016963 0.035162
0 0.369952 0.146273 0.016155 0.032349
0 0.457997 0.102672 0.017771 0.036568
0 0.542003 0.195499 0.018578 0.037975
0 0.533926 0.174402 0.017771 0.035162
0 0.199515 0.226442 0.020194 0.036568
0 0.305331 0.158931 0.019386 0.035162
0 0.243134 0.286920 0.026656 0.049226
0 0.412763 0.101266 0.016963 0.039381
0 0.087237 0.293952 0.017771 0.032349
