0 0.779630 0.621711 0.037037 0.069079
0 0.320370 0.539474 0.029630 0.062500
0 0.262963 0.516447 0.020370 0.042763
0 0.257407 0.552632 0.022222 0.049342
0 0.700000 0.703947 0.038889 0.088816
0 0.600000 0.868421 0.083333 0.177632
0 0.338889 0.585526 0.031481 0.049342
0 0.796296 0.684211 0.053704 0.078947
0 0.188889 0.513158 0.024074 0.049342
0 0.387037 0.582237 0.031481 0.055921
0 0.842593 0.740132 0.057407 0.115132
0 0.490741 0.572368 0.035185 0.055921
0 0.159259 0.496711 0.022222 0.042763
0 0.137037 0.555921 0.031481 0.059211
0 0.290741 0.546053 0.031481 0.055921
0 0.429630 0.592105 0.024074 0.055921
0 0.044444 0.559211 0.037037 0.078947
0 0.392593 0.730263 0.064815 0.161184
0 0.024074 0.483553 0.031481 0.062500
0 0.009259 0.414474 0.016667 0.036184
0 0.200000 0.493421 0.020370 0.036184
0 0.062963 0.407895 0.016667 0.036184
0 0.179630 0.572368 0.035185 0.062500
0 0.944444 0.828947 0.088889 0.171053
0 0.912963 0.694079 0.066667 0.088816
0 0.531481 0.575658 0.031481 0.055921
0 0.262963 0.697368 0.066667 0.138158
0 0.087037 0.401316 0.014815 0.049342
0 0.701852 0.664474 0.048148 0.078947
0 0.438889 0.559211 0.029630 0.046053
0 0.066667 0.496711 0.022222 0.046053
0 0.111111 0.490132 0.020370 0.042763
0 0.777778 0.884868 0.118519 0.207237
0 0.494444 0.677632 0.053704 0.101974
0 0.742593 0.759868 0.072222 0.128289
0 0.159259 0.891447 0.127778 0.194079
0 0.409259 0.549342 0.022222 0.049342
0 0.496296 0.476974 0.022222 0.042763
0 0.866667 0.648026 0.040741 0.069079
0 0.146296 0.430921 0.014815 0.026316
0 0.616667 0.736842 0.070370 0.125000
0 0.094444 0.536184 0.029630 0.059211
