0 0.774775 0.212654 0.012012 0.028120
0 0.783784 0.144112 0.014014 0.029877
0 0.915916 0.231986 0.015015 0.038664
0 0.542543 0.159930 0.012012 0.024605
0 0.589590 0.110721 0.008008 0.019332
0 0.902903 0.181019 0.011011 0.026362
0 0.463463 0.165202 0.012012 0.026362
0 0.865866 0.209139 0.016016 0.035149
0 0.457457 0.140598 0.009009 0.015817
0 0.793794 0.216169 0.014014 0.033392
0 0.417417 0.249561 0.017017 0.031634
0 0.491491 0.140598 0.012012 0.024605
0 0.349349 0.217926 0.014014 0.028120
0 0.682683 0.105448 0.010010 0.021090
0 0.888889 0.165202 0.012012 0.031634
0 0.732733 0.145870 0.011011 0.033392
0 0.208208 0.465729 0.041041 0.082601
0 0.476476 0.130053 0.012012 0.026362
0 0.665666 0.233743 0.020020 0.038664
0 0.911912 0.333919 0.022022 0.056239
0 0.767768 0.124780 0.012012 0.022847
0 0.823824 0.138840 0.012012 0.026362
0 0.400400 0.237258 0.016016 0.040422
0 0.629630 0.123023 0.011011 0.021090
0 0.604605 0.124780 0.010010 0.021090
0 0.936937 0.203866 0.012012 0.028120
0 0.838839 0.163445 0.013013 0.026362
0 0.706707 0.191564 0.017017 0.038664
0 0.938939 0.175747 0.009009 0.026362
0 0.549550 0.181019 0.017017 0.033392
0 0.765766 0.237258 0.021021 0.040422
0 0.912913 0.189807 0.009009 0.028120
0 0.866867 0.170475 0.014014 0.033392
0 0.619620 0.244288 0.018018 0.042179
0 0.643644 0.112478 0.009009 0.022847
0 0.390390 0.205624 0.019019 0.029877
0 0.608609 0.108963 0.007007 0.015817
0 0.619620 0.210896 0.021021 0.033392
0 0.953954 0.179262 0.011011 0.028120
0 0.791792 0.166960 0.014014 0.026362
0 0.423423 0.156415 0.010010 0.021090
0 0.616617 0.142355 0.013013 0.031634
0 0.473473 0.193322 0.014014 0.028120
0 0.592593 0.152900 0.013013 0.022847
0 0.633634 0.159930 0.013013 0.028120
0 0.882883 0.231986 0.017017 0.042179
0 0.348348 0.151142 0.014014 0.031634
0 0.739740 0.175747 0.016016 0.033392
0 0.807808 0.131810 0.009009 0.022847
0 0.916917 0.156415 0.013013 0.035149
0 0.295295 0.228471 0.013013 0.028120
0 0.758759 0.131810 0.011011 0.022847
0 0.827828 0.177504 0.014014 0.026362
0 0.848849 0.239016 0.022022 0.043937
0 0.573574 0.226714 0.021021 0.033392
0 0.516517 0.131810 0.010010 0.019332
0 0.362362 0.254833 0.021021 0.038664
0 0.501502 0.123023 0.012012 0.022847
0 0.777778 0.302285 0.025025 0.057996
0 0.739740 0.235501 0.014014 0.038664
0 0.568569 0.177504 0.015015 0.024605
0 0.314314 0.228471 0.014014 0.028120
0 0.924925 0.251318 0.015015 0.040422
0 0.517518 0.179262 0.016016 0.031634
0 0.852853 0.149385 0.011011 0.031634
0 0.564565 0.149385 0.015015 0.031634
0 0.384384 0.156415 0.010010 0.021090
