0 0.623794 0.264124 0.014469 0.032486
0 0.900322 0.483051 0.026527 0.064972
0 0.626206 0.298023 0.023312 0.045198
0 0.528939 0.375706 0.025723 0.056497
0 0.914791 0.350282 0.020096 0.043785
0 0.591640 0.252825 0.015273 0.032486
0 0.513666 0.251412 0.012862 0.026836
0 0.870579 0.355932 0.020900 0.050847
0 0.347267 0.340395 0.022508 0.036723
0 0.424437 0.275424 0.016881 0.029661
0 0.460611 0.406780 0.025723 0.057910
0 0.625402 0.468927 0.032958 0.074859
0 0.809486 0.346045 0.018489 0.042373
0 0.749196 0.298023 0.016881 0.038136
0 0.920418 0.307910 0.012862 0.039548
0 0.562701 0.268362 0.018489 0.036723
0 0.827974 0.264124 0.013666 0.033898
0 0.571543 0.238701 0.011254 0.025424
0 0.422830 0.250000 0.013666 0.025424
0 0.301447 0.305085 0.016881 0.032486
0 0.532154 0.257062 0.014469 0.031073
0 0.774116 0.265537 0.017685 0.032486
0 0.378617 0.327684 0.016077 0.039548
0 0.830386 0.460452 0.032958 0.057910
0 0.545820 0.281073 0.016881 0.033898
0 0.257235 0.360169 0.022508 0.040960
0 0.728296 0.258475 0.014469 0.029661
0 0.790193 0.261299 0.014469 0.028249
0 0.137460 0.562147 0.036977 0.074859
0 0.466238 0.238701 0.012058 0.025424
0 0.661576 0.283898 0.020096 0.043785
0 0.520900 0.272599 0.016881 0.031073
0 0.796624 0.361582 0.024116 0.048023
0 0.681672 0.346045 0.022508 0.043785
0 0.605305 0.209040 0.013666 0.028249
0 0.885048 0.283898 0.017685 0.039548
0 0.290193 0.361582 0.021704 0.042373
0 0.844855 0.412429 0.028939 0.056497
0 0.729904 0.241525 0.013666 0.024011
0 0.663183 0.231638 0.010450 0.026836
0 0.404341 0.295198 0.015273 0.035311
0 0.659968 0.207627 0.012058 0.022599
0 0.766881 0.442090 0.031350 0.059322
0 0.618167 0.217514 0.011254 0.026836
0 0.837621 0.309322 0.017685 0.048023
0 0.735531 0.230226 0.013666 0.026836
0 0.803859 0.283898 0.014469 0.033898
0 0.590032 0.372881 0.026527 0.050847
0 0.674437 0.223164 0.012862 0.031073
0 0.525723 0.432203 0.029743 0.053672
0 0.714630 0.401130 0.029743 0.055085
0 0.859325 0.258475 0.014469 0.031073
0 0.811093 0.306497 0.017685 0.040960
0 0.408360 0.331921 0.020096 0.039548
0 0.500804 0.326271 0.019293 0.045198
0 0.769293 0.241525 0.014469 0.029661
0 0.474277 0.272599 0.016077 0.029661
0 0.698553 0.509887 0.035370 0.083333
0 0.697749 0.244350 0.012058 0.035311
0 0.573151 0.444915 0.032958 0.063559
0 0.439711 0.299435 0.016077 0.032486
0 0.221061 0.348870 0.018489 0.035311
0 0.799035 0.540960 0.036174 0.080508
0 0.352894 0.299435 0.016077 0.032486
0 0.405145 0.266949 0.016881 0.029661
0 0.877010 0.322034 0.014469 0.035311
0 0.754823 0.278249 0.012058 0.025424
0 0.556270 0.214689 0.012862 0.021186
0 0.311897 0.389831 0.024920 0.050847
0 0.660772 0.370056 0.026527 0.052260
0 0.590032 0.322034 0.023312 0.046610
0 0.844051 0.274011 0.015273 0.042373
0 0.434887 0.346045 0.019293 0.046610
0 0.489550 0.276836 0.018489 0.036723
0 0.466238 0.309322 0.017685 0.033898
0 0.638264 0.340395 0.020900 0.045198
0 0.385852 0.275424 0.019293 0.038136
0 0.448553 0.250000 0.014469 0.028249
