0 0.381538 0.429885 0.063077 0.119540
0 0.186154 0.356322 0.116923 0.211494
0 0.376923 0.280460 0.036923 0.062069
0 0.323077 0.243678 0.026154 0.045977
0 0.381538 0.236782 0.030769 0.048276
0 0.818462 0.232184 0.029231 0.055172
0 0.330769 0.308046 0.043077 0.080460
0 0.696923 0.349425 0.044615 0.085057
0 0.303077 0.225287 0.026154 0.043678
0 0.558462 0.280460 0.033846 0.055172
0 0.578462 0.250575 0.030769 0.055172
0 0.647692 0.441379 0.072308 0.114943
0 0.670769 0.379310 0.047692 0.082759
0 0.706154 0.239080 0.029231 0.055172
0 0.272308 0.252874 0.024615 0.048276
0 0.415385 0.222989 0.026154 0.048276
0 0.976923 0.264368 0.027692 0.052874
0 0.838462 0.271264 0.033846 0.059770
0 0.835385 0.342529 0.044615 0.091954
0 0.860000 0.275862 0.032308 0.039080
0 0.429231 0.271264 0.027692 0.052874
0 0.455385 0.248276 0.026154 0.048276
0 0.875385 0.308046 0.040000 0.071264
0 0.950769 0.236782 0.027692 0.050575
0 0.098462 0.264368 0.036923 0.066667
0 0.255385 0.326437 0.036923 0.082759
0 0.427692 0.370115 0.050769 0.087356
