0 0.822565 0.303237 0.024108 0.063032
0 0.584378 0.122658 0.017358 0.028961
0 0.177435 0.478705 0.046287 0.090290
0 0.360656 0.195911 0.018322 0.023850
0 0.899711 0.294719 0.023144 0.057922
0 0.869817 0.120954 0.013500 0.030664
0 0.604629 0.260647 0.023144 0.057922
0 0.531340 0.119250 0.016393 0.025554
0 0.533269 0.323680 0.022179 0.049404
0 0.702025 0.253833 0.025072 0.063032
0 0.766635 0.274276 0.027001 0.064736
0 0.561234 0.178876 0.016393 0.030664
0 0.357763 0.231687 0.016393 0.034072
0 0.923819 0.153322 0.012536 0.032368
0 0.477338 0.339012 0.027965 0.047700
0 0.458052 0.223169 0.020251 0.042589
0 0.897782 0.146508 0.014465 0.028961
0 0.415622 0.161840 0.016393 0.032368
0 0.485053 0.139693 0.013500 0.028961
0 0.565092 0.127768 0.011572 0.030664
0 0.511090 0.127768 0.013500 0.034072
0 0.399229 0.223169 0.016393 0.030664
0 0.685632 0.342419 0.035680 0.068143
0 0.830280 0.078365 0.017358 0.030664
0 0.653809 0.224872 0.026037 0.047700
0 0.390550 0.270869 0.019286 0.035775
