0 0.222222 0.428241 0.019097 0.037037
0 0.687500 0.625000 0.019097 0.032407
0 0.423611 0.550926 0.045139 0.064815
0 0.161458 0.435185 0.017361 0.023148
0 0.097222 0.368056 0.017361 0.023148
0 0.093750 0.386574 0.017361 0.032407
0 0.137153 0.502315 0.050347 0.060185
0 0.468750 0.557870 0.026042 0.037037
0 0.626736 0.604167 0.019097 0.037037
0 0.026042 0.504630 0.045139 0.071759
0 0.298611 0.548611 0.034722 0.062500
0 0.031250 0.423611 0.032986 0.050926
0 0.329861 0.472222 0.017361 0.030093
0 0.274306 0.530093 0.022569 0.043981
0 0.062500 0.479167 0.027778 0.050926
0 0.064236 0.437500 0.027778 0.039352
0 0.534722 0.583333 0.024306 0.037037
0 0.491319 0.578704 0.019097 0.034722
0 0.201389 0.518519 0.048611 0.062500
0 0.227431 0.488426 0.022569 0.039352
0 0.213542 0.562500 0.062500 0.090278
0 0.548611 0.597222 0.032986 0.041667
0 0.043403 0.368056 0.017361 0.027778
