0 0.552695 0.140288 0.016895 0.048561
0 0.831858 0.223022 0.014481 0.044964
0 0.985519 0.294964 0.018504 0.046763
0 0.687852 0.138489 0.012872 0.039568
0 0.561545 0.172662 0.016895 0.041367
0 0.713596 0.158273 0.015286 0.043165
0 0.516492 0.170863 0.020917 0.050360
0 0.900241 0.267986 0.015286 0.039568
0 0.226066 0.305755 0.021722 0.061151
0 0.813355 0.312950 0.023331 0.061151
0 0.755430 0.210432 0.016090 0.046763
0 0.709574 0.217626 0.016090 0.044964
0 0.687852 0.179856 0.016090 0.039568
0 0.618665 0.311151 0.025744 0.068345
0 0.266291 0.250000 0.022526 0.052158
0 0.572003 0.210432 0.021722 0.053957
0 0.596138 0.118705 0.016090 0.046763
0 0.485117 0.167266 0.018504 0.044964
0 0.806919 0.196043 0.020113 0.044964
0 0.792438 0.269784 0.020113 0.062950
0 0.775543 0.214029 0.017699 0.044964
0 0.748190 0.307554 0.020917 0.057554
0 0.346742 0.221223 0.016895 0.052158
0 0.445696 0.163669 0.016895 0.046763
0 0.870475 0.334532 0.019308 0.059353
0 0.621883 0.203237 0.017699 0.044964
0 0.425583 0.169065 0.016895 0.037770
0 0.387772 0.199640 0.018504 0.050360
0 0.572003 0.356115 0.023331 0.079137
0 0.907482 0.237410 0.019308 0.046763
0 0.362832 0.206835 0.017699 0.044964
0 0.728077 0.419065 0.032180 0.073741
0 0.603379 0.196043 0.016090 0.050360
0 0.436042 0.329137 0.023331 0.061151
0 0.580048 0.136691 0.017699 0.041367
0 0.112631 0.489209 0.047466 0.115108
0 0.974256 0.386691 0.016895 0.052158
0 0.467418 0.255396 0.023331 0.059353
0 0.428801 0.205036 0.016090 0.043165
0 0.963797 0.339928 0.016090 0.046763
0 0.930008 0.347122 0.019308 0.055755
0 0.975060 0.321942 0.013677 0.043165
0 0.493966 0.214029 0.019308 0.055755
0 0.856798 0.352518 0.018504 0.057554
0 0.793242 0.482014 0.039421 0.106115
0 0.724055 0.271583 0.020917 0.053957
0 0.605792 0.161871 0.015286 0.035971
0 0.530169 0.239209 0.024940 0.057554
0 0.305712 0.253597 0.018504 0.048561
0 0.815768 0.232014 0.016895 0.044964
0 0.396621 0.255396 0.019308 0.053957
0 0.658890 0.192446 0.016895 0.043165
0 0.199517 0.312950 0.020113 0.052158
0 0.665326 0.140288 0.015286 0.046763
0 0.631537 0.129496 0.015286 0.041367
0 0.661303 0.420863 0.028962 0.070144
0 0.948512 0.257194 0.012872 0.039568
0 0.885760 0.282374 0.022526 0.055755
0 0.325020 0.246403 0.020113 0.059353
0 0.952534 0.464029 0.024135 0.077338
0 0.654867 0.266187 0.024940 0.062950
0 0.370072 0.280576 0.024135 0.061151
0 0.877715 0.462230 0.029767 0.077338
0 0.603379 0.390288 0.028158 0.075540
0 0.935640 0.280576 0.015286 0.043165
0 0.493162 0.156475 0.013677 0.035971
0 0.740145 0.244604 0.021722 0.057554
