0 0.820312 0.357019 0.055664 0.103986
0 0.516602 0.242634 0.028320 0.048527
0 0.309570 0.334489 0.027344 0.045061
0 0.763672 0.384749 0.048828 0.093588
0 0.865234 0.466205 0.087891 0.126516
0 0.532227 0.317158 0.032227 0.058925
0 0.414062 0.322357 0.027344 0.060659
0 0.863281 0.566724 0.093750 0.176776
0 0.802734 0.436742 0.064453 0.114385
0 0.784180 0.190641 0.027344 0.053726
0 0.115234 0.175043 0.051758 0.086655
0 0.591797 0.228769 0.022461 0.048527
0 0.366211 0.334489 0.028320 0.046794
0 0.703125 0.348354 0.043945 0.086655
0 0.636719 0.320624 0.035156 0.065858
0 0.461914 0.313692 0.025391 0.062392
0 0.778320 0.696707 0.111328 0.218371
0 0.566406 0.329289 0.029297 0.065858
0 0.494141 0.324090 0.025391 0.057192
0 0.871094 0.169844 0.029297 0.057192
