0 0.693321 0.557598 0.096507 0.131536
0 0.432904 0.524510 0.037377 0.083742
0 0.248775 0.525735 0.050245 0.067810
0 0.558824 0.489379 0.056066 0.082516
0 0.352635 0.584559 0.112745 0.139706
0 0.197304 0.520833 0.057598 0.075980
0 0.518995 0.555556 0.064338 0.111520
0 0.958946 0.540850 0.062806 0.105392
0 0.087623 0.517974 0.068934 0.091503
0 0.118566 0.519199 0.047794 0.070670
0 0.626532 0.623366 0.098652 0.155637
0 0.027880 0.549428 0.050551 0.093546
0 0.891850 0.558007 0.053922 0.082925
0 0.402267 0.537173 0.040135 0.080474
