0 0.730836 0.246418 0.019164 0.031519
0 0.655052 0.289398 0.020906 0.038682
0 0.848432 0.292264 0.017422 0.037249
0 0.751742 0.402579 0.030488 0.054441
0 0.414634 0.325215 0.021777 0.041547
0 0.619338 0.243553 0.018293 0.030086
0 0.358014 0.290831 0.021777 0.030086
0 0.452962 0.338109 0.024390 0.038682
0 0.948606 0.446991 0.028746 0.067335
0 0.658537 0.217765 0.013937 0.030086
0 0.657666 0.458453 0.036585 0.077364
0 0.586237 0.212034 0.013066 0.020057
0 0.493902 0.395415 0.033972 0.053009
0 0.536585 0.230659 0.014808 0.024355
0 0.844077 0.348138 0.020035 0.048711
0 0.718641 0.292264 0.017422 0.041547
0 0.927700 0.313754 0.018293 0.035817
0 0.517422 0.320917 0.020906 0.040115
0 0.455575 0.253582 0.013937 0.028653
0 0.424216 0.267908 0.015679 0.028653
0 0.817944 0.255014 0.015679 0.032951
0 0.858014 0.501433 0.027875 0.065903
0 0.560976 0.246418 0.015679 0.030086
0 0.642857 0.359599 0.022648 0.047278
0 0.893728 0.266476 0.013937 0.038682
0 0.706446 0.213467 0.012195 0.025788
0 0.863240 0.329513 0.017422 0.045845
0 0.617596 0.217765 0.014808 0.025788
0 0.472997 0.236390 0.011324 0.028653
0 0.385889 0.339542 0.021777 0.037249
0 0.339721 0.352436 0.026132 0.055874
0 0.947735 0.319484 0.018293 0.037249
0 0.812718 0.233524 0.014808 0.031519
0 0.439895 0.305158 0.019164 0.028653
0 0.675958 0.366762 0.031359 0.053009
0 0.252613 0.361032 0.020035 0.047278
0 0.693380 0.265043 0.016551 0.037249
0 0.792683 0.250716 0.014808 0.030086
0 0.841463 0.237822 0.016551 0.031519
0 0.594077 0.259312 0.019164 0.031519
0 0.962544 0.365330 0.017422 0.042980
0 0.647213 0.246418 0.017422 0.032951
0 0.965157 0.309456 0.013937 0.035817
0 0.810976 0.422636 0.027875 0.061605
0 0.875436 0.250716 0.013937 0.031519
0 0.120209 0.520057 0.048780 0.084527
0 0.713415 0.353868 0.024390 0.047278
0 0.697735 0.217765 0.011324 0.025788
0 0.288328 0.361032 0.021777 0.038682
0 0.729965 0.290831 0.017422 0.037249
0 0.908537 0.250716 0.013937 0.028653
0 0.589721 0.226361 0.017422 0.028653
0 0.770035 0.250716 0.017422 0.030086
0 0.356272 0.323782 0.019164 0.035817
0 0.912892 0.333811 0.018293 0.041547
0 0.479965 0.305158 0.021777 0.030086
0 0.514808 0.263610 0.016551 0.027221
0 0.882404 0.315186 0.015679 0.038682
0 0.478223 0.226361 0.010453 0.021490
0 0.534843 0.273639 0.016551 0.035817
0 0.397213 0.253582 0.020906 0.037249
0 0.281359 0.309456 0.025261 0.035817
0 0.721254 0.532951 0.045296 0.080229
0 0.891986 0.375358 0.021777 0.058739
0 0.412892 0.292264 0.019164 0.034384
0 0.435540 0.250716 0.015679 0.028653
0 0.571429 0.275072 0.019164 0.034384
0 0.805749 0.269341 0.018293 0.035817
0 0.610627 0.436963 0.034843 0.065903
0 0.869338 0.438395 0.027003 0.063037
0 0.553136 0.352436 0.024390 0.057307
0 0.567944 0.219198 0.013937 0.022923
0 0.649826 0.200573 0.014808 0.031519
0 0.221254 0.330946 0.020035 0.038682
0 0.761324 0.232092 0.013066 0.030086
0 0.932056 0.272206 0.014808 0.032951
0 0.537456 0.246418 0.015679 0.025788
0 0.464286 0.267908 0.018293 0.032951
0 0.621080 0.320917 0.022648 0.044413
0 0.975610 0.297994 0.013937 0.034384
0 0.668118 0.336676 0.022648 0.048711
0 0.629791 0.203438 0.013066 0.030086
0 0.688153 0.204871 0.013066 0.024355
0 0.533101 0.448424 0.034843 0.057307
