0 0.532995 0.157609 0.017259 0.032609
0 0.419289 0.226449 0.021320 0.038043
0 0.818274 0.173913 0.019289 0.039855
0 0.685279 0.119565 0.014213 0.032609
0 0.873096 0.179348 0.013198 0.034420
0 0.946193 0.217391 0.016244 0.048913
0 0.444670 0.246377 0.027411 0.041667
0 0.531980 0.135870 0.012183 0.025362
0 0.553299 0.159420 0.017259 0.038043
0 0.699492 0.117754 0.013198 0.028986
0 0.918782 0.320652 0.025381 0.056159
0 0.495431 0.119565 0.010152 0.023551
0 0.427411 0.168478 0.019289 0.034420
0 0.502538 0.199275 0.020305 0.047101
0 0.712690 0.155797 0.015228 0.043478
0 0.723858 0.282609 0.032487 0.070652
0 0.531980 0.195652 0.019289 0.041667
0 0.786802 0.157609 0.018274 0.039855
0 0.618274 0.143116 0.016244 0.032609
0 0.748223 0.204710 0.021320 0.047101
0 0.773604 0.186594 0.021320 0.047101
0 0.604061 0.099638 0.013198 0.023551
0 0.832487 0.233696 0.018274 0.047101
0 0.373604 0.190217 0.021320 0.038043
0 0.703553 0.199275 0.020305 0.045290
0 0.752284 0.240942 0.022335 0.048913
0 0.572589 0.137681 0.017259 0.034420
0 0.659898 0.134058 0.017259 0.034420
0 0.655838 0.099638 0.019289 0.032609
0 0.453807 0.152174 0.015228 0.034420
0 0.786802 0.128623 0.020305 0.041667
0 0.838579 0.157609 0.017259 0.050725
0 0.375635 0.230072 0.019289 0.038043
0 0.433503 0.197464 0.019289 0.038043
0 0.437563 0.141304 0.015228 0.030797
0 0.940102 0.166667 0.016244 0.043478
0 0.469036 0.188406 0.018274 0.036232
0 0.679188 0.181159 0.020305 0.045290
0 0.623350 0.297101 0.028426 0.056159
0 0.891371 0.231884 0.021320 0.041667
0 0.637563 0.219203 0.020305 0.043478
0 0.157360 0.449275 0.060914 0.125000
0 0.763452 0.144928 0.018274 0.034420
0 0.832487 0.333333 0.028426 0.068841
0 0.883249 0.266304 0.021320 0.054348
0 0.397970 0.164855 0.020305 0.036232
0 0.894416 0.199275 0.016244 0.034420
0 0.693401 0.320652 0.033503 0.056159
0 0.468020 0.235507 0.022335 0.043478
0 0.392893 0.231884 0.025381 0.050725
0 0.583756 0.106884 0.014213 0.027174
0 0.811168 0.244565 0.024365 0.056159
0 0.604061 0.130435 0.018274 0.036232
0 0.740102 0.134058 0.020305 0.036232
0 0.692386 0.166667 0.020305 0.039855
0 0.783756 0.233696 0.026396 0.043478
0 0.607107 0.253623 0.031472 0.067029
0 0.484264 0.141304 0.013198 0.034420
0 0.584772 0.168478 0.020305 0.041667
0 0.465990 0.157609 0.018274 0.032609
0 0.556345 0.273551 0.025381 0.047101
0 0.856853 0.193841 0.015228 0.036232
0 0.727919 0.170290 0.019289 0.041667
0 0.621320 0.119565 0.015228 0.027174
