0 0.338682 0.366136 0.027027 0.056440
0 0.739020 0.413893 0.028716 0.049204
0 0.448480 0.348770 0.019426 0.040521
0 0.122466 0.561505 0.040541 0.075253
0 0.434122 0.272069 0.015203 0.024602
0 0.719595 0.261939 0.019426 0.031838
0 0.518581 0.334298 0.020270 0.030391
0 0.358108 0.345876 0.016892 0.041968
0 0.798142 0.247467 0.016047 0.030391
0 0.876689 0.405210 0.027872 0.065123
0 0.609797 0.393632 0.027027 0.050651
0 0.565878 0.235890 0.010980 0.033285
0 0.533784 0.292330 0.025338 0.047757
0 0.611486 0.342981 0.023649 0.034732
0 0.428209 0.309696 0.021115 0.040521
0 0.531250 0.264834 0.016892 0.031838
0 0.889358 0.350217 0.012669 0.040521
0 0.654561 0.267728 0.016892 0.030391
0 0.483108 0.321274 0.023649 0.027496
0 0.580236 0.232996 0.013514 0.026049
0 0.837838 0.522431 0.028716 0.075253
0 0.688345 0.219971 0.010980 0.024602
0 0.859797 0.264834 0.016047 0.026049
0 0.942568 0.477569 0.030405 0.062229
0 0.265203 0.356006 0.019426 0.041968
0 0.517736 0.272069 0.011824 0.024602
0 0.829392 0.373372 0.029561 0.047757
0 0.826858 0.254703 0.012669 0.031838
0 0.470439 0.290883 0.018581 0.026049
0 0.651182 0.235890 0.017736 0.028944
0 0.230574 0.348770 0.018581 0.030391
0 0.603885 0.467438 0.032939 0.065123
0 0.555743 0.260492 0.018581 0.033285
0 0.412162 0.315485 0.024493 0.043415
0 0.898649 0.267728 0.012669 0.033285
0 0.663007 0.384949 0.027872 0.040521
0 0.554899 0.296671 0.018581 0.033285
0 0.760980 0.244573 0.014358 0.030391
0 0.831926 0.314038 0.021959 0.039074
0 0.641892 0.222865 0.012669 0.026049
0 0.593750 0.285094 0.016892 0.028944
0 0.709459 0.309696 0.021115 0.039074
0 0.906250 0.331404 0.018581 0.044863
0 0.398649 0.270622 0.014358 0.034732
0 0.474662 0.251809 0.020270 0.026049
0 0.358953 0.306802 0.021959 0.026049
0 0.652027 0.484805 0.038007 0.079595
0 0.933277 0.312590 0.020270 0.036179
0 0.702703 0.380608 0.020270 0.036179
0 0.554054 0.431259 0.021959 0.044863
0 0.799831 0.298119 0.016047 0.041968
0 0.913007 0.289436 0.017736 0.039074
0 0.649493 0.314038 0.027872 0.037627
0 0.862331 0.331404 0.015203 0.041968
0 0.618243 0.259045 0.014358 0.027496
0 0.722128 0.526773 0.040541 0.075253
0 0.952703 0.371925 0.018581 0.037627
0 0.747466 0.263386 0.013514 0.034732
0 0.682432 0.305355 0.015203 0.036179
0 0.552365 0.373372 0.021959 0.041968
0 0.953547 0.324168 0.015203 0.031838
0 0.594595 0.247467 0.014358 0.026049
0 0.959459 0.286541 0.015203 0.031838
0 0.803209 0.442836 0.030405 0.062229
0 0.934122 0.342981 0.016892 0.030391
0 0.688345 0.243126 0.016892 0.030391
0 0.288851 0.321274 0.019426 0.026049
0 0.881757 0.282200 0.014358 0.026049
