0 0.736295 0.161130 0.017013 0.034884
0 0.539698 0.199336 0.015123 0.036545
0 0.734405 0.277409 0.026465 0.056478
0 0.254253 0.428571 0.042533 0.101329
0 0.480151 0.197674 0.013233 0.033223
0 0.456522 0.186047 0.015123 0.034884
0 0.460302 0.224252 0.016068 0.038206
0 0.475425 0.149502 0.010397 0.023256
0 0.790170 0.289037 0.023629 0.053156
0 0.424386 0.229236 0.017013 0.036545
0 0.313800 0.289037 0.015123 0.034884
0 0.694707 0.151163 0.016068 0.036545
0 0.207940 0.461794 0.044423 0.104651
0 0.724953 0.141196 0.015123 0.028239
0 0.809074 0.179402 0.015123 0.038206
0 0.368620 0.262458 0.015123 0.036545
0 0.660681 0.255814 0.019849 0.048173
0 0.563327 0.146179 0.012287 0.031561
0 0.777883 0.161130 0.015123 0.034884
0 0.754253 0.144518 0.014178 0.033223
0 0.482987 0.327243 0.021739 0.051495
0 0.583176 0.152824 0.013233 0.029900
