0 0.809475 0.260148 0.020597 0.047970
0 0.886715 0.197417 0.019567 0.035055
0 0.453141 0.149446 0.015448 0.025830
0 0.415036 0.193727 0.016478 0.036900
0 0.915551 0.166052 0.014418 0.035055
0 0.566426 0.175277 0.014418 0.033210
0 0.693100 0.119926 0.012358 0.025830
0 0.312049 0.230627 0.020597 0.038745
0 0.939238 0.202952 0.014418 0.029520
0 0.582904 0.169742 0.015448 0.033210
0 0.625129 0.289668 0.029866 0.059041
0 0.790937 0.193727 0.017508 0.042435
0 0.329557 0.193727 0.018538 0.035055
0 0.854789 0.260148 0.019567 0.047970
0 0.532441 0.118081 0.011329 0.020295
0 0.910402 0.383764 0.024717 0.064576
0 0.920700 0.326568 0.027806 0.049815
0 0.882595 0.225092 0.015448 0.036900
0 0.913491 0.230627 0.017508 0.038745
0 0.592173 0.228782 0.018538 0.036900
0 0.701339 0.114391 0.012358 0.018450
0 0.875386 0.158672 0.013388 0.025830
0 0.834192 0.204797 0.016478 0.038745
0 0.609681 0.119926 0.011329 0.025830
0 0.569516 0.132841 0.013388 0.022140
0 0.475798 0.217712 0.021627 0.046125
0 0.845520 0.319188 0.021627 0.049815
0 0.442842 0.202952 0.020597 0.036900
0 0.764161 0.127306 0.011329 0.027675
0 0.510814 0.112546 0.013388 0.022140
0 0.710608 0.184502 0.016478 0.040590
0 0.485067 0.142066 0.014418 0.027675
0 0.642636 0.108856 0.010299 0.022140
0 0.421215 0.171587 0.014418 0.025830
0 0.878476 0.147601 0.012358 0.025830
0 0.628218 0.095941 0.012358 0.023985
0 0.657055 0.105166 0.011329 0.022140
0 0.940268 0.273063 0.022657 0.042435
0 0.501545 0.130996 0.013388 0.023985
0 0.666323 0.173432 0.016478 0.031365
0 0.593203 0.287823 0.024717 0.046125
0 0.653965 0.273063 0.021627 0.047970
0 0.510814 0.154982 0.011329 0.025830
0 0.634398 0.234317 0.018538 0.035055
0 0.750772 0.143911 0.014418 0.023985
0 0.418126 0.153137 0.014418 0.023985
0 0.786818 0.166052 0.015448 0.031365
0 0.629248 0.140221 0.014418 0.022140
0 0.828012 0.359779 0.026777 0.066421
0 0.740474 0.151292 0.014418 0.031365
0 0.765191 0.374539 0.028836 0.068266
0 0.631308 0.195572 0.019567 0.040590
0 0.557158 0.130996 0.011329 0.023985
0 0.664264 0.204797 0.019567 0.035055
0 0.828012 0.169742 0.013388 0.029520
0 0.580844 0.112546 0.013388 0.022140
0 0.865088 0.173432 0.013388 0.031365
0 0.743563 0.125461 0.014418 0.025830
0 0.705458 0.156827 0.013388 0.023985
0 0.788877 0.284133 0.022657 0.047970
0 0.850669 0.184502 0.016478 0.031365
0 0.711637 0.250923 0.019567 0.042435
0 0.600412 0.134686 0.014418 0.025830
0 0.815654 0.180812 0.013388 0.033210
0 0.777549 0.125461 0.010299 0.023985
0 0.543769 0.125461 0.011329 0.023985
0 0.529351 0.265683 0.021627 0.047970
0 0.531411 0.147601 0.015448 0.027675
0 0.850669 0.145756 0.012358 0.025830
0 0.347065 0.199262 0.016478 0.031365
