0 0.302575 0.522857 0.038627 0.071429
0 0.545064 0.531429 0.055794 0.077143
0 0.888412 0.671429 0.107296 0.171429
0 0.920601 0.440000 0.049356 0.074286
0 0.130901 0.508571 0.047210 0.062857
0 0.510730 0.428571 0.034335 0.057143
0 0.847639 0.574286 0.066524 0.114286
0 0.669528 0.468571 0.045064 0.091429
0 0.575107 0.457143 0.038627 0.068571
0 0.695279 0.434286 0.038627 0.071429
0 0.525751 0.591429 0.068670 0.111429
0 0.227468 0.514286 0.049356 0.074286
0 0.266094 0.474286 0.038627 0.062857
0 0.075107 0.508571 0.042918 0.060000
0 0.699571 0.502857 0.049356 0.080000
0 0.783262 0.442857 0.045064 0.062857
0 0.613734 0.420000 0.038627 0.060000
0 0.744635 0.557143 0.064378 0.100000
0 0.862661 0.491429 0.060086 0.082857
0 0.626609 0.580000 0.066524 0.120000
0 0.115880 0.571429 0.053648 0.071429
0 0.206009 0.442857 0.038627 0.062857
0 0.839056 0.391429 0.036481 0.065714
0 0.347639 0.468571 0.040773 0.057143
0 0.190987 0.600000 0.062232 0.080000
0 0.424893 0.505714 0.042918 0.062857
