0 0.231707 0.619469 0.065854 0.128319
0 0.395122 0.256637 0.034146 0.061947
0 0.548780 0.526549 0.058537 0.123894
0 0.148780 0.314159 0.039024 0.075221
0 0.860976 0.340708 0.036585 0.066372
0 0.800000 0.331858 0.036585 0.066372
0 0.846341 0.292035 0.039024 0.075221
0 0.704878 0.274336 0.029268 0.075221
0 0.119512 0.517699 0.056098 0.119469
0 0.326829 0.287611 0.029268 0.066372
0 0.485366 0.606195 0.060976 0.101770
0 0.231707 0.331858 0.043902 0.092920
0 0.304878 0.433628 0.056098 0.101770
0 0.268293 0.269912 0.039024 0.066372
0 0.765854 0.287611 0.034146 0.066372
0 0.209756 0.455752 0.048780 0.097345
0 0.300000 0.106195 0.031707 0.061947
0 0.436585 0.283186 0.031707 0.066372
0 0.453659 0.137168 0.029268 0.061947
0 0.353659 0.619469 0.043902 0.088496
