0 0.368000 0.306306 0.057000 0.091592
0 0.512000 0.276276 0.047000 0.075075
0 0.725000 0.336336 0.044000 0.088589
0 0.643000 0.318318 0.027000 0.055556
0 0.536000 0.319820 0.043000 0.079580
0 0.559000 0.301802 0.038000 0.069069
0 0.834000 0.345345 0.052000 0.084084
0 0.129000 0.273273 0.077000 0.117117
0 0.321000 0.343844 0.042000 0.075075
0 0.251000 0.270270 0.066000 0.109610
0 0.625000 0.301802 0.041000 0.075075
0 0.783000 0.315315 0.023000 0.051051
0 0.465000 0.321321 0.032000 0.063063
0 0.421000 0.303303 0.039000 0.076577
0 0.287000 0.295796 0.032000 0.058559
0 0.015000 0.343844 0.028000 0.078078
