0 0.668161 0.252964 0.020179 0.051383
0 0.369955 0.274704 0.020179 0.043478
0 0.801570 0.132411 0.008969 0.025692
0 0.681614 0.193676 0.016816 0.039526
0 0.550448 0.152174 0.010090 0.025692
0 0.674888 0.122530 0.011211 0.025692
0 0.852018 0.233202 0.021300 0.051383
0 0.365471 0.247036 0.017937 0.043478
0 0.563901 0.286561 0.022422 0.057312
0 0.439462 0.175889 0.014574 0.031621
0 0.714126 0.169960 0.012332 0.031621
0 0.704036 0.140316 0.011211 0.027668
0 0.405830 0.195652 0.013453 0.031621
0 0.475336 0.193676 0.014574 0.033597
0 0.549327 0.245059 0.019058 0.043478
0 0.729821 0.124506 0.011211 0.025692
0 0.819507 0.217391 0.015695 0.041502
0 0.829596 0.304348 0.023543 0.057312
0 0.885650 0.158103 0.008969 0.025692
0 0.393498 0.219368 0.015695 0.027668
0 0.470852 0.235178 0.017937 0.043478
0 0.605381 0.138340 0.010090 0.025692
0 0.856502 0.158103 0.011211 0.029644
0 0.326233 0.231225 0.013453 0.031621
0 0.567265 0.169960 0.015695 0.035573
0 0.651345 0.211462 0.016816 0.043478
0 0.791480 0.183794 0.014574 0.035573
0 0.726457 0.201581 0.016816 0.039526
0 0.535874 0.193676 0.017937 0.041502
0 0.770179 0.292490 0.022422 0.061265
0 0.713004 0.217391 0.019058 0.041502
0 0.641256 0.187747 0.014574 0.039526
0 0.680493 0.154150 0.013453 0.033597
0 0.316143 0.247036 0.015695 0.039526
0 0.616592 0.245059 0.019058 0.049407
0 0.503363 0.189723 0.015695 0.035573
0 0.360987 0.205534 0.013453 0.023715
0 0.427130 0.237154 0.016816 0.033597
0 0.299327 0.254941 0.013453 0.033597
0 0.612108 0.124506 0.008969 0.019763
0 0.612108 0.150198 0.011211 0.027668
0 0.838565 0.185771 0.013453 0.035573
0 0.191704 0.409091 0.038117 0.075099
0 0.717489 0.282609 0.023543 0.055336
0 0.590807 0.335968 0.025785 0.061265
0 0.383408 0.191700 0.012332 0.027668
0 0.454036 0.146245 0.007848 0.023715
0 0.484305 0.138340 0.008969 0.021739
0 0.878924 0.205534 0.013453 0.041502
0 0.484305 0.304348 0.022422 0.057312
0 0.445067 0.191700 0.011211 0.029644
0 0.625561 0.207510 0.016816 0.043478
0 0.346413 0.231225 0.014574 0.033597
0 0.531390 0.167984 0.013453 0.029644
0 0.781390 0.148221 0.012332 0.031621
0 0.825112 0.146245 0.012332 0.033597
0 0.882287 0.169960 0.012332 0.029644
0 0.554933 0.130435 0.011211 0.025692
0 0.748879 0.173913 0.013453 0.035573
0 0.495516 0.152174 0.011211 0.025692
0 0.247758 0.260870 0.012332 0.029644
0 0.588565 0.124506 0.007848 0.019763
0 0.763453 0.138340 0.013453 0.031621
