0 0.393968 0.288557 0.024505 0.044776
0 0.715363 0.220564 0.021678 0.041459
0 0.385485 0.192371 0.012253 0.023217
0 0.686145 0.155887 0.013195 0.026534
0 0.490104 0.205638 0.016965 0.034826
0 0.442978 0.192371 0.013195 0.028192
0 0.588124 0.149254 0.012253 0.024876
0 0.675778 0.131012 0.013195 0.029851
0 0.785108 0.140962 0.013195 0.028192
0 0.892554 0.182421 0.012253 0.023217
0 0.769086 0.207297 0.019793 0.043118
0 0.467484 0.145937 0.011310 0.024876
0 0.635250 0.328358 0.023563 0.053068
0 0.584354 0.228856 0.024505 0.049751
0 0.457116 0.225539 0.013195 0.033167
0 0.759661 0.286899 0.021678 0.044776
0 0.843544 0.184080 0.012253 0.031509
0 0.843544 0.326700 0.020735 0.056385
0 0.909519 0.235489 0.017908 0.039801
0 0.718190 0.296849 0.019793 0.046434
0 0.331762 0.227197 0.016965 0.023217
0 0.703110 0.185738 0.017908 0.034826
0 0.901979 0.164179 0.010368 0.024876
0 0.370405 0.271973 0.018850 0.038143
0 0.303487 0.255390 0.016023 0.023217
0 0.451461 0.175788 0.016023 0.028192
0 0.497644 0.159204 0.013195 0.021559
0 0.562677 0.127695 0.016023 0.028192
0 0.605090 0.122720 0.010368 0.024876
0 0.865221 0.293532 0.021678 0.046434
0 0.553252 0.165837 0.011310 0.023217
0 0.773798 0.135987 0.010368 0.023217
0 0.637135 0.150912 0.014138 0.029851
0 0.587182 0.298507 0.022620 0.049751
0 0.621112 0.253731 0.023563 0.053068
0 0.664467 0.260365 0.019793 0.043118
0 0.663525 0.205638 0.018850 0.034826
0 0.480679 0.145937 0.011310 0.019900
0 0.813384 0.131012 0.016023 0.028192
0 0.725730 0.177446 0.015080 0.029851
0 0.334590 0.258706 0.016023 0.033167
0 0.737983 0.207297 0.016023 0.036484
0 0.414703 0.200663 0.015080 0.031509
0 0.827521 0.207297 0.016023 0.039801
0 0.052780 0.394693 0.026390 0.049751
0 0.770971 0.162521 0.014138 0.031509
0 0.566447 0.182421 0.016023 0.033167
0 0.736098 0.119403 0.012253 0.023217
0 0.529689 0.174129 0.011310 0.023217
0 0.834119 0.157546 0.014138 0.026534
0 0.399623 0.218905 0.015080 0.029851
0 0.933082 0.265340 0.023563 0.048093
0 0.350613 0.263682 0.016965 0.036484
0 0.889727 0.212272 0.015080 0.033167
0 0.379830 0.199005 0.013195 0.028192
0 0.796418 0.170813 0.016023 0.031509
0 0.542884 0.165837 0.015080 0.028192
0 0.276155 0.243781 0.014138 0.029851
0 0.781338 0.232172 0.021678 0.044776
0 0.619227 0.132670 0.013195 0.024876
0 0.650330 0.124378 0.012253 0.028192
0 0.498586 0.313433 0.025448 0.053068
0 0.474081 0.237148 0.016023 0.034826
0 0.748351 0.152570 0.013195 0.031509
0 0.633365 0.210614 0.018850 0.038143
0 0.611687 0.157546 0.015080 0.031509
0 0.327992 0.210614 0.013195 0.021559
0 0.871819 0.165837 0.013195 0.029851
0 0.358153 0.228856 0.017908 0.028192
