0 0.058000 0.623932 0.096000 0.153846
0 0.720000 0.498575 0.056000 0.116809
0 0.590000 0.552707 0.086000 0.139601
0 0.448000 0.498575 0.072000 0.139601
0 0.122000 0.586895 0.072000 0.116809
0 0.692000 0.735043 0.114000 0.227920
0 0.826000 0.547009 0.094000 0.125356
0 0.396000 0.492877 0.052000 0.091168
0 0.648000 0.447293 0.066000 0.102564
0 0.134000 0.481481 0.072000 0.099715
0 0.850000 0.803419 0.216000 0.310541
0 0.496000 0.524217 0.076000 0.108262
0 0.628000 0.290598 0.040000 0.076923
0 0.916000 0.484330 0.064000 0.105413
0 0.952000 0.575499 0.092000 0.136752
