0 0.127692 0.277929 0.023077 0.054496
0 0.353846 0.343324 0.032308 0.059946
0 0.363077 0.697548 0.053846 0.103542
0 0.604615 0.239782 0.024615 0.049046
0 0.461538 0.237057 0.026154 0.051771
0 0.335385 0.433243 0.050769 0.103542
0 0.841538 0.318801 0.026154 0.073569
0 0.520000 0.531335 0.041538 0.100817
0 0.330769 0.264305 0.024615 0.054496
0 0.427692 0.425068 0.038462 0.087193
0 0.375385 0.280654 0.029231 0.057221
0 0.586154 0.479564 0.038462 0.087193
0 0.256923 0.280654 0.023077 0.049046
0 0.661538 0.307902 0.026154 0.054496
0 0.752308 0.367847 0.024615 0.062670
0 0.410769 0.198910 0.024615 0.057221
0 0.150769 0.324251 0.026154 0.062670
0 0.313846 0.313351 0.027692 0.073569
0 0.293846 0.400545 0.036923 0.084469
0 0.766154 0.299728 0.024615 0.054496
0 0.192308 0.411444 0.040000 0.081744
0 0.883077 0.389646 0.029231 0.084469
0 0.561538 0.305177 0.023077 0.068120
0 0.824615 0.405995 0.040000 0.089918
0 0.306154 0.585831 0.055385 0.130790
0 0.464615 0.354223 0.032308 0.070845
0 0.563077 0.261580 0.020000 0.043597
0 0.606154 0.324251 0.029231 0.062670
0 0.913846 0.373297 0.023077 0.068120
0 0.243077 0.465940 0.056923 0.108992
0 0.653846 0.245232 0.018462 0.040872
0 0.649231 0.607629 0.049231 0.125341
0 0.235385 0.258856 0.018462 0.049046
0 0.887692 0.487738 0.049231 0.108992
0 0.192308 0.264305 0.033846 0.057221
0 0.690769 0.561308 0.044615 0.122616
0 0.223077 0.318801 0.036923 0.065395
0 0.792308 0.356948 0.023077 0.057221
0 0.723077 0.313351 0.032308 0.068120
0 0.487692 0.637602 0.064615 0.111717
0 0.520000 0.245232 0.023077 0.043597
0 0.378462 0.544959 0.043077 0.098093
0 0.610769 0.272480 0.020000 0.043597
0 0.558462 0.212534 0.023077 0.046322
0 0.658462 0.275204 0.018462 0.040872
0 0.932308 0.452316 0.036923 0.089918
0 0.513846 0.209809 0.020000 0.040872
0 0.415385 0.340599 0.024615 0.062670
0 0.513846 0.414169 0.035385 0.070845
0 0.172308 0.365123 0.033846 0.073569
0 0.509231 0.280654 0.026154 0.049046
0 0.700000 0.373297 0.030769 0.068120
0 0.261538 0.354223 0.032308 0.070845
0 0.386154 0.403270 0.033846 0.076294
0 0.696923 0.277929 0.023077 0.054496
0 0.292308 0.239782 0.023077 0.049046
0 0.984615 0.449591 0.029231 0.081744
