0 0.205837 0.401235 0.036932 0.053241
0 0.586002 0.387731 0.022211 0.038580
0 0.534349 0.444444 0.045971 0.070988
0 0.092459 0.569444 0.097624 0.160880
0 0.657800 0.408565 0.030733 0.047068
0 0.333936 0.316744 0.029184 0.050926
0 0.053719 0.447531 0.042614 0.070988
0 0.636622 0.416667 0.027376 0.040509
0 0.695248 0.411651 0.034091 0.050926
0 0.165031 0.403935 0.034866 0.064815
0 0.149019 0.421682 0.038998 0.056327
0 0.373709 0.384259 0.028151 0.048997
0 0.359762 0.447145 0.051653 0.077932
0 0.321539 0.361497 0.029442 0.055170
0 0.245610 0.402778 0.044163 0.070988
0 0.500258 0.429784 0.033574 0.058256
0 0.207386 0.588735 0.105372 0.184799
0 0.602014 0.403164 0.027893 0.051312
0 0.582903 0.442130 0.039773 0.066744
0 0.356663 0.389660 0.028667 0.053241
0 0.347882 0.511574 0.065857 0.111497
0 0.619835 0.475694 0.050878 0.081404
0 0.069215 0.422068 0.048037 0.074074
0 0.073605 0.618441 0.090651 0.150077
0 0.900826 0.351466 0.045971 0.066744
0 0.473399 0.460648 0.049587 0.082562
0 0.622159 0.312114 0.030733 0.050154
0 0.438017 0.467593 0.064050 0.091821
