0 0.665613 0.175585 0.015020 0.035117
0 0.988933 0.260870 0.018972 0.041806
0 0.443478 0.295987 0.022925 0.060201
0 0.604743 0.122074 0.015810 0.040134
0 0.358893 0.210702 0.015810 0.041806
0 0.678261 0.245819 0.021344 0.058528
0 0.505929 0.197324 0.016601 0.041806
0 0.685375 0.170569 0.018972 0.046823
0 0.783399 0.200669 0.016601 0.046823
0 0.980237 0.366221 0.018182 0.053512
0 0.814229 0.187291 0.018182 0.048495
0 0.750198 0.204013 0.016601 0.051839
0 0.957312 0.459866 0.022925 0.076923
0 0.827668 0.220736 0.017391 0.045151
0 0.316206 0.234114 0.015810 0.050167
0 0.363636 0.192308 0.015020 0.031773
0 0.279842 0.229097 0.017391 0.043478
0 0.377075 0.267559 0.023715 0.058528
0 0.338340 0.224080 0.017391 0.048495
0 0.633992 0.195652 0.016601 0.046823
0 0.328854 0.195652 0.018972 0.046823
0 0.758893 0.229097 0.016601 0.043478
0 0.609486 0.369565 0.023715 0.063545
0 0.533597 0.155518 0.015020 0.038462
0 0.728854 0.389632 0.026877 0.063545
0 0.558103 0.158863 0.014229 0.041806
0 0.561265 0.219064 0.021344 0.048495
0 0.872727 0.392977 0.026087 0.070234
0 0.622134 0.158863 0.015810 0.038462
0 0.716996 0.148829 0.014229 0.038462
0 0.783399 0.168896 0.015020 0.041806
0 0.719368 0.274247 0.022134 0.060201
0 0.664822 0.409699 0.032411 0.075251
0 0.660870 0.145485 0.012648 0.038462
0 0.911462 0.225753 0.015810 0.040134
0 0.561265 0.344482 0.023715 0.061873
0 0.936759 0.269231 0.015020 0.043478
0 0.901976 0.252508 0.014229 0.040134
0 0.404743 0.188963 0.018972 0.041806
0 0.593676 0.165552 0.016601 0.040134
0 0.479051 0.247492 0.022925 0.051839
0 0.437945 0.198997 0.016601 0.038462
0 0.864032 0.513378 0.035573 0.083612
0 0.675099 0.128763 0.012648 0.038462
0 0.796838 0.255853 0.020553 0.056856
0 0.694862 0.133779 0.016601 0.036789
0 0.979447 0.301003 0.014229 0.033445
0 0.041107 0.633779 0.050593 0.120401
0 0.562055 0.133779 0.015020 0.033445
0 0.210277 0.264214 0.015810 0.041806
0 0.502767 0.147157 0.015810 0.043478
0 0.972332 0.329431 0.017391 0.050167
0 0.866403 0.337793 0.021344 0.055184
0 0.462451 0.160535 0.017391 0.043478
0 0.875099 0.229097 0.016601 0.041806
0 0.641107 0.123746 0.015020 0.041806
0 0.413439 0.230769 0.016601 0.036789
0 0.485375 0.162207 0.016601 0.043478
0 0.622134 0.284281 0.024506 0.060201
0 0.588142 0.132107 0.013439 0.038462
0 0.950198 0.374582 0.025296 0.070234
0 0.893281 0.274247 0.018972 0.048495
0 0.924111 0.319398 0.021344 0.046823
0 0.738340 0.209030 0.018182 0.046823
