0 0.430000 0.222420 0.016000 0.037367
0 0.172000 0.400356 0.053000 0.124555
0 0.640000 0.115658 0.013000 0.028470
0 0.411000 0.201068 0.017000 0.039146
0 0.605000 0.104982 0.012000 0.019573
0 0.589000 0.103203 0.012000 0.026690
0 0.446000 0.254448 0.023000 0.042705
0 0.470000 0.233096 0.021000 0.035587
0 0.641000 0.236655 0.023000 0.051601
0 0.340000 0.489324 0.064000 0.126335
0 0.600000 0.217082 0.022000 0.044484
0 0.669000 0.108541 0.016000 0.026690
0 0.368000 0.231317 0.022000 0.046263
0 0.480000 0.195730 0.020000 0.042705
