0 0.697566 0.227953 0.022472 0.049917
0 0.493446 0.291181 0.029963 0.058236
0 0.399813 0.299501 0.028090 0.053245
0 0.320225 0.219634 0.016854 0.038270
0 0.485955 0.191348 0.015918 0.031614
0 0.618914 0.123128 0.013109 0.029950
0 0.488764 0.226290 0.023408 0.046589
0 0.344569 0.216306 0.018727 0.039933
0 0.901685 0.129784 0.012172 0.031614
0 0.675094 0.111481 0.014045 0.031614
0 0.858614 0.159734 0.012172 0.034942
0 0.563670 0.251248 0.022472 0.051581
0 0.851124 0.194676 0.018727 0.046589
0 0.603933 0.326123 0.031835 0.059900
0 0.638577 0.124792 0.013109 0.028286
0 0.874532 0.217970 0.020599 0.051581
0 0.640449 0.099834 0.015918 0.033278
0 0.610487 0.211314 0.025281 0.043261
0 0.346442 0.277870 0.023408 0.053245
0 0.521536 0.138103 0.014045 0.034942
0 0.674157 0.202995 0.024345 0.051581
0 0.507491 0.164725 0.016854 0.029950
0 0.662921 0.257903 0.025281 0.053245
0 0.602996 0.261231 0.024345 0.051581
0 0.629213 0.151414 0.015918 0.034942
0 0.482210 0.174709 0.016854 0.028286
0 0.388577 0.199667 0.016854 0.034942
0 0.413858 0.168053 0.015918 0.028286
0 0.447566 0.156406 0.015918 0.034942
0 0.414794 0.224626 0.018727 0.038270
0 0.818352 0.168053 0.015918 0.036606
0 0.798689 0.138103 0.014045 0.028286
0 0.891386 0.199667 0.014045 0.043261
0 0.926030 0.289517 0.026217 0.056572
0 0.537453 0.306156 0.029963 0.068220
0 0.929775 0.201331 0.015918 0.046589
0 0.679775 0.151414 0.017790 0.041597
0 0.762172 0.161398 0.015918 0.036606
0 0.571161 0.163062 0.014981 0.034942
0 0.925094 0.179700 0.013109 0.028286
0 0.307116 0.256240 0.020599 0.043261
0 0.461610 0.211314 0.017790 0.033278
0 0.781835 0.131448 0.014045 0.029950
0 0.538390 0.201331 0.017790 0.039933
0 0.537453 0.159734 0.018727 0.034942
0 0.615169 0.106489 0.012172 0.029950
0 0.551498 0.146423 0.014045 0.028286
0 0.694757 0.098170 0.014045 0.033278
0 0.866105 0.128120 0.014981 0.029950
0 0.433521 0.194676 0.015918 0.029950
0 0.600187 0.101498 0.012172 0.026622
0 0.259363 0.284526 0.020599 0.034942
0 0.821161 0.227953 0.021536 0.053245
0 0.474719 0.146423 0.013109 0.028286
0 0.487828 0.133111 0.013109 0.028286
0 0.738764 0.179700 0.019663 0.043261
0 0.676030 0.336106 0.036517 0.069884
0 0.693820 0.181364 0.020599 0.043261
0 0.710674 0.141431 0.018727 0.038270
0 0.797753 0.173045 0.020599 0.044925
0 0.583333 0.149750 0.016854 0.029950
0 0.929775 0.154742 0.014045 0.033278
0 0.060861 0.397671 0.035581 0.074875
0 0.441948 0.222962 0.023408 0.039933
0 0.381086 0.219634 0.018727 0.039933
0 0.594569 0.119800 0.013109 0.026622
0 0.896067 0.173045 0.017790 0.034942
0 0.560861 0.114809 0.012172 0.026622
0 0.738764 0.153078 0.016854 0.033278
0 0.288390 0.271215 0.018727 0.039933
0 0.747191 0.227953 0.023408 0.051581
0 0.529963 0.126456 0.014045 0.028286
0 0.750000 0.108153 0.017790 0.028286
0 0.744382 0.128120 0.014045 0.029950
0 0.647940 0.176373 0.019663 0.043261
0 0.787453 0.276206 0.027154 0.061564
0 0.732210 0.124792 0.014981 0.036606
0 0.809925 0.126456 0.012172 0.026622
0 0.873596 0.174709 0.016854 0.033278
