0 0.244531 0.281250 0.062500 0.096875
0 0.102344 0.350000 0.114062 0.177083
0 0.566406 0.330208 0.074219 0.120833
0 0.620313 0.250000 0.036719 0.061458
0 0.949219 0.561458 0.101562 0.237500
0 0.839063 0.295833 0.051562 0.093750
0 0.401562 0.410417 0.135156 0.206250
0 0.352344 0.237500 0.039062 0.068750
0 0.174219 0.261458 0.055469 0.087500
0 0.451562 0.261458 0.043750 0.078125
0 0.673438 0.257292 0.051562 0.077083
0 0.515625 0.280208 0.078125 0.118750
0 0.642188 0.440625 0.150000 0.228125
0 0.964063 0.265625 0.056250 0.103125
0 0.754687 0.300000 0.086719 0.139583
