0 0.348624 0.322206 0.018349 0.043541
0 0.639700 0.467344 0.035863 0.075472
0 0.927440 0.464441 0.030025 0.062409
0 0.350292 0.293179 0.015847 0.027576
0 0.783153 0.238026 0.015013 0.030479
0 0.775646 0.271408 0.016681 0.034833
0 0.671393 0.277213 0.019183 0.044993
0 0.628023 0.211901 0.016681 0.030479
0 0.916597 0.298984 0.016681 0.040639
0 0.225188 0.335269 0.017515 0.039187
0 0.665555 0.204644 0.015013 0.029028
0 0.664721 0.380261 0.027523 0.053701
0 0.936614 0.354136 0.018349 0.040639
0 0.813178 0.358491 0.024187 0.050798
0 0.572143 0.227866 0.011676 0.026125
0 0.640534 0.222061 0.012510 0.030479
0 0.702252 0.550073 0.042535 0.078374
0 0.127606 0.563135 0.045038 0.082729
0 0.587990 0.444122 0.036697 0.068215
0 0.737281 0.236575 0.015013 0.034833
0 0.407006 0.335269 0.021685 0.040639
0 0.566305 0.216255 0.010008 0.021771
0 0.879066 0.252540 0.015013 0.033382
0 0.639700 0.301887 0.020851 0.042090
0 0.859883 0.272859 0.018349 0.037736
0 0.254379 0.345428 0.020851 0.042090
0 0.599666 0.329463 0.021685 0.043541
0 0.447873 0.333817 0.022519 0.043541
0 0.467056 0.235123 0.017515 0.030479
0 0.282736 0.310595 0.020017 0.037736
0 0.493745 0.265602 0.019183 0.037736
0 0.598832 0.246734 0.015013 0.031930
0 0.686405 0.223512 0.010842 0.024673
0 0.541284 0.349782 0.025855 0.044993
0 0.648874 0.346880 0.022519 0.044993
0 0.505421 0.314949 0.022519 0.044993
0 0.848207 0.307692 0.016681 0.043541
0 0.690575 0.361393 0.022519 0.050798
0 0.675563 0.226415 0.014178 0.029028
0 0.490409 0.387518 0.032527 0.065312
0 0.710592 0.298984 0.020017 0.042090
0 0.918265 0.393324 0.020851 0.047896
0 0.457882 0.246734 0.017515 0.029028
0 0.846539 0.258345 0.016681 0.037736
0 0.708090 0.245283 0.017515 0.034833
0 0.815680 0.297533 0.017515 0.033382
0 0.470392 0.304790 0.019183 0.031930
0 0.518766 0.242380 0.016681 0.034833
0 0.541284 0.249637 0.017515 0.033382
0 0.833194 0.506531 0.040867 0.084180
0 0.862385 0.374456 0.025021 0.052250
0 0.431193 0.304790 0.019183 0.042090
0 0.849875 0.447025 0.029191 0.068215
0 0.934112 0.310595 0.014178 0.042090
0 0.505421 0.256894 0.016681 0.031930
0 0.730609 0.249637 0.019183 0.033382
0 0.576314 0.256894 0.016681 0.034833
0 0.428691 0.272859 0.015013 0.031930
0 0.893244 0.317852 0.017515 0.040639
0 0.608007 0.204644 0.015013 0.026125
0 0.789825 0.426705 0.031693 0.065312
0 0.697248 0.297533 0.020017 0.042090
0 0.943286 0.269956 0.018349 0.043541
0 0.476230 0.264151 0.016681 0.034833
0 0.396163 0.259797 0.015013 0.031930
0 0.814012 0.243832 0.016681 0.037736
0 0.871560 0.335269 0.019183 0.044993
0 0.277731 0.370102 0.025021 0.042090
0 0.585488 0.235123 0.014178 0.030479
0 0.750626 0.226415 0.014178 0.027576
0 0.406172 0.297533 0.018349 0.033382
0 0.819016 0.268505 0.015013 0.030479
0 0.383653 0.333817 0.019183 0.037736
0 0.554629 0.278665 0.018349 0.036284
0 0.326105 0.370102 0.023353 0.046444
0 0.603837 0.222061 0.013344 0.029028
0 0.590492 0.371553 0.024187 0.049347
0 0.644704 0.242380 0.018349 0.036284
0 0.522102 0.272859 0.017515 0.036284
0 0.898249 0.269956 0.015013 0.040639
