0 0.670000 0.586420 0.038000 0.074074
0 0.492000 0.848765 0.112000 0.194444
0 0.502000 0.595679 0.042000 0.095679
0 0.138000 0.592593 0.052000 0.074074
0 0.254000 0.635802 0.064000 0.104938
0 0.148000 0.524691 0.040000 0.061728
0 0.540000 0.583333 0.042000 0.092593
0 0.268000 0.904321 0.104000 0.166667
0 0.816000 0.475309 0.066000 0.114198
0 0.692000 0.574074 0.032000 0.061728
0 0.612000 0.614198 0.054000 0.111111
0 0.216000 0.638889 0.052000 0.111111
0 0.078000 0.654321 0.058000 0.117284
0 0.362000 0.799383 0.082000 0.141975
0 0.732000 0.873457 0.096000 0.145062
0 0.864000 0.429012 0.032000 0.061728
0 0.066000 0.577160 0.050000 0.074074
0 0.492000 0.410494 0.036000 0.080247
0 0.956000 0.425926 0.080000 0.151235
0 0.236000 0.722222 0.082000 0.123457
0 0.708000 0.432099 0.038000 0.064815
0 0.388000 0.395062 0.066000 0.123457
0 0.724000 0.654321 0.064000 0.111111
0 0.084000 0.808642 0.086000 0.157407
0 0.126000 0.669753 0.076000 0.123457
0 0.050000 0.456790 0.036000 0.064815
0 0.032000 0.731481 0.060000 0.129630
0 0.582000 0.549383 0.034000 0.067901
