0 0.339717 0.367199 0.019983 0.036284
0 0.587011 0.253991 0.013322 0.023222
0 0.360533 0.301887 0.014988 0.027576
0 0.611990 0.226415 0.013322 0.027576
0 0.744380 0.252540 0.014155 0.027576
0 0.646128 0.304790 0.017485 0.036284
0 0.858451 0.486212 0.029142 0.052250
0 0.637802 0.226415 0.013322 0.030479
0 0.606994 0.342525 0.019151 0.040639
0 0.738551 0.293179 0.014988 0.029028
0 0.363863 0.336720 0.014155 0.030479
0 0.876769 0.380261 0.022481 0.044993
0 0.950042 0.355588 0.017485 0.036284
0 0.235637 0.343977 0.015820 0.030479
0 0.619484 0.211901 0.013322 0.026125
0 0.800167 0.252540 0.012490 0.027576
0 0.539550 0.435414 0.029142 0.052250
0 0.412989 0.277213 0.014155 0.029028
0 0.293089 0.386067 0.017485 0.029028
0 0.388010 0.332366 0.014988 0.029028
0 0.646128 0.252540 0.014988 0.026125
0 0.479600 0.246734 0.014155 0.023222
0 0.825146 0.368650 0.020816 0.047896
0 0.931724 0.329463 0.016653 0.030479
0 0.412989 0.345428 0.017485 0.034833
0 0.927560 0.467344 0.028310 0.052250
0 0.827644 0.269956 0.014988 0.030479
0 0.867610 0.284470 0.012490 0.027576
0 0.412157 0.309144 0.014155 0.024673
0 0.571191 0.285922 0.017485 0.034833
0 0.623647 0.364296 0.023314 0.042090
0 0.851790 0.354136 0.018318 0.037736
0 0.831807 0.312046 0.014988 0.027576
0 0.775187 0.242380 0.013322 0.031930
0 0.599500 0.468795 0.028310 0.062409
0 0.761032 0.255443 0.014988 0.034833
0 0.785179 0.284470 0.015820 0.037736
0 0.592007 0.265602 0.014988 0.031930
0 0.292256 0.309144 0.014988 0.029028
0 0.528726 0.252540 0.013322 0.024673
0 0.885096 0.255443 0.010824 0.030479
0 0.689425 0.240929 0.013322 0.027576
0 0.796836 0.432511 0.027477 0.050798
0 0.437968 0.249637 0.010824 0.023222
0 0.016653 0.420900 0.021649 0.043541
0 0.508743 0.326560 0.016653 0.030479
0 0.850958 0.262700 0.011657 0.024673
0 0.557036 0.251089 0.014155 0.030479
0 0.792673 0.255443 0.014988 0.026125
0 0.646128 0.489115 0.032473 0.058055
0 0.529559 0.281567 0.019151 0.034833
0 0.546211 0.362845 0.024147 0.042090
0 0.567860 0.232221 0.013322 0.023222
0 0.901749 0.323657 0.013322 0.024673
0 0.670275 0.214804 0.012490 0.024673
0 0.840966 0.534107 0.028310 0.055152
0 0.689425 0.271408 0.017485 0.034833
0 0.481266 0.274311 0.014155 0.021771
0 0.439634 0.365747 0.019983 0.036284
0 0.617818 0.259797 0.014988 0.029028
0 0.657785 0.351234 0.019151 0.036284
0 0.885928 0.343977 0.015820 0.029028
0 0.430475 0.325109 0.012490 0.020319
0 0.854288 0.320755 0.014155 0.027576
0 0.910908 0.291727 0.013322 0.033382
0 0.260616 0.375907 0.018318 0.042090
0 0.753539 0.419448 0.023314 0.043541
0 0.649459 0.230769 0.014155 0.030479
0 0.667777 0.373004 0.026644 0.046444
0 0.716070 0.251089 0.014988 0.029028
0 0.401332 0.271408 0.011657 0.026125
0 0.875104 0.278665 0.011657 0.030479
0 0.475437 0.242380 0.009992 0.015965
0 0.471274 0.419448 0.029142 0.049347
0 0.514571 0.265602 0.014155 0.030479
0 0.722731 0.492017 0.033306 0.063861
0 0.699417 0.361393 0.020816 0.039187
0 0.457952 0.267054 0.013322 0.027576
0 0.711074 0.227866 0.012490 0.026125
0 0.480433 0.312046 0.014988 0.024673
0 0.952540 0.290276 0.013322 0.026125
