0 0.228000 0.540785 0.038000 0.051360
0 0.182000 0.655589 0.084000 0.114804
0 0.418000 0.498489 0.024000 0.033233
0 0.754000 0.592145 0.068000 0.117825
0 0.194000 0.616314 0.060000 0.084592
0 0.312000 0.495468 0.024000 0.033233
0 0.496000 0.652568 0.066000 0.111782
0 0.682000 0.549849 0.050000 0.081571
0 0.614000 0.513595 0.036000 0.051360
0 0.654000 0.546828 0.040000 0.063444
0 0.260000 0.528701 0.026000 0.048338
0 0.260000 0.592145 0.032000 0.066465
0 0.624000 0.492447 0.026000 0.048338
0 0.394000 0.507553 0.024000 0.033233
0 0.234000 0.595166 0.058000 0.084592
0 0.394000 0.486405 0.020000 0.033233
0 0.646000 0.504532 0.038000 0.063444
0 0.350000 0.516616 0.034000 0.048338
0 0.868000 0.474320 0.028000 0.054381
0 0.182000 0.543807 0.040000 0.051360
0 0.454000 0.561934 0.046000 0.063444
0 0.070000 0.570997 0.044000 0.087613
0 0.506000 0.598187 0.056000 0.096677
0 0.310000 0.561934 0.040000 0.069486
0 0.566000 0.492447 0.024000 0.045317
0 0.098000 0.583082 0.044000 0.066465
0 0.478000 0.534743 0.042000 0.066465
