0 0.955078 0.895833 0.088867 0.192708
0 0.573242 0.753906 0.087891 0.115885
0 0.428711 0.643229 0.063477 0.091146
0 0.533203 0.441406 0.067383 0.097656
0 0.527344 0.712240 0.064453 0.091146
0 0.022461 0.722656 0.042969 0.095052
0 0.055664 0.695312 0.060547 0.096354
0 0.939453 0.649740 0.058594 0.092448
0 0.837891 0.755208 0.083984 0.152344
0 0.737305 0.790365 0.119141 0.158854
0 0.488281 0.690104 0.051758 0.093750
0 0.639648 0.687500 0.064453 0.095052
0 0.032227 0.647135 0.057617 0.072917
0 0.765625 0.687500 0.063477 0.108073
