0 0.628594 0.188648 0.017572 0.041736
0 0.988818 0.268781 0.012780 0.033389
0 0.981629 0.367279 0.018371 0.056761
0 0.621406 0.151920 0.015974 0.036728
0 0.478435 0.243740 0.020767 0.055092
0 0.445687 0.295492 0.025559 0.055092
0 0.461661 0.161937 0.018371 0.041736
0 0.742812 0.208681 0.016773 0.050083
0 0.499201 0.145242 0.015176 0.038397
0 0.823482 0.295492 0.021565 0.063439
0 0.588658 0.130217 0.015176 0.036728
0 0.980831 0.288815 0.015974 0.040067
0 0.956869 0.238731 0.014377 0.041736
0 0.711661 0.207012 0.017572 0.041736
0 0.472843 0.133556 0.012780 0.035058
0 0.981629 0.322204 0.015974 0.045075
0 0.691693 0.156928 0.018371 0.045075
0 0.531949 0.155259 0.016773 0.038397
0 0.660543 0.176962 0.015176 0.038397
0 0.817891 0.185309 0.015974 0.048414
0 0.779553 0.175292 0.013578 0.035058
0 0.878594 0.227045 0.014377 0.038397
0 0.553514 0.222037 0.016773 0.046745
0 0.376997 0.257095 0.019968 0.051753
0 0.761182 0.223706 0.020767 0.045075
0 0.885783 0.415693 0.030351 0.075125
0 0.333067 0.228715 0.019968 0.053422
0 0.698083 0.130217 0.017572 0.043406
0 0.956869 0.452421 0.026358 0.073456
0 0.732428 0.397329 0.028754 0.068447
0 0.559105 0.155259 0.015176 0.038397
0 0.604633 0.121870 0.016773 0.038397
0 0.317093 0.232053 0.019968 0.045075
0 0.586262 0.165275 0.013578 0.035058
0 0.369808 0.193656 0.017572 0.035058
0 0.676518 0.227045 0.023962 0.053422
0 0.727636 0.258765 0.024760 0.056761
0 0.650958 0.136895 0.014377 0.038397
0 0.664537 0.400668 0.030351 0.076795
0 0.839457 0.208681 0.016773 0.043406
0 0.952875 0.370618 0.019169 0.065109
0 0.357827 0.208681 0.019169 0.041736
0 0.484824 0.168614 0.016773 0.046745
0 0.936901 0.263773 0.014377 0.048414
0 0.869808 0.335559 0.021565 0.053422
0 0.432907 0.160267 0.013578 0.031720
0 0.417732 0.171953 0.014377 0.036728
0 0.580671 0.330551 0.027157 0.063439
0 0.444089 0.185309 0.015176 0.041736
0 0.094249 0.555927 0.052716 0.113523
0 0.327476 0.191987 0.016773 0.040067
0 0.397764 0.227045 0.015974 0.043406
0 0.586262 0.195326 0.016773 0.041736
0 0.905751 0.283806 0.021565 0.056761
0 0.928914 0.320534 0.016773 0.053422
0 0.219649 0.275459 0.021565 0.048414
0 0.801917 0.252087 0.020767 0.050083
0 0.886581 0.212020 0.012780 0.031720
0 0.664537 0.145242 0.016773 0.043406
0 0.617412 0.370618 0.028754 0.071786
0 0.865815 0.514190 0.031949 0.085142
0 0.199681 0.293823 0.021565 0.050083
0 0.767572 0.191987 0.015176 0.036728
0 0.822684 0.240401 0.016773 0.045075
0 0.609425 0.180301 0.014377 0.038397
0 0.719649 0.145242 0.013578 0.038397
0 0.810703 0.462437 0.041534 0.080134
0 0.908147 0.230384 0.015974 0.035058
0 0.613419 0.303840 0.026358 0.058431
0 0.773163 0.278798 0.020767 0.048414
