0 0.182812 0.563348 0.023438 0.036199
0 0.467187 0.699095 0.026562 0.038462
0 0.610938 0.520362 0.051562 0.074661
0 0.214062 0.558824 0.018750 0.033937
0 0.910937 0.608597 0.046875 0.070136
0 0.337500 0.656109 0.026562 0.047511
0 0.234375 0.669683 0.025000 0.042986
0 0.067187 0.588235 0.025000 0.040724
0 0.495312 0.665158 0.026562 0.042986
0 0.346875 0.742081 0.040625 0.067873
0 0.873437 0.769231 0.065625 0.099548
0 0.234375 0.615385 0.021875 0.036199
0 0.037500 0.579186 0.023438 0.033937
0 0.978125 0.680995 0.042188 0.133484
0 0.262500 0.762443 0.046875 0.072398
0 0.103125 0.662896 0.028125 0.042986
0 0.371875 0.635747 0.026562 0.036199
0 0.076563 0.547511 0.014063 0.024887
0 0.795312 0.624434 0.039062 0.061086
0 0.396875 0.703620 0.032813 0.054299
0 0.093750 0.565611 0.021875 0.033937
0 0.185938 0.642534 0.026562 0.045249
0 0.570312 0.613122 0.029687 0.045249
0 0.921875 0.651584 0.043750 0.065611
