0 0.013393 0.484950 0.022321 0.036789
0 0.279018 0.481605 0.022321 0.033445
0 0.301339 0.478261 0.022321 0.040134
0 0.879464 0.538462 0.046875 0.086957
0 0.116071 0.471572 0.022321 0.036789
0 0.640625 0.618729 0.055804 0.093645
0 0.406250 0.491639 0.015625 0.040134
0 0.232143 0.541806 0.040179 0.070234
0 0.700893 0.558528 0.042411 0.070234
0 0.497768 0.545151 0.044643 0.070234
0 0.841518 0.494983 0.029018 0.036789
0 0.334821 0.481605 0.024554 0.043478
0 0.357143 0.919732 0.162946 0.160535
0 0.357143 0.408027 0.020089 0.036789
0 0.500000 0.474916 0.022321 0.036789
0 0.517857 0.494983 0.029018 0.050167
0 0.149554 0.501672 0.024554 0.040134
0 0.669643 0.494983 0.024554 0.046823
0 0.714286 0.484950 0.024554 0.036789
0 0.368304 0.498328 0.026786 0.050167
0 0.455357 0.481605 0.020089 0.030100
0 0.125000 0.491639 0.026786 0.050167
0 0.754464 0.501672 0.029018 0.046823
0 0.553571 0.468227 0.022321 0.036789
0 0.828125 0.575251 0.051339 0.090301
0 0.734375 0.511706 0.040179 0.050167
0 0.441964 0.515050 0.029018 0.046823
0 0.078125 0.494983 0.022321 0.040134
0 0.379464 0.471572 0.024554 0.036789
0 0.189732 0.518395 0.026786 0.053512
0 0.406250 0.461538 0.022321 0.026756
0 0.957589 0.481605 0.035714 0.050167
0 0.915179 0.505017 0.033482 0.050167
0 0.526786 0.521739 0.029018 0.046823
0 0.102679 0.541806 0.035714 0.066890
0 0.618304 0.484950 0.020089 0.043478
0 0.613839 0.558528 0.042411 0.066890
0 0.633929 0.505017 0.031250 0.050167
0 0.287946 0.585284 0.055804 0.083612
0 0.093750 0.498328 0.024554 0.043478
0 0.187500 0.719064 0.087054 0.113712
0 0.582589 0.501672 0.035714 0.063545
0 0.549107 0.481605 0.033482 0.043478
0 0.145089 0.588629 0.055804 0.086957
0 0.441964 0.739130 0.080357 0.143813
0 0.051339 0.468227 0.026786 0.040134
0 0.600446 0.802676 0.129464 0.207358
0 0.488839 0.461538 0.024554 0.040134
