0 0.381991 0.236975 0.020853 0.040336
0 0.387678 0.189916 0.014218 0.030252
0 0.747867 0.205042 0.018957 0.040336
0 0.427488 0.178151 0.014218 0.030252
0 0.756398 0.154622 0.012322 0.026891
0 0.584834 0.171429 0.019905 0.033613
0 0.653081 0.107563 0.013270 0.026891
0 0.667299 0.198319 0.019905 0.048739
0 0.704265 0.131092 0.013270 0.026891
0 0.749763 0.139496 0.016114 0.031933
0 0.662559 0.137815 0.013270 0.030252
0 0.945024 0.242017 0.018009 0.040336
0 0.411374 0.265546 0.024645 0.045378
0 0.522275 0.166387 0.015166 0.033613
0 0.957346 0.223529 0.018957 0.040336
0 0.840758 0.149580 0.016114 0.036975
0 0.842654 0.223529 0.021801 0.040336
0 0.544076 0.198319 0.020853 0.035294
0 0.726066 0.161345 0.015166 0.030252
0 0.553555 0.169748 0.017062 0.031933
0 0.803791 0.164706 0.015166 0.031933
0 0.475829 0.181513 0.017062 0.042017
0 0.682464 0.357983 0.034123 0.068908
0 0.718483 0.278992 0.031280 0.062185
0 0.943128 0.194958 0.017062 0.036975
0 0.418009 0.161345 0.015166 0.028571
0 0.781043 0.137815 0.016114 0.033613
0 0.428436 0.210084 0.015166 0.036975
0 0.889100 0.235294 0.021801 0.047059
0 0.875829 0.289076 0.021801 0.057143
0 0.599052 0.115966 0.012322 0.020168
0 0.338389 0.184874 0.019905 0.036975
0 0.836019 0.171429 0.016114 0.028571
0 0.886256 0.401681 0.058768 0.110924
0 0.628436 0.121008 0.013270 0.020168
0 0.608531 0.107563 0.012322 0.025210
0 0.782938 0.223529 0.018009 0.038655
0 0.461611 0.174790 0.012322 0.028571
0 0.848341 0.329412 0.030332 0.062185
0 0.547867 0.149580 0.014218 0.023529
0 0.544076 0.134454 0.012322 0.020168
0 0.475829 0.235294 0.021801 0.040336
0 0.599052 0.134454 0.014218 0.030252
0 0.483412 0.141176 0.015166 0.028571
0 0.450237 0.216807 0.019905 0.042017
0 0.576303 0.147899 0.015166 0.031933
0 0.897630 0.203361 0.013270 0.033613
0 0.685308 0.121008 0.014218 0.033613
0 0.504265 0.121008 0.010427 0.023529
0 0.564929 0.263866 0.029384 0.053782
0 0.784834 0.181513 0.016114 0.033613
0 0.921327 0.304202 0.022749 0.062185
0 0.613270 0.257143 0.027488 0.057143
0 0.630332 0.142857 0.015166 0.031933
0 0.865403 0.183193 0.017062 0.028571
0 0.396209 0.168067 0.016114 0.031933
0 0.399052 0.205042 0.017062 0.033613
0 0.712796 0.200000 0.020853 0.036975
0 0.640758 0.211765 0.020853 0.045378
0 0.826540 0.250420 0.025592 0.040336
0 0.939336 0.166387 0.015166 0.030252
0 0.607583 0.151261 0.015166 0.030252
0 0.878673 0.176471 0.016114 0.035294
0 0.742180 0.166387 0.015166 0.033613
0 0.511848 0.196639 0.022749 0.040336
