0 0.456140 0.382812 0.046053 0.078125
0 0.625000 0.472656 0.082237 0.160156
0 0.542763 0.371094 0.044956 0.078125
0 0.376096 0.458984 0.067982 0.121094
0 0.622807 0.283203 0.029605 0.054688
0 0.037281 0.335938 0.046053 0.080078
0 0.078947 0.388672 0.049342 0.097656
0 0.296053 0.292969 0.024123 0.054688
0 0.572368 0.322266 0.030702 0.062500
0 0.946272 0.244141 0.037281 0.080078
0 0.402412 0.351562 0.033991 0.068359
0 0.242325 0.308594 0.030702 0.068359
0 0.317982 0.343750 0.027412 0.052734
0 0.640351 0.353516 0.053728 0.117188
0 0.427632 0.312500 0.026316 0.058594
0 0.747807 0.386719 0.060307 0.117188
0 0.224781 0.460938 0.052632 0.105469
0 0.350877 0.375000 0.043860 0.076172
