0 0.448333 0.397778 0.018333 0.022222
0 0.060000 0.433333 0.033333 0.046667
0 0.891667 0.417778 0.016667 0.026667
0 0.601667 0.400000 0.013333 0.024444
0 0.386667 0.446667 0.030000 0.042222
0 0.453333 0.422222 0.025000 0.037778
0 0.581667 0.402222 0.016667 0.024444
0 0.505000 0.415556 0.021667 0.035556
0 0.656667 0.400000 0.016667 0.026667
0 0.601667 0.420000 0.020000 0.031111
0 0.910000 0.411111 0.015000 0.028889
0 0.121667 0.433333 0.025000 0.037778
0 0.196667 0.400000 0.015000 0.024444
0 0.661667 0.428889 0.020000 0.040000
0 0.283333 0.417778 0.020000 0.028889
0 0.851667 0.415556 0.016667 0.026667
0 0.676667 0.491111 0.045000 0.060000
0 0.928333 0.413333 0.018333 0.028889
0 0.565000 0.406667 0.013333 0.022222
0 0.200000 0.377778 0.018333 0.028889
0 0.751667 0.402222 0.015000 0.024444
0 0.588333 0.526667 0.058333 0.084444
0 0.471667 0.397778 0.013333 0.024444
0 0.240000 0.444444 0.036667 0.048889
0 0.756667 0.468889 0.046667 0.062222
0 0.196667 0.428889 0.031667 0.042222
0 0.805000 0.451111 0.025000 0.040000
0 0.483333 0.397778 0.015000 0.022222
0 0.235000 0.500000 0.050000 0.068889
0 0.675000 0.408889 0.015000 0.026667
0 0.576667 0.417778 0.018333 0.028889
0 0.293333 0.391111 0.013333 0.024444
0 0.551667 0.433333 0.028333 0.042222
0 0.263333 0.400000 0.015000 0.024444
0 0.331667 0.400000 0.015000 0.017778
0 0.275000 0.395556 0.015000 0.020000
0 0.261667 0.446667 0.020000 0.035556
0 0.690000 0.417778 0.021667 0.040000
0 0.776667 0.422222 0.015000 0.028889
0 0.418333 0.406667 0.020000 0.028889
0 0.158333 0.404444 0.020000 0.033333
0 0.358333 0.417778 0.021667 0.033333
0 0.403333 0.420000 0.016667 0.024444
0 0.036667 0.417778 0.021667 0.031111
0 0.448333 0.502222 0.066667 0.088889
0 0.720000 0.404444 0.013333 0.015556
0 0.315000 0.402222 0.015000 0.031111
0 0.790000 0.411111 0.016667 0.028889
0 0.735000 0.402222 0.013333 0.026667
0 0.050000 0.468889 0.041667 0.057778
0 0.316667 0.444444 0.036667 0.040000
0 0.473333 0.424444 0.020000 0.031111
0 0.175000 0.415556 0.023333 0.035556
0 0.500000 0.464444 0.033333 0.051111
0 0.950000 0.415556 0.018333 0.026667
0 0.571667 0.460000 0.033333 0.053333
0 0.730000 0.433333 0.020000 0.033333
0 0.373333 0.395556 0.018333 0.026667
0 0.328333 0.413333 0.016667 0.031111
0 0.365000 0.466667 0.043333 0.066667
0 0.828333 0.431111 0.021667 0.031111
0 0.876667 0.411111 0.023333 0.033333
0 0.628333 0.411111 0.016667 0.028889
0 0.216667 0.408889 0.016667 0.028889
0 0.248333 0.406667 0.018333 0.031111
0 0.535000 0.402222 0.013333 0.020000
0 0.636667 0.435556 0.030000 0.042222
0 0.425000 0.455556 0.036667 0.053333
0 0.623333 0.393333 0.011667 0.020000
0 0.070000 0.528889 0.068333 0.093333
0 0.836667 0.408889 0.015000 0.028889
0 0.151667 0.466667 0.035000 0.051111
0 0.280000 0.568889 0.086667 0.122222
0 0.021667 0.417778 0.020000 0.026667
