0 0.458834 0.334789 0.020583 0.048035
0 0.601201 0.446870 0.036878 0.071325
0 0.717839 0.548763 0.040309 0.074236
0 0.614065 0.250364 0.012864 0.030568
0 0.514580 0.259098 0.018010 0.033479
0 0.655232 0.471616 0.039451 0.082969
0 0.433105 0.259098 0.012864 0.024745
0 0.616638 0.225619 0.012864 0.029112
0 0.845626 0.275109 0.016295 0.034934
0 0.837050 0.355167 0.022298 0.055313
0 0.440823 0.267831 0.015437 0.032023
0 0.909091 0.317322 0.019726 0.036390
0 0.589194 0.257642 0.017153 0.034934
0 0.801029 0.266376 0.015437 0.034934
0 0.530875 0.276565 0.018010 0.032023
0 0.479417 0.267831 0.017153 0.032023
0 0.554889 0.352256 0.026587 0.056769
0 0.280446 0.375546 0.019726 0.042213
0 0.481132 0.304221 0.018010 0.036390
0 0.687822 0.229985 0.014580 0.030568
0 0.659520 0.244541 0.014580 0.027656
0 0.881647 0.273654 0.017153 0.036390
0 0.411664 0.295488 0.018010 0.033479
0 0.961407 0.305677 0.015437 0.030568
0 0.728988 0.298399 0.015437 0.036390
0 0.580617 0.218341 0.012864 0.029112
0 0.940823 0.304221 0.016295 0.037846
0 0.969125 0.327511 0.018868 0.034934
0 0.851630 0.505095 0.038593 0.074236
0 0.653516 0.224163 0.014580 0.026201
0 0.473413 0.240175 0.016295 0.027656
0 0.614065 0.333333 0.024014 0.042213
0 0.789022 0.276565 0.013722 0.030568
0 0.682676 0.379913 0.027444 0.058224
0 0.530875 0.241630 0.016295 0.033479
0 0.966552 0.276565 0.016295 0.036390
0 0.615780 0.378457 0.032590 0.050946
0 0.501715 0.390102 0.032590 0.055313
0 0.444254 0.308588 0.023156 0.046579
0 0.690395 0.208151 0.014580 0.032023
0 0.756432 0.235808 0.014580 0.033479
0 0.357633 0.296943 0.015437 0.030568
0 0.514580 0.327511 0.020583 0.036390
0 0.805317 0.241630 0.017153 0.033479
0 0.894511 0.352256 0.024871 0.050946
0 0.229846 0.337700 0.015437 0.034934
0 0.128645 0.561863 0.043739 0.088792
0 0.644082 0.215429 0.013722 0.034934
0 0.714408 0.301310 0.020583 0.040757
0 0.685249 0.276565 0.020583 0.039301
0 0.836192 0.298399 0.018868 0.036390
0 0.901372 0.257642 0.012007 0.029112
0 0.596913 0.234352 0.013722 0.027656
0 0.569468 0.282387 0.013722 0.037846
0 0.921955 0.275109 0.019726 0.037846
0 0.361063 0.321689 0.018010 0.040757
0 0.554031 0.245997 0.018010 0.037846
0 0.656947 0.299854 0.022298 0.046579
0 0.260720 0.344978 0.021441 0.045124
0 0.870497 0.311499 0.018868 0.033479
0 0.554031 0.413392 0.030875 0.062591
0 0.755575 0.397380 0.029160 0.050946
0 0.750429 0.254731 0.016295 0.037846
0 0.961407 0.353712 0.018868 0.039301
0 0.726415 0.248908 0.019726 0.032023
0 0.873070 0.454148 0.036021 0.071325
0 0.951973 0.473071 0.034305 0.071325
0 0.885935 0.378457 0.031732 0.055313
0 0.290738 0.307132 0.018868 0.037846
0 0.332762 0.372635 0.026587 0.049491
0 0.401372 0.256186 0.017153 0.033479
0 0.703259 0.229985 0.012864 0.032023
0 0.939966 0.394469 0.022298 0.046579
0 0.708405 0.365357 0.025729 0.052402
0 0.667238 0.349345 0.025729 0.049491
0 0.812178 0.433770 0.031732 0.069869
0 0.623499 0.208151 0.015437 0.029112
0 0.868782 0.259098 0.018868 0.039301
