0 0.079570 0.396373 0.045161 0.088083
0 0.414337 0.636010 0.056631 0.123057
0 0.186380 0.374352 0.032975 0.067358
0 0.573477 0.246114 0.020789 0.042746
0 0.326165 0.466321 0.035842 0.080311
0 0.564158 0.354922 0.024373 0.047927
0 0.970609 0.674870 0.058781 0.137306
0 0.076703 0.490933 0.055197 0.111399
0 0.680287 0.410622 0.037276 0.080311
0 0.167742 0.791451 0.075269 0.145078
0 0.425090 0.265544 0.021505 0.049223
0 0.391398 0.366580 0.022939 0.058290
0 0.731183 0.369171 0.030108 0.047927
0 0.535484 0.664508 0.075269 0.161917
0 0.363441 0.550518 0.056631 0.103627
0 0.222222 0.332902 0.027240 0.045337
0 0.683871 0.573834 0.054480 0.133420
0 0.491039 0.440415 0.050896 0.108808
0 0.306093 0.339378 0.025806 0.042746
0 0.435125 0.397668 0.038710 0.082902
0 0.321147 0.312176 0.018638 0.038860
0 0.210753 0.358808 0.027957 0.064767
0 0.339068 0.433938 0.026523 0.056995
0 0.640860 0.388601 0.033692 0.080311
0 0.861649 0.430052 0.031541 0.073834
0 0.984229 0.444301 0.030824 0.091969
0 0.250896 0.427461 0.039427 0.071244
0 0.793548 0.465026 0.043728 0.113990
0 0.593548 0.233161 0.027240 0.059585
0 0.415054 0.366580 0.022939 0.060881
0 0.260215 0.325130 0.024373 0.049223
0 0.449462 0.251295 0.020789 0.049223
0 0.371326 0.348446 0.020072 0.042746
0 0.660215 0.357513 0.025806 0.064767
0 0.505376 0.322539 0.018638 0.040155
0 0.858065 0.680052 0.058781 0.146373
0 0.391398 0.332902 0.023656 0.044041
0 0.254480 0.654145 0.067384 0.136010
