0 0.921245 0.483204 0.047619 0.074935
0 0.860806 0.444444 0.056777 0.087855
0 0.437729 0.472868 0.038462 0.085271
0 0.518315 0.418605 0.029304 0.046512
0 0.031136 0.408269 0.054945 0.111111
0 0.393773 0.428941 0.078755 0.157623
0 0.778388 0.503876 0.064103 0.111111
0 0.937729 0.462532 0.034799 0.054264
0 0.578755 0.439276 0.038462 0.062016
0 0.827839 0.478036 0.053114 0.093023
0 0.485348 0.459948 0.056777 0.067183
0 0.745421 0.444444 0.049451 0.090439
0 0.326007 0.281654 0.131868 0.209302
0 0.556777 0.470284 0.038462 0.080103
0 0.459707 0.397933 0.021978 0.046512
0 0.798535 0.441860 0.040293 0.074935
