0 0.898936 0.217201 0.067021 0.113703
0 0.236170 0.240525 0.096809 0.157434
0 0.771277 0.212828 0.036170 0.059767
0 0.412766 0.198251 0.038298 0.061224
0 0.945745 0.211370 0.037234 0.059767
0 0.640426 0.212828 0.040426 0.059767
0 0.273404 0.107872 0.073404 0.119534
0 0.712766 0.204082 0.027660 0.055394
0 0.571277 0.212828 0.028723 0.053936
0 0.167021 0.081633 0.059574 0.096210
0 0.192553 0.396501 0.105319 0.185131
0 0.803191 0.214286 0.047872 0.078717
0 0.681915 0.214286 0.035106 0.071429
0 0.772340 0.174927 0.021277 0.037901
0 0.982979 0.231778 0.032979 0.086006
0 0.495745 0.208455 0.039362 0.064140
0 0.461702 0.209913 0.035106 0.062682
0 0.596809 0.196793 0.037234 0.061224
