0 0.715947 0.269953 0.086379 0.150235
0 0.289037 0.176056 0.051495 0.079812
0 0.637874 0.187793 0.069767 0.105634
0 0.252492 0.258216 0.066445 0.096244
0 0.463455 0.253521 0.063123 0.107981
0 0.712625 0.178404 0.033223 0.077465
0 0.815615 0.197183 0.058140 0.098592
0 0.749169 0.201878 0.059801 0.079812
0 0.606312 0.150235 0.051495 0.084507
0 0.373754 0.316901 0.124585 0.220657
0 0.410299 0.166667 0.039867 0.058685
0 0.210963 0.338028 0.141196 0.194836
0 0.124585 0.169014 0.059801 0.086854
0 0.933555 0.164319 0.071429 0.133803
0 0.044850 0.180751 0.066445 0.103286
0 0.240864 0.190141 0.059801 0.079812
0 0.950166 0.246479 0.088040 0.157277
0 0.528239 0.161972 0.054817 0.084507
0 0.823920 0.152582 0.044850 0.075117
0 0.340532 0.173709 0.044850 0.063380
0 0.207641 0.157277 0.053156 0.079812
0 0.769103 0.375587 0.156146 0.286385
0 0.511628 0.274648 0.091362 0.161972
