0 0.670320 0.370423 0.027825 0.060563
0 0.646712 0.240845 0.016020 0.026761
0 0.844857 0.266197 0.019393 0.036620
0 0.457841 0.335211 0.025295 0.039437
0 0.587690 0.215493 0.015177 0.028169
0 0.486509 0.295775 0.020236 0.038028
0 0.657673 0.221127 0.013491 0.028169
0 0.708263 0.357746 0.027825 0.047887
0 0.522766 0.260563 0.013491 0.028169
0 0.689713 0.204225 0.010961 0.023944
0 0.446037 0.325352 0.017707 0.035211
0 0.830523 0.291549 0.016020 0.035211
0 0.949410 0.463380 0.029511 0.054930
0 0.951096 0.354930 0.019393 0.042254
0 0.416526 0.297183 0.019393 0.033803
0 0.619730 0.218310 0.013491 0.021127
0 0.756324 0.235211 0.014334 0.026761
0 0.456155 0.254930 0.016020 0.035211
0 0.692243 0.226761 0.011804 0.026761
0 0.959528 0.301408 0.015177 0.040845
0 0.559865 0.249296 0.017707 0.036620
0 0.944351 0.312676 0.019393 0.045070
0 0.619730 0.321127 0.031197 0.050704
0 0.836425 0.354930 0.025295 0.046479
0 0.793423 0.259155 0.015177 0.026761
0 0.291737 0.371831 0.023609 0.039437
0 0.894604 0.335211 0.020236 0.045070
0 0.864250 0.449296 0.031197 0.069014
0 0.476391 0.238028 0.014334 0.028169
0 0.961214 0.270423 0.017707 0.029577
0 0.904722 0.254930 0.018550 0.033803
0 0.841484 0.505634 0.041315 0.073239
0 0.724283 0.295775 0.024452 0.038028
0 0.650084 0.297183 0.022766 0.042254
0 0.908938 0.312676 0.015177 0.035211
0 0.765599 0.233803 0.010961 0.025352
0 0.523609 0.476056 0.032884 0.052113
0 0.520236 0.316901 0.019393 0.043662
0 0.833052 0.243662 0.015177 0.030986
0 0.644182 0.209859 0.011804 0.023944
0 0.403035 0.259155 0.018550 0.029577
0 0.573356 0.226761 0.018550 0.030986
0 0.867622 0.252113 0.018550 0.029577
0 0.270658 0.342254 0.024452 0.042254
0 0.365936 0.325352 0.020236 0.033803
0 0.932546 0.438028 0.020236 0.032394
0 0.802698 0.233803 0.016863 0.026761
0 0.348229 0.357746 0.024452 0.042254
0 0.750422 0.247887 0.016863 0.036620
0 0.921585 0.278873 0.020236 0.043662
0 0.806071 0.278873 0.015177 0.035211
0 0.721754 0.539437 0.037943 0.077465
0 0.624789 0.201408 0.011804 0.023944
0 0.437605 0.256338 0.017707 0.028169
0 0.699831 0.314085 0.016863 0.036620
0 0.881956 0.392958 0.026138 0.057746
0 0.618887 0.242254 0.016020 0.035211
0 0.420742 0.329577 0.022766 0.040845
0 0.236931 0.332394 0.019393 0.033803
0 0.612142 0.446479 0.032040 0.071831
0 0.570826 0.276056 0.018550 0.035211
0 0.142496 0.519718 0.044688 0.077465
0 0.618044 0.376056 0.026981 0.052113
0 0.650927 0.460563 0.036256 0.071831
0 0.811130 0.428169 0.028668 0.056338
0 0.598651 0.256338 0.014334 0.030986
0 0.869309 0.270423 0.016863 0.035211
0 0.552277 0.353521 0.024452 0.050704
0 0.493255 0.398592 0.033727 0.060563
0 0.741147 0.398592 0.032884 0.054930
0 0.294266 0.301408 0.021079 0.030986
0 0.879427 0.263380 0.016020 0.030986
0 0.539629 0.274648 0.018550 0.036620
0 0.867622 0.314085 0.021079 0.042254
