0 0.490597 0.094395 0.011447 0.025074
0 0.390025 0.221239 0.022077 0.041298
0 0.748160 0.119469 0.014718 0.029499
0 0.382666 0.188791 0.019624 0.038348
0 0.462796 0.123894 0.013900 0.028024
0 0.946852 0.166667 0.010630 0.022124
0 0.620605 0.117994 0.019624 0.035398
0 0.340965 0.256637 0.024530 0.044248
0 0.629599 0.210914 0.025348 0.047198
0 0.659035 0.113569 0.013900 0.029499
0 0.497956 0.171091 0.022895 0.050147
0 0.866721 0.165192 0.016353 0.039823
0 0.443990 0.151917 0.015536 0.035398
0 0.843009 0.135693 0.013900 0.035398
0 0.758790 0.143068 0.017171 0.036873
0 0.477514 0.122419 0.014718 0.030973
0 0.529845 0.174041 0.017989 0.038348
0 0.780049 0.166667 0.016353 0.041298
0 0.692559 0.328909 0.028618 0.066372
0 0.676206 0.176991 0.022077 0.048673
0 0.532298 0.132743 0.015536 0.030973
0 0.775143 0.106195 0.016353 0.036873
0 0.878986 0.252212 0.022895 0.054572
0 0.413737 0.140118 0.015536 0.030973
0 0.469338 0.157817 0.017989 0.038348
0 0.759608 0.216814 0.028618 0.061947
0 0.524121 0.119469 0.013900 0.028024
0 0.937858 0.290560 0.026165 0.064897
0 0.730989 0.159292 0.018806 0.035398
0 0.582175 0.143068 0.014718 0.033923
0 0.868357 0.299410 0.029436 0.063422
0 0.587081 0.120944 0.015536 0.028024
0 0.548651 0.153392 0.017989 0.036873
0 0.883074 0.154867 0.015536 0.038348
0 0.634505 0.278761 0.030253 0.060472
0 0.556827 0.241888 0.023712 0.056047
0 0.844644 0.199115 0.016353 0.038348
0 0.830744 0.156342 0.015536 0.036873
0 0.717089 0.157817 0.017171 0.033923
0 0.413737 0.241888 0.022077 0.051622
0 0.653312 0.085546 0.013900 0.028024
0 0.699918 0.085546 0.014718 0.029499
0 0.611611 0.076696 0.011447 0.028024
0 0.798038 0.194690 0.017989 0.042773
0 0.452167 0.135693 0.013900 0.028024
0 0.897792 0.212389 0.021259 0.041298
0 0.687653 0.095870 0.014718 0.029499
0 0.600164 0.103245 0.014718 0.033923
0 0.945217 0.143068 0.011447 0.028024
0 0.394930 0.144543 0.018806 0.039823
0 0.789861 0.134218 0.013083 0.036873
0 0.573181 0.091445 0.014718 0.026549
0 0.466885 0.221239 0.023712 0.042773
0 0.422731 0.181416 0.013900 0.033923
0 0.415372 0.163717 0.016353 0.026549
0 0.223222 0.351032 0.050695 0.109145
0 0.458708 0.184366 0.018806 0.030973
0 0.847915 0.256637 0.024530 0.053097
0 0.611611 0.222714 0.026165 0.058997
0 0.717089 0.275811 0.032706 0.066372
0 0.695830 0.150442 0.018806 0.038348
0 0.720360 0.131268 0.016353 0.032448
0 0.941128 0.181416 0.016353 0.035398
0 0.757972 0.174041 0.020442 0.036873
0 0.937858 0.216814 0.017989 0.047198
0 0.370401 0.165192 0.018806 0.038348
0 0.536386 0.112094 0.012265 0.028024
