0 0.632312 0.117355 0.009285 0.018182
0 0.633240 0.142149 0.011142 0.026446
0 0.883008 0.153719 0.011142 0.023140
0 0.329619 0.269421 0.015785 0.034711
0 0.467967 0.233058 0.018570 0.033058
0 0.381616 0.233058 0.014856 0.031405
0 0.672238 0.119008 0.012999 0.026446
0 0.835655 0.310744 0.025070 0.052893
0 0.431755 0.234711 0.018570 0.036364
0 0.350975 0.204959 0.013928 0.021488
0 0.753018 0.170248 0.015785 0.028099
0 0.349118 0.229752 0.016713 0.028099
0 0.587744 0.120661 0.010214 0.023140
0 0.482823 0.300826 0.025070 0.049587
0 0.647168 0.214876 0.020427 0.044628
0 0.291551 0.259504 0.015785 0.034711
0 0.883008 0.171901 0.012071 0.021488
0 0.848654 0.259504 0.021356 0.044628
0 0.805942 0.181818 0.014856 0.034711
0 0.050139 0.371901 0.018570 0.041322
0 0.752089 0.224793 0.015785 0.046281
0 0.364903 0.195041 0.012999 0.023140
0 0.315692 0.261157 0.013928 0.038017
0 0.568245 0.223140 0.023213 0.056198
0 0.392758 0.287603 0.022284 0.039669
0 0.772516 0.204959 0.016713 0.039669
0 0.616527 0.242975 0.017642 0.042975
0 0.723305 0.185124 0.016713 0.034711
0 0.559889 0.173554 0.016713 0.031405
0 0.528319 0.166942 0.013928 0.028099
0 0.846797 0.163636 0.013928 0.024793
0 0.248839 0.257851 0.012071 0.023140
0 0.458682 0.200000 0.014856 0.024793
0 0.561746 0.290909 0.024141 0.052893
0 0.756732 0.135537 0.013928 0.026446
0 0.270195 0.266116 0.014856 0.021488
0 0.618384 0.322314 0.034355 0.049587
0 0.696379 0.234711 0.016713 0.033058
0 0.441968 0.190083 0.012999 0.028099
0 0.840297 0.186777 0.015785 0.033058
0 0.480966 0.193388 0.018570 0.034711
0 0.607242 0.119008 0.010214 0.023140
0 0.763231 0.295868 0.023213 0.047934
0 0.740019 0.143802 0.013928 0.031405
0 0.656453 0.264463 0.020427 0.044628
0 0.797586 0.130579 0.010214 0.024793
0 0.929434 0.267769 0.020427 0.052893
0 0.361188 0.274380 0.017642 0.036364
0 0.396472 0.196694 0.015785 0.028099
0 0.680594 0.191736 0.014856 0.028099
0 0.491179 0.168595 0.012999 0.031405
0 0.702878 0.152066 0.012999 0.024793
0 0.458682 0.145455 0.012999 0.019835
0 0.519963 0.206612 0.015785 0.038017
0 0.825441 0.145455 0.012071 0.031405
0 0.381616 0.188430 0.012071 0.031405
0 0.779016 0.145455 0.012999 0.029752
0 0.713092 0.290909 0.020427 0.044628
0 0.629526 0.201653 0.012999 0.029752
0 0.820799 0.218182 0.015785 0.034711
0 0.576602 0.143802 0.011142 0.026446
0 0.894150 0.195041 0.017642 0.034711
