0 0.610438 0.213198 0.019571 0.049069
0 0.360671 0.240271 0.013979 0.025381
0 0.256291 0.265651 0.021435 0.040609
0 0.880708 0.199662 0.022367 0.040609
0 0.399814 0.209814 0.014911 0.033841
0 0.716682 0.174281 0.019571 0.037225
0 0.714818 0.275804 0.025163 0.050761
0 0.686859 0.191201 0.020503 0.043993
0 0.438956 0.228426 0.020503 0.045685
0 0.913327 0.230118 0.020503 0.043993
0 0.811743 0.126904 0.016775 0.033841
0 0.684995 0.147208 0.014911 0.037225
0 0.762349 0.296108 0.022367 0.055838
0 0.503262 0.162437 0.013048 0.023689
0 0.444548 0.170897 0.016775 0.032149
0 0.333644 0.213198 0.015843 0.037225
0 0.774464 0.201354 0.019571 0.040609
0 0.751165 0.137056 0.016775 0.035533
0 0.491146 0.307953 0.031687 0.054146
0 0.568500 0.285956 0.027027 0.057530
0 0.195713 0.402707 0.040075 0.082910
0 0.832246 0.138748 0.016775 0.042301
0 0.890028 0.155668 0.011184 0.025381
0 0.477167 0.187817 0.016775 0.037225
0 0.368127 0.275804 0.019571 0.045685
0 0.503262 0.194585 0.014911 0.037225
0 0.580615 0.169205 0.017707 0.030457
0 0.309413 0.243655 0.017707 0.040609
0 0.410997 0.189509 0.014911 0.033841
0 0.624418 0.248731 0.021435 0.055838
0 0.605778 0.328257 0.031687 0.064298
0 0.360671 0.206430 0.015843 0.030457
0 0.332712 0.260575 0.019571 0.042301
0 0.347623 0.231810 0.015843 0.037225
0 0.780056 0.150592 0.016775 0.037225
0 0.560112 0.120135 0.013979 0.028765
0 0.835974 0.189509 0.019571 0.037225
0 0.751165 0.218274 0.023299 0.049069
0 0.534017 0.160745 0.015843 0.032149
0 0.833178 0.331641 0.027959 0.060914
0 0.637465 0.111675 0.011184 0.023689
0 0.845294 0.240271 0.024231 0.054146
0 0.735322 0.197970 0.016775 0.038917
0 0.886300 0.169205 0.014911 0.030457
0 0.675676 0.115059 0.013979 0.030457
0 0.911463 0.267343 0.023299 0.055838
0 0.485555 0.138748 0.008388 0.023689
0 0.279590 0.255499 0.015843 0.032149
0 0.853681 0.157360 0.013979 0.032149
0 0.614166 0.143824 0.014911 0.030457
0 0.575955 0.140440 0.013979 0.027073
0 0.588071 0.125212 0.012116 0.030457
0 0.803355 0.147208 0.017707 0.037225
0 0.819199 0.223350 0.022367 0.045685
0 0.736253 0.116751 0.016775 0.033841
0 0.459459 0.091371 0.012116 0.021997
0 0.546132 0.150592 0.014911 0.028765
0 0.768872 0.130288 0.013048 0.030457
0 0.708295 0.225042 0.023299 0.047377
0 0.525629 0.201354 0.021435 0.045685
0 0.761417 0.162437 0.018639 0.045685
0 0.557316 0.231810 0.021435 0.047377
0 0.705499 0.148900 0.013979 0.033841
0 0.655172 0.203046 0.021435 0.047377
0 0.675676 0.252115 0.024231 0.054146
0 0.466915 0.241963 0.022367 0.040609
0 0.385834 0.184433 0.013048 0.032149
