0 0.238281 0.661111 0.031250 0.061111
0 0.085938 0.730556 0.050000 0.102778
0 0.925781 0.858333 0.114062 0.206944
0 0.144531 0.769444 0.062500 0.127778
0 0.450000 0.663889 0.028906 0.051389
0 0.521875 0.687500 0.036719 0.070833
0 0.534375 0.640278 0.033594 0.058333
0 0.651563 0.659722 0.026562 0.048611
0 0.021875 0.668056 0.036719 0.077778
0 0.980469 0.718056 0.038281 0.075000
0 0.944531 0.722222 0.049219 0.084722
0 0.446875 0.711111 0.035937 0.093056
0 0.590625 0.795833 0.059375 0.102778
0 0.854688 0.830556 0.060937 0.138889
0 0.325000 0.922222 0.101562 0.155556
0 0.464062 0.659722 0.031250 0.059722
0 0.445312 0.829167 0.072656 0.137500
0 0.581250 0.652778 0.021875 0.056944
0 0.759375 0.759722 0.053125 0.091667
0 0.975781 0.793056 0.044531 0.111111
0 0.339844 0.651389 0.028125 0.063889
0 0.407813 0.654167 0.030469 0.048611
0 0.042188 0.700000 0.042969 0.086111
0 0.573438 0.730556 0.046875 0.088889
0 0.626563 0.713889 0.037500 0.080556
0 0.600000 0.650000 0.028125 0.065278
0 0.369531 0.693056 0.037500 0.073611
0 0.660937 0.691667 0.035156 0.068056
0 0.783594 0.673611 0.032031 0.059722
0 0.721094 0.686111 0.036719 0.055556
0 0.291406 0.663889 0.037500 0.065278
0 0.868750 0.687500 0.036719 0.073611
0 0.382031 0.505556 0.023438 0.058333
0 0.874219 0.740278 0.049219 0.076389
0 0.622656 0.637500 0.022656 0.048611
0 0.685937 0.769444 0.051562 0.093056
0 0.713281 0.651389 0.028125 0.047222
0 0.410156 0.681944 0.033594 0.062500
0 0.756250 0.697222 0.040625 0.058333
