0 0.712329 0.559091 0.075342 0.118182
0 0.215753 0.463636 0.051370 0.068182
0 0.869863 0.368182 0.058219 0.090909
0 0.780822 0.363636 0.030822 0.054545
0 0.541096 0.722727 0.126712 0.200000
0 0.191781 0.431818 0.041096 0.054545
0 0.469178 0.390909 0.037671 0.050000
0 0.304795 0.454545 0.051370 0.081818
0 0.585616 0.477273 0.061644 0.104545
0 0.726027 0.436364 0.054795 0.100000
0 0.469178 0.559091 0.089041 0.131818
0 0.123288 0.472727 0.051370 0.072727
0 0.325342 0.368182 0.051370 0.068182
0 0.746575 0.195455 0.047945 0.063636
0 0.356164 0.231818 0.051370 0.068182
0 0.678082 0.372727 0.061644 0.095455
0 0.756849 0.895455 0.130137 0.177273
