0 0.154564 0.392924 0.037344 0.102421
0 0.510373 0.184358 0.017635 0.037244
0 0.443983 0.219739 0.015560 0.035382
0 0.471992 0.163873 0.018672 0.035382
0 0.386929 0.208566 0.014523 0.037244
0 0.782158 0.210428 0.016598 0.050279
0 0.616183 0.251397 0.026971 0.042831
0 0.831950 0.256983 0.020747 0.048417
0 0.934647 0.193669 0.020747 0.050279
0 0.381743 0.154562 0.013485 0.029795
0 0.921162 0.266294 0.022822 0.040968
0 0.570539 0.117318 0.010373 0.027933
0 0.414938 0.210428 0.014523 0.033520
0 0.550830 0.188082 0.015560 0.040968
