0 0.532220 0.170732 0.013524 0.040070
0 0.614161 0.371080 0.023866 0.066202
0 0.557677 0.142857 0.012729 0.034843
0 0.751790 0.198606 0.011138 0.033101
0 0.204455 0.299652 0.017502 0.047038
0 0.754177 0.299652 0.016706 0.050523
0 0.233890 0.294425 0.016706 0.054007
0 0.338107 0.233449 0.016706 0.045296
0 0.719968 0.162021 0.012729 0.040070
0 0.476531 0.257840 0.019093 0.052265
0 0.585521 0.172474 0.012729 0.038328
0 0.634049 0.134146 0.012729 0.040070
0 0.867940 0.325784 0.016706 0.050523
0 0.556086 0.224739 0.011138 0.040070
0 0.581543 0.343206 0.023071 0.057491
0 0.275259 0.249129 0.015911 0.033101
0 0.844869 0.219512 0.014320 0.036585
0 0.396977 0.195122 0.014320 0.036585
0 0.440732 0.198606 0.013524 0.036585
0 0.975338 0.376307 0.013524 0.052265
0 0.105807 0.567944 0.045346 0.116725
0 0.724741 0.418118 0.024662 0.074913
0 0.626889 0.205575 0.012729 0.047038
0 0.692124 0.170732 0.013524 0.038328
0 0.357200 0.217770 0.012729 0.038328
0 0.884646 0.423345 0.019889 0.066202
0 0.822593 0.233449 0.013524 0.033101
0 0.370724 0.202091 0.016706 0.031359
0 0.891010 0.287456 0.013524 0.050523
0 0.581543 0.137631 0.011933 0.036585
0 0.447892 0.163763 0.011138 0.029617
0 0.945107 0.393728 0.019889 0.057491
0 0.961018 0.468641 0.019093 0.066202
0 0.671440 0.249129 0.020684 0.055749
0 0.627685 0.304878 0.019093 0.057491
0 0.444710 0.317073 0.017502 0.052265
0 0.904535 0.236934 0.012729 0.031359
0 0.498807 0.214286 0.015115 0.038328
0 0.698488 0.216028 0.015115 0.047038
0 0.610979 0.163763 0.013524 0.031359
0 0.657120 0.151568 0.011933 0.040070
0 0.731901 0.271777 0.019889 0.059233
0 0.522673 0.177700 0.014320 0.040070
0 0.946698 0.250871 0.012729 0.043554
0 0.976134 0.341463 0.012729 0.036585
0 0.930788 0.277003 0.011933 0.043554
0 0.868735 0.501742 0.024662 0.076655
0 0.792363 0.465157 0.026253 0.087108
0 0.666667 0.411150 0.023071 0.066202
0 0.797932 0.254355 0.013524 0.050523
0 0.660302 0.184669 0.013524 0.036585
0 0.315831 0.250871 0.012729 0.041812
0 0.573588 0.216028 0.014320 0.043554
0 0.987271 0.266551 0.011138 0.040070
0 0.880668 0.235192 0.011138 0.034843
0 0.782021 0.209059 0.014320 0.041812
0 0.565632 0.165505 0.012729 0.041812
0 0.872713 0.238676 0.011138 0.040070
0 0.745426 0.240418 0.015115 0.043554
0 0.816229 0.306620 0.018298 0.052265
0 0.850438 0.393728 0.019093 0.048780
0 0.379475 0.268293 0.015911 0.047038
0 0.605410 0.196864 0.011933 0.041812
0 0.811456 0.196864 0.011138 0.036585
0 0.314240 0.217770 0.016706 0.034843
0 0.404932 0.242160 0.013524 0.040070
0 0.669053 0.144599 0.013524 0.034843
0 0.499602 0.156794 0.011138 0.034843
