0 0.412000 0.326572 0.013333 0.022312
0 0.514667 0.312373 0.020000 0.024341
0 0.180000 0.356998 0.022667 0.028398
0 0.437333 0.470588 0.037333 0.058824
0 0.012000 0.419878 0.022667 0.052738
0 0.285333 0.326572 0.018667 0.032454
0 0.762667 0.425963 0.026667 0.052738
0 0.258667 0.600406 0.054667 0.093306
0 0.202667 0.338742 0.022667 0.038540
0 0.405333 0.653144 0.057333 0.089249
0 0.140000 0.375254 0.032000 0.042596
0 0.465333 0.399594 0.026667 0.036511
0 0.388000 0.395538 0.030667 0.042596
0 0.768000 0.328600 0.021333 0.040568
0 0.532000 0.758621 0.078667 0.101420
0 0.686667 0.312373 0.018667 0.026369
0 0.840000 0.423935 0.034667 0.058824
0 0.113333 0.361055 0.029333 0.046653
0 0.334667 0.486815 0.042667 0.058824
0 0.957333 0.531440 0.048000 0.081136
0 0.117333 0.458418 0.040000 0.060852
0 0.140000 0.839757 0.081333 0.125761
0 0.729333 0.314402 0.021333 0.030426
0 0.517333 0.356998 0.024000 0.034483
0 0.546667 0.665314 0.054667 0.089249
0 0.458667 0.365112 0.016000 0.024341
0 0.476000 0.306288 0.014667 0.024341
0 0.670667 0.344828 0.021333 0.034483
0 0.981333 0.464503 0.037333 0.064909
0 0.548000 0.417850 0.037333 0.060852
0 0.260000 0.320487 0.018667 0.030426
0 0.416000 0.338742 0.017333 0.030426
0 0.470667 0.352941 0.016000 0.026369
0 0.774667 0.348884 0.021333 0.036511
0 0.478667 0.328600 0.020000 0.036511
0 0.776000 0.448276 0.033333 0.052738
0 0.152000 0.342799 0.021333 0.034483
0 0.721333 0.350913 0.024000 0.038540
0 0.706667 0.320487 0.020000 0.030426
0 0.258667 0.346856 0.022667 0.036511
0 0.244000 0.300203 0.021333 0.032454
0 0.450667 0.296146 0.024000 0.028398
0 0.653333 0.322515 0.016000 0.032454
0 0.073333 0.387424 0.026667 0.040568
0 0.080000 0.423935 0.030667 0.048682
0 0.022667 0.541582 0.042667 0.058824
0 0.281333 0.539554 0.041333 0.075051
0 0.238667 0.367140 0.025333 0.044625
0 0.472000 0.373225 0.024000 0.030426
0 0.212000 0.385396 0.030667 0.040568
0 0.534667 0.342799 0.018667 0.032454
0 0.374667 0.413793 0.034667 0.050710
0 0.497333 0.292089 0.018667 0.034483
0 0.641333 0.314402 0.020000 0.030426
0 0.401333 0.352941 0.020000 0.034483
0 0.518667 0.464503 0.040000 0.058824
0 0.513333 0.330629 0.020000 0.022312
0 0.849333 0.551724 0.048000 0.070994
0 0.532000 0.399594 0.026667 0.040568
0 0.236000 0.328600 0.020000 0.038540
