0 0.790150 0.130019 0.009636 0.026769
0 0.522484 0.162524 0.012848 0.030593
0 0.516060 0.191205 0.016060 0.034417
0 0.614561 0.166348 0.011777 0.028681
0 0.786938 0.223709 0.012848 0.038241
0 0.579229 0.173996 0.013919 0.032505
0 0.781585 0.162524 0.013919 0.038241
0 0.524625 0.126195 0.009636 0.021033
0 0.738758 0.179732 0.011777 0.028681
0 0.609208 0.103250 0.007495 0.021033
0 0.463597 0.175908 0.013919 0.028681
0 0.658458 0.198853 0.017131 0.042065
0 0.483940 0.143403 0.011777 0.024857
0 0.691649 0.110899 0.010707 0.026769
0 0.356531 0.204589 0.013919 0.030593
0 0.475375 0.204589 0.012848 0.036329
0 0.940043 0.175908 0.011777 0.028681
0 0.326552 0.195029 0.013919 0.028681
0 0.655246 0.120459 0.009636 0.022945
0 0.471092 0.156788 0.011777 0.034417
0 0.932548 0.212237 0.011777 0.028681
0 0.448608 0.156788 0.010707 0.024857
0 0.597430 0.133843 0.012848 0.030593
0 0.771949 0.168260 0.012848 0.036329
0 0.916488 0.250478 0.013919 0.042065
0 0.663812 0.237094 0.021413 0.042065
0 0.538544 0.145315 0.010707 0.026769
0 0.405782 0.221797 0.024625 0.055449
0 0.870450 0.294455 0.017131 0.051625
0 0.716274 0.118547 0.007495 0.022945
0 0.496788 0.128107 0.009636 0.019120
0 0.646681 0.141491 0.011777 0.026769
0 0.710921 0.187380 0.017131 0.042065
0 0.595289 0.223709 0.019272 0.047801
0 0.854390 0.147228 0.010707 0.028681
0 0.819058 0.126195 0.011777 0.022945
0 0.697002 0.173996 0.012848 0.034417
0 0.903640 0.196941 0.009636 0.028681
0 0.570664 0.126195 0.011777 0.022945
0 0.804069 0.156788 0.011777 0.028681
0 0.711991 0.237094 0.018201 0.047801
0 0.854390 0.200765 0.016060 0.038241
0 0.877944 0.149140 0.010707 0.028681
0 0.431478 0.168260 0.010707 0.026769
0 0.633833 0.206501 0.017131 0.043977
0 0.807281 0.191205 0.013919 0.036329
0 0.397216 0.160612 0.013919 0.028681
0 0.466809 0.135755 0.012848 0.026769
0 0.533191 0.223709 0.013919 0.034417
0 0.880086 0.235182 0.017131 0.043977
0 0.416488 0.170172 0.011777 0.026769
0 0.825482 0.170172 0.011777 0.036329
