0 0.341065 0.307353 0.013746 0.027941
0 0.790378 0.250000 0.012887 0.027941
0 0.378007 0.283824 0.012887 0.022059
0 0.637457 0.322059 0.019759 0.026471
0 0.871993 0.354412 0.019759 0.033824
0 0.243127 0.375000 0.019759 0.036765
0 0.641753 0.257353 0.015464 0.027941
0 0.670962 0.286765 0.018041 0.033824
0 0.512027 0.248529 0.014605 0.029412
0 0.924399 0.482353 0.018900 0.051471
0 0.599656 0.348529 0.018900 0.039706
0 0.587629 0.252941 0.010309 0.020588
0 0.646048 0.357353 0.018041 0.038235
0 0.717354 0.308824 0.020619 0.035294
0 0.679553 0.233824 0.012027 0.032353
0 0.855670 0.263235 0.012027 0.029412
0 0.823024 0.500000 0.026632 0.052941
0 0.722509 0.427941 0.031787 0.051471
0 0.528351 0.258824 0.012027 0.026471
0 0.428694 0.320588 0.016323 0.027941
0 0.462199 0.241176 0.012027 0.020588
0 0.707045 0.564706 0.030069 0.061765
0 0.768041 0.235294 0.015464 0.030882
0 0.605670 0.233824 0.012027 0.025000
0 0.420103 0.260294 0.013746 0.025000
0 0.452749 0.251471 0.012887 0.023529
0 0.702749 0.223529 0.010309 0.027941
0 0.460481 0.325000 0.015464 0.029412
0 0.746564 0.270588 0.014605 0.029412
0 0.520619 0.458824 0.028351 0.047059
0 0.538660 0.364706 0.025773 0.048529
0 0.271478 0.323529 0.018041 0.030882
0 0.877148 0.282353 0.011168 0.036765
0 0.953608 0.379412 0.017182 0.036765
0 0.692440 0.379412 0.020619 0.038235
0 0.908935 0.286765 0.013746 0.032353
0 0.859107 0.480882 0.030928 0.058824
0 0.662371 0.388235 0.024055 0.047059
0 0.280928 0.377941 0.018041 0.038235
0 0.207904 0.352941 0.015464 0.026471
0 0.463918 0.285294 0.015464 0.029412
0 0.610825 0.210294 0.012887 0.023529
0 0.396907 0.311765 0.014605 0.023529
0 0.543814 0.254412 0.013746 0.030882
0 0.687285 0.327941 0.021478 0.033824
0 0.782646 0.451471 0.025773 0.048529
0 0.821306 0.373529 0.019759 0.050000
0 0.953608 0.314706 0.013746 0.020588
0 0.668385 0.245588 0.013746 0.027941
0 0.640893 0.498529 0.030069 0.060294
0 0.444158 0.351471 0.018900 0.036765
0 0.829038 0.347059 0.018900 0.041176
0 0.588488 0.470588 0.032646 0.055882
0 0.573883 0.288235 0.012887 0.033824
0 0.575601 0.220588 0.012887 0.023529
0 0.848797 0.322059 0.016323 0.035294
0 0.887457 0.266176 0.011168 0.030882
0 0.502577 0.333824 0.017182 0.030882
0 0.586770 0.407353 0.026632 0.039706
0 0.867698 0.289706 0.015464 0.029412
0 0.323024 0.369118 0.020619 0.039706
0 0.420962 0.291176 0.011168 0.027941
0 0.460481 0.432353 0.029210 0.055882
0 0.580756 0.266176 0.012027 0.029412
0 0.923540 0.336765 0.018041 0.038235
0 0.435567 0.269118 0.012887 0.026471
0 0.871993 0.386765 0.020619 0.044118
0 0.339347 0.352941 0.016323 0.032353
0 0.372852 0.347059 0.015464 0.030882
0 0.824742 0.304412 0.013746 0.029412
0 0.707045 0.263235 0.014605 0.029412
0 0.664089 0.220588 0.009450 0.020588
0 0.627148 0.220588 0.013746 0.022059
0 0.114261 0.547059 0.043814 0.067647
0 0.397766 0.354412 0.018900 0.035294
0 0.905498 0.333824 0.013746 0.035294
0 0.782646 0.289706 0.014605 0.030882
0 0.558419 0.233824 0.013746 0.029412
0 0.833333 0.282353 0.015464 0.032353
0 0.770619 0.267647 0.012887 0.025000
0 0.396907 0.286765 0.012027 0.020588
0 0.951890 0.286765 0.011168 0.026471
0 0.641753 0.229412 0.011168 0.026471
