0 0.848238 0.155340 0.017615 0.038835
0 0.833333 0.116505 0.012195 0.019417
0 0.661247 0.218447 0.014905 0.029126
0 0.617886 0.296117 0.023035 0.048544
0 0.773713 0.276699 0.025745 0.058252
0 0.559621 0.072816 0.016260 0.024272
0 0.611111 0.145631 0.012195 0.024272
0 0.901084 0.199029 0.023035 0.053398
0 0.524390 0.080097 0.013550 0.031553
0 0.650407 0.133495 0.014905 0.029126
0 0.940379 0.104369 0.013550 0.029126
0 0.447154 0.148058 0.012195 0.026699
0 0.878049 0.208738 0.017615 0.043689
0 0.827913 0.189320 0.018970 0.043689
0 0.028455 0.347087 0.013550 0.031553
0 0.444444 0.223301 0.016260 0.036408
0 0.731707 0.313107 0.031165 0.065534
0 0.494580 0.184466 0.018970 0.031553
0 0.619241 0.208738 0.017615 0.033981
0 0.890244 0.106796 0.013550 0.031553
0 0.631436 0.058252 0.013550 0.024272
0 0.795393 0.094660 0.018970 0.036408
0 0.308943 0.252427 0.017615 0.041262
0 0.859079 0.072816 0.016260 0.031553
0 0.289973 0.245146 0.016260 0.033981
0 0.570461 0.128641 0.014905 0.026699
0 0.753388 0.220874 0.018970 0.043689
0 0.913279 0.218447 0.016260 0.038835
0 0.771003 0.135922 0.020325 0.041262
0 0.695122 0.148058 0.017615 0.033981
0 0.517615 0.169903 0.017615 0.033981
0 0.494580 0.310680 0.024390 0.050971
0 0.761518 0.118932 0.010840 0.024272
0 0.814363 0.286408 0.024390 0.053398
0 0.464770 0.218447 0.017615 0.033981
0 0.551491 0.252427 0.021680 0.041262
0 0.771003 0.216019 0.016260 0.031553
0 0.388889 0.223301 0.018970 0.033981
0 0.642276 0.165049 0.017615 0.033981
0 0.514905 0.138350 0.014905 0.026699
0 0.422764 0.174757 0.017615 0.031553
0 0.735772 0.143204 0.017615 0.033981
0 0.382114 0.264563 0.017615 0.033981
0 0.413279 0.131068 0.014905 0.033981
0 0.268293 0.250000 0.014905 0.031553
0 0.686992 0.296117 0.027100 0.058252
0 0.726287 0.247573 0.021680 0.050971
0 0.815718 0.412621 0.032520 0.067961
0 0.514905 0.206311 0.018970 0.036408
0 0.733062 0.184466 0.021680 0.043689
0 0.886179 0.373786 0.033875 0.075243
0 0.537940 0.320388 0.021680 0.048544
0 0.540650 0.162621 0.017615 0.029126
0 0.490515 0.089806 0.016260 0.026699
0 0.663957 0.099515 0.014905 0.024272
0 0.818428 0.099515 0.016260 0.038835
0 0.177507 0.478155 0.035230 0.070388
0 0.746612 0.116505 0.013550 0.026699
0 0.865854 0.257282 0.018970 0.046117
0 0.391599 0.191748 0.014905 0.026699
0 0.383469 0.177184 0.013550 0.031553
0 0.693767 0.099515 0.016260 0.029126
0 0.699187 0.218447 0.020325 0.031553
