0 0.289773 0.510417 0.053030 0.111111
0 0.236742 0.500000 0.058712 0.104167
0 0.431818 0.548611 0.056818 0.100694
0 0.784091 0.559028 0.060606 0.138889
0 0.532197 0.489583 0.037879 0.069444
0 0.691288 0.586806 0.077652 0.166667
0 0.869318 0.565972 0.049242 0.121528
0 0.166667 0.493056 0.054924 0.079861
0 0.070076 0.503472 0.051136 0.097222
0 0.363636 0.604167 0.054924 0.100694
0 0.219697 0.583333 0.064394 0.128472
0 0.960227 0.638889 0.066288 0.138889
0 0.367424 0.496528 0.049242 0.100694
0 0.045455 0.593750 0.087121 0.159722
0 0.320076 0.513889 0.056818 0.107639
0 0.964015 0.781250 0.068182 0.263889
0 0.556818 0.659722 0.089015 0.197917
