0 0.392110 0.254520 0.015298 0.030598
0 0.844605 0.308762 0.016103 0.040334
0 0.455717 0.275382 0.015298 0.027816
0 0.499195 0.269819 0.016908 0.027816
0 0.756844 0.261474 0.018519 0.022253
0 0.564412 0.210014 0.011272 0.026426
0 0.592593 0.324061 0.022544 0.044506
0 0.600644 0.237830 0.014493 0.033380
0 0.215781 0.354659 0.018519 0.033380
0 0.661836 0.280946 0.019324 0.038943
0 0.795491 0.532684 0.039452 0.079277
0 0.766506 0.442281 0.028986 0.061196
0 0.695652 0.294854 0.020129 0.040334
0 0.745572 0.292072 0.020129 0.037552
0 0.636071 0.347705 0.021739 0.055633
0 0.406602 0.335188 0.023349 0.038943
0 0.498390 0.326843 0.023349 0.043115
0 0.317230 0.325452 0.022544 0.034771
0 0.830918 0.255911 0.013688 0.029207
0 0.429147 0.275382 0.018519 0.031989
0 0.731079 0.237830 0.016103 0.031989
0 0.548309 0.223922 0.012882 0.031989
0 0.131240 0.543811 0.043478 0.079277
0 0.923510 0.297636 0.013688 0.029207
0 0.805958 0.296245 0.017713 0.037552
0 0.280998 0.314325 0.020129 0.033380
0 0.566828 0.235049 0.015298 0.029207
0 0.884863 0.275382 0.016908 0.036161
0 0.673913 0.312935 0.020129 0.043115
0 0.838969 0.269819 0.013688 0.030598
0 0.619163 0.205841 0.015298 0.029207
0 0.632045 0.478442 0.037037 0.076495
0 0.345411 0.333797 0.019324 0.031989
0 0.913043 0.343533 0.016908 0.044506
0 0.445250 0.253129 0.015298 0.031989
0 0.648953 0.233658 0.016103 0.030598
0 0.262480 0.342142 0.020934 0.044506
0 0.730274 0.393602 0.030596 0.057024
0 0.920290 0.267038 0.015298 0.034771
0 0.508857 0.243394 0.016103 0.027816
0 0.531401 0.253129 0.016908 0.037552
0 0.626409 0.305981 0.020129 0.040334
0 0.578100 0.438108 0.035427 0.070932
0 0.686795 0.482615 0.037842 0.086231
0 0.595008 0.203060 0.012882 0.029207
0 0.411433 0.261474 0.014493 0.029207
0 0.518519 0.276773 0.016908 0.030598
0 0.909018 0.399166 0.025765 0.057024
0 0.647343 0.210014 0.015298 0.025035
0 0.911433 0.456189 0.033816 0.063978
0 0.464573 0.233658 0.014493 0.026426
0 0.436393 0.301808 0.020934 0.034771
0 0.762480 0.289291 0.016103 0.033380
0 0.528986 0.358832 0.024155 0.054242
0 0.830918 0.315716 0.016908 0.043115
0 0.589372 0.368567 0.027375 0.054242
0 0.800322 0.243394 0.015298 0.030598
0 0.835749 0.461752 0.033011 0.057024
0 0.466989 0.332406 0.023349 0.043115
0 0.843800 0.397775 0.026570 0.058414
0 0.680354 0.354659 0.020934 0.047288
0 0.795491 0.358832 0.028180 0.055633
0 0.881643 0.333797 0.020129 0.038943
0 0.637681 0.248957 0.017713 0.027816
0 0.698068 0.244784 0.016908 0.037552
0 0.920290 0.319889 0.013688 0.029207
0 0.560386 0.262865 0.016908 0.033380
0 0.860709 0.255911 0.014493 0.036161
0 0.316425 0.386648 0.024155 0.047288
0 0.861514 0.374131 0.020934 0.043115
0 0.771337 0.237830 0.012882 0.031989
0 0.289855 0.349096 0.020129 0.043115
0 0.548309 0.283727 0.016103 0.036161
0 0.352657 0.292072 0.017713 0.033380
0 0.434783 0.240612 0.014493 0.026426
0 0.650564 0.367177 0.028986 0.059805
0 0.670692 0.221140 0.015298 0.031989
0 0.724638 0.257302 0.017713 0.036161
