0 0.854599 0.453020 0.056380 0.063758
0 0.919881 0.634228 0.071217 0.104027
0 0.213650 0.379195 0.074184 0.090604
0 0.973294 0.546980 0.050445 0.090604
0 0.964392 0.469799 0.059347 0.073826
0 0.741840 0.526846 0.053412 0.063758
0 0.753709 0.583893 0.059347 0.077181
0 0.083086 0.617450 0.053412 0.070470
0 0.356083 0.634228 0.053412 0.090604
0 0.569733 0.671141 0.074184 0.104027
0 0.299703 0.637584 0.071217 0.093960
0 0.275964 0.771812 0.189911 0.238255
0 0.679525 0.671141 0.100890 0.127517
0 0.614243 0.479866 0.047478 0.070470
0 0.807122 0.412752 0.044510 0.060403
0 0.186944 0.708054 0.097923 0.127517
