0 0.686165 0.153589 0.017642 0.035058
0 0.452182 0.230384 0.018570 0.036728
0 0.347261 0.218698 0.014856 0.026711
0 0.532033 0.352254 0.026927 0.048414
0 0.919220 0.202003 0.016713 0.040067
0 0.802228 0.145242 0.013928 0.028381
0 0.296193 0.273790 0.016713 0.035058
0 0.819870 0.161937 0.014856 0.035058
0 0.480037 0.193656 0.022284 0.040067
0 0.157846 0.370618 0.029712 0.060100
0 0.632312 0.076795 0.016713 0.033389
0 0.353760 0.247078 0.016713 0.031720
0 0.662953 0.363940 0.031569 0.070117
0 0.549675 0.161937 0.019499 0.040067
0 0.482823 0.133556 0.012071 0.026711
0 0.751161 0.267112 0.023213 0.050083
0 0.722377 0.171953 0.022284 0.038397
0 0.691736 0.190317 0.017642 0.038397
0 0.259053 0.287145 0.015785 0.036728
0 0.790158 0.148581 0.013928 0.033389
0 0.592386 0.100167 0.014856 0.028381
0 0.593315 0.355593 0.031569 0.068447
0 0.662953 0.070117 0.015785 0.028381
0 0.892293 0.138564 0.012999 0.028381
0 0.465181 0.160267 0.012999 0.028381
0 0.777159 0.125209 0.013928 0.040067
0 0.662024 0.183639 0.019499 0.036728
0 0.605385 0.066778 0.012999 0.026711
0 0.743733 0.146912 0.017642 0.031720
0 0.632312 0.208681 0.025070 0.046745
0 0.556175 0.131886 0.013928 0.028381
0 0.334262 0.217028 0.012999 0.026711
0 0.865367 0.243740 0.019499 0.041736
0 0.471681 0.257095 0.025998 0.045075
0 0.922934 0.158598 0.011142 0.030050
0 0.727948 0.287145 0.027855 0.058431
0 0.592386 0.123539 0.015785 0.030050
0 0.843083 0.146912 0.016713 0.030050
0 0.885794 0.175292 0.014856 0.040067
0 0.423398 0.188648 0.020427 0.035058
0 0.855153 0.131886 0.012071 0.025042
0 0.566388 0.166945 0.020427 0.036728
0 0.381616 0.213689 0.019499 0.041736
0 0.426184 0.227045 0.020427 0.045075
0 0.538533 0.130217 0.013928 0.028381
0 0.614670 0.146912 0.020427 0.035058
0 0.685237 0.220367 0.023213 0.040067
0 0.909006 0.287145 0.023213 0.053422
0 0.786444 0.195326 0.019499 0.038397
0 0.659239 0.215359 0.021356 0.050083
0 0.453110 0.178631 0.017642 0.030050
0 0.764160 0.131886 0.017642 0.041736
0 0.736305 0.128548 0.014856 0.031720
0 0.447539 0.193656 0.019499 0.033389
0 0.309192 0.247078 0.018570 0.035058
0 0.782730 0.315526 0.024141 0.051753
0 0.802228 0.250417 0.022284 0.053422
0 0.829155 0.143573 0.013928 0.036728
0 0.565460 0.248748 0.020427 0.046745
0 0.882080 0.181970 0.020427 0.046745
0 0.653668 0.302170 0.026927 0.051753
0 0.485608 0.305509 0.029712 0.051753
0 0.603528 0.272120 0.022284 0.050083
0 0.514392 0.213689 0.022284 0.038397
0 0.753946 0.170284 0.017642 0.035058
0 0.570102 0.131886 0.016713 0.031720
0 0.508821 0.156928 0.020427 0.035058
0 0.407614 0.175292 0.015785 0.026711
0 0.846797 0.176962 0.020427 0.043406
