0 0.452381 0.198556 0.020833 0.052347
0 0.378968 0.447653 0.067460 0.131769
0 0.428571 0.198556 0.019841 0.045126
0 0.591270 0.198556 0.021825 0.048736
0 0.667659 0.102888 0.014881 0.023466
0 0.449405 0.086643 0.015873 0.039711
0 0.164683 0.388087 0.051587 0.111913
0 0.640873 0.093863 0.012897 0.027076
0 0.596230 0.095668 0.014881 0.028881
0 0.641865 0.218412 0.023810 0.052347
0 0.444444 0.250903 0.023810 0.046931
0 0.362103 0.232852 0.024802 0.054152
0 0.408730 0.191336 0.020833 0.041516
0 0.470238 0.222022 0.020833 0.048736
