0 0.054688 0.472368 0.037109 0.047368
0 0.536133 0.494737 0.027344 0.052632
0 0.178711 0.492105 0.049805 0.068421
0 0.740234 0.494737 0.028320 0.044737
0 0.819336 0.568421 0.088867 0.128947
0 0.551758 0.493421 0.026367 0.042105
0 0.501953 0.447368 0.029297 0.038158
0 0.589844 0.598684 0.051758 0.065789
0 0.923828 0.506579 0.047852 0.061842
0 0.647461 0.494737 0.072266 0.078947
0 0.804688 0.477632 0.041016 0.061842
0 0.271484 0.490789 0.031250 0.051316
0 0.016602 0.485526 0.032227 0.069737
0 0.320312 0.467105 0.085938 0.140789
0 0.236328 0.484211 0.040039 0.057895
0 0.416016 0.472368 0.041016 0.064474
0 0.866211 0.488158 0.062500 0.082895
0 0.978516 0.523684 0.041992 0.198684
0 0.109375 0.469737 0.066406 0.094737
0 0.706055 0.489474 0.033203 0.051316
