0 0.746000 0.480480 0.026000 0.048048
0 0.604000 0.633634 0.076000 0.138138
0 0.752000 0.570571 0.048000 0.069069
0 0.136000 0.783784 0.094000 0.147147
0 0.600000 0.507508 0.028000 0.045045
0 0.926000 0.540541 0.042000 0.066066
0 0.394000 0.657658 0.072000 0.132132
0 0.262000 0.423423 0.054000 0.078078
0 0.798000 0.450450 0.026000 0.042042
0 0.936000 0.864865 0.126000 0.255255
0 0.906000 0.591592 0.058000 0.099099
0 0.652000 0.597598 0.054000 0.087087
0 0.872000 0.462462 0.030000 0.042042
0 0.650000 0.465465 0.020000 0.042042
0 0.772000 0.684685 0.076000 0.132132
0 0.948000 0.564565 0.052000 0.081081
0 0.922000 0.462462 0.030000 0.051051
0 0.780000 0.492492 0.030000 0.045045
