0 0.758829 0.185921 0.014127 0.039711
0 0.599395 0.135379 0.011100 0.028881
0 0.524723 0.131769 0.012109 0.027076
0 0.514632 0.142599 0.010091 0.028881
0 0.360242 0.229242 0.017154 0.039711
0 0.619576 0.149819 0.012109 0.034296
0 0.759839 0.368231 0.029263 0.072202
0 0.494450 0.160650 0.014127 0.032491
0 0.728557 0.305054 0.022200 0.045126
0 0.593340 0.234657 0.017154 0.046931
0 0.562059 0.155235 0.010091 0.030686
0 0.665994 0.104693 0.010091 0.027076
0 0.496468 0.225632 0.018163 0.045126
0 0.375378 0.202166 0.015136 0.041516
0 0.909183 0.411552 0.029263 0.070397
0 0.750757 0.135379 0.012109 0.034296
0 0.603431 0.324910 0.024218 0.059567
0 0.584258 0.120939 0.008073 0.023466
0 0.807265 0.222022 0.017154 0.046931
0 0.688194 0.126354 0.011100 0.028881
0 0.669021 0.142599 0.012109 0.030686
0 0.493441 0.285199 0.022200 0.052347
0 0.419778 0.149819 0.012109 0.027076
0 0.382442 0.236462 0.016145 0.043321
0 0.915237 0.341155 0.024218 0.057762
0 0.696266 0.108303 0.010091 0.025271
0 0.785066 0.138989 0.011100 0.030686
0 0.780020 0.303249 0.019173 0.052347
0 0.413724 0.212996 0.017154 0.043321
0 0.677094 0.180505 0.016145 0.041516
0 0.619576 0.104693 0.011100 0.027076
0 0.685166 0.250903 0.021191 0.050542
0 0.454087 0.231047 0.020182 0.043321
0 0.926337 0.227437 0.015136 0.039711
0 0.479314 0.182310 0.015136 0.037906
0 0.551968 0.148014 0.010091 0.030686
0 0.814329 0.398917 0.029263 0.074007
0 0.498486 0.135379 0.013118 0.030686
0 0.711403 0.166065 0.014127 0.041516
0 0.885974 0.227437 0.014127 0.041516
0 0.778002 0.243682 0.019173 0.050542
0 0.731584 0.234657 0.018163 0.045126
0 0.751766 0.173285 0.015136 0.041516
0 0.288597 0.223827 0.015136 0.034296
0 0.371342 0.254513 0.015136 0.041516
0 0.835520 0.312274 0.022200 0.057762
0 0.347124 0.207581 0.013118 0.039711
0 0.703330 0.315884 0.026236 0.061372
0 0.556004 0.126354 0.011100 0.027076
0 0.629667 0.229242 0.018163 0.041516
0 0.436932 0.229242 0.021191 0.045126
0 0.716448 0.182310 0.015136 0.039711
0 0.629667 0.115523 0.011100 0.025271
0 0.416751 0.182310 0.015136 0.039711
0 0.559031 0.270758 0.022200 0.054152
0 0.924319 0.290614 0.017154 0.050542
0 0.353179 0.182310 0.012109 0.030686
0 0.588295 0.175090 0.012109 0.036101
0 0.824420 0.256318 0.017154 0.052347
0 0.419778 0.193141 0.016145 0.037906
0 0.623613 0.254513 0.020182 0.052347
0 0.304743 0.243682 0.017154 0.036101
0 0.723512 0.120939 0.011100 0.028881
0 0.197780 0.366426 0.040363 0.079422
0 0.524723 0.180505 0.013118 0.036101
0 0.802220 0.171480 0.012109 0.036101
0 0.447023 0.173285 0.015136 0.037906
