0 0.671963 0.113333 0.020561 0.021667
0 0.561682 0.240000 0.025234 0.031667
0 0.502804 0.171667 0.016822 0.030000
0 0.812150 0.165000 0.014019 0.030000
0 0.624299 0.140000 0.018692 0.030000
0 0.678505 0.158333 0.015888 0.028333
0 0.534579 0.191667 0.017757 0.035000
0 0.744860 0.233333 0.027103 0.043333
0 0.916822 0.198333 0.016822 0.036667
0 0.048598 0.400000 0.038318 0.056667
0 0.800000 0.235000 0.029907 0.050000
0 0.779439 0.291667 0.025234 0.045000
0 0.447664 0.138333 0.011215 0.020000
0 0.343925 0.215000 0.022430 0.028333
0 0.471963 0.141667 0.014019 0.026667
0 0.791589 0.170000 0.021495 0.036667
0 0.299065 0.258333 0.022430 0.030000
0 0.730841 0.190000 0.021495 0.030000
0 0.410280 0.223333 0.022430 0.036667
0 0.752336 0.160000 0.022430 0.033333
0 0.586916 0.116667 0.016822 0.028333
0 0.608411 0.260000 0.025234 0.033333
0 0.651402 0.208333 0.027103 0.038333
0 0.863551 0.226667 0.016822 0.041667
0 0.787850 0.126667 0.011215 0.026667
0 0.892523 0.130000 0.012150 0.028333
0 0.525234 0.310000 0.025234 0.055000
0 0.411215 0.170000 0.013084 0.023333
0 0.864486 0.135000 0.012150 0.026667
0 0.485047 0.293333 0.028037 0.035000
0 0.553271 0.113333 0.016822 0.021667
0 0.562617 0.173333 0.018692 0.031667
0 0.912150 0.161667 0.011215 0.025000
0 0.448598 0.225000 0.022430 0.028333
0 0.741121 0.113333 0.008411 0.020000
0 0.772897 0.121667 0.009346 0.026667
0 0.892523 0.168333 0.014019 0.026667
0 0.599065 0.330000 0.024299 0.050000
0 0.372897 0.223333 0.014019 0.030000
0 0.706542 0.138333 0.013084 0.031667
0 0.335514 0.278333 0.017757 0.031667
0 0.473832 0.188333 0.017757 0.030000
0 0.605607 0.213333 0.022430 0.041667
0 0.610280 0.113333 0.015888 0.023333
0 0.914019 0.285000 0.022430 0.046667
0 0.657009 0.260000 0.028972 0.045000
0 0.925234 0.153333 0.010280 0.028333
0 0.529907 0.138333 0.021495 0.033333
0 0.451402 0.168333 0.014953 0.035000
0 0.697196 0.211667 0.025234 0.036667
0 0.874766 0.171667 0.014019 0.028333
0 0.380374 0.196667 0.014953 0.020000
0 0.484112 0.221667 0.023364 0.038333
0 0.253271 0.278333 0.016822 0.021667
0 0.898131 0.200000 0.014019 0.035000
0 0.575701 0.150000 0.014953 0.030000
0 0.382243 0.311667 0.022430 0.041667
0 0.846729 0.155000 0.017757 0.040000
0 0.765421 0.131667 0.009346 0.021667
0 0.668224 0.348333 0.023364 0.055000
0 0.711215 0.280000 0.026168 0.045000
0 0.314953 0.223333 0.017757 0.030000
0 0.688785 0.103333 0.016822 0.020000
0 0.726168 0.133333 0.013084 0.016667
0 0.799065 0.123333 0.009346 0.026667
