0 0.120000 0.417778 0.046667 0.066667
0 0.708333 0.266667 0.040000 0.055556
0 0.211667 0.448889 0.053333 0.082222
0 0.266667 0.397778 0.043333 0.068889
0 0.585000 0.386667 0.036667 0.051111
0 0.526667 0.382222 0.035000 0.053333
0 0.431667 0.486667 0.068333 0.102222
0 0.701667 0.437778 0.043333 0.062222
0 0.928333 0.386667 0.056667 0.108889
0 0.805000 0.380000 0.048333 0.066667
0 0.786667 0.433333 0.068333 0.117778
0 0.606667 0.473333 0.090000 0.140000
0 0.335000 0.431111 0.048333 0.077778
0 0.418333 0.404444 0.035000 0.060000
0 0.545000 0.362222 0.031667 0.048889
