0 0.536667 0.455556 0.025000 0.048889
0 0.565000 0.477778 0.036667 0.060000
0 0.811667 0.504444 0.053333 0.095556
0 0.205000 0.560000 0.098333 0.124444
0 0.288333 0.462222 0.041667 0.057778
0 0.191667 0.473333 0.031667 0.044444
0 0.460000 0.522222 0.055000 0.097778
0 0.486667 0.464444 0.028333 0.046667
0 0.408333 0.486667 0.045000 0.066667
0 0.363333 0.544444 0.070000 0.117778
0 0.230000 0.484444 0.048333 0.057778
0 0.930000 0.526667 0.068333 0.120000
0 0.095000 0.491111 0.048333 0.064444
0 0.773333 0.466667 0.036667 0.064444
0 0.306667 0.488889 0.046667 0.066667
0 0.680000 0.495556 0.058333 0.082222
0 0.646667 0.460000 0.035000 0.055556
