0 0.732008 0.056667 0.016098 0.033333
0 0.514205 0.266667 0.025568 0.056667
0 0.471591 0.543333 0.064394 0.130000
0 0.331439 0.173333 0.017992 0.031667
0 0.616477 0.096667 0.015152 0.031667
0 0.697917 0.135000 0.021780 0.048333
0 0.469697 0.221667 0.019886 0.043333
0 0.391098 0.200000 0.020833 0.043333
0 0.465909 0.416667 0.051136 0.095000
0 0.660985 0.130000 0.024621 0.046667
0 0.632576 0.120000 0.017992 0.045000
0 0.556818 0.113333 0.024621 0.045000
0 0.609848 0.126667 0.017992 0.038333
0 0.379735 0.213333 0.023674 0.050000
0 0.228220 0.205000 0.016098 0.040000
0 0.285038 0.483333 0.058712 0.118333
0 0.660985 0.090000 0.016098 0.038333
0 0.140152 0.300000 0.024621 0.045000
