0 0.565060 0.087234 0.019277 0.034043
0 0.371084 0.208511 0.021687 0.040426
0 0.537349 0.225532 0.031325 0.063830
0 0.190361 0.440426 0.067470 0.123404
0 0.602410 0.131915 0.018072 0.044681
0 0.695181 0.134043 0.021687 0.053191
0 0.596386 0.234043 0.031325 0.065957
0 0.559036 0.121277 0.019277 0.042553
0 0.484337 0.170213 0.024096 0.053191
0 0.278313 0.472340 0.059036 0.123404
0 0.378313 0.244681 0.031325 0.051064
0 0.332530 0.170213 0.019277 0.034043
0 0.087952 0.329787 0.021687 0.036170
0 0.385542 0.200000 0.016867 0.031915
0 0.437349 0.206383 0.026506 0.057447
0 0.508434 0.268085 0.027711 0.065957
0 0.120482 0.331915 0.018072 0.036170
0 0.298795 0.189362 0.024096 0.048936
