0 0.635407 0.210978 0.028708 0.049743
0 0.770335 0.149228 0.020096 0.032590
0 0.303349 0.240137 0.018182 0.036021
0 0.598086 0.339623 0.033493 0.078902
0 0.690909 0.312178 0.029665 0.063465
0 0.561722 0.246998 0.027751 0.058319
0 0.508134 0.145798 0.018182 0.037736
0 0.329187 0.183533 0.028708 0.039451
0 0.426794 0.174957 0.023923 0.041166
0 0.490909 0.140652 0.015311 0.036021
0 0.672727 0.126930 0.024880 0.037736
0 0.578947 0.157804 0.017225 0.042882
0 0.077512 0.329331 0.039234 0.080617
0 0.600957 0.113208 0.019139 0.036021
0 0.677512 0.272727 0.030622 0.054889
0 0.649761 0.135506 0.019139 0.039451
0 0.840191 0.334477 0.032536 0.058319
0 0.756938 0.186964 0.021053 0.039451
0 0.448804 0.152659 0.021053 0.037736
0 0.760766 0.130360 0.018182 0.046312
0 0.469856 0.145798 0.022010 0.042882
0 0.557895 0.157804 0.022967 0.041166
0 0.501435 0.120069 0.017225 0.032590
0 0.469856 0.185249 0.026794 0.032590
0 0.188517 0.464837 0.046890 0.085763
0 0.523445 0.118353 0.016268 0.036021
0 0.620096 0.260720 0.040191 0.060034
0 0.786603 0.315609 0.030622 0.058319
0 0.824880 0.408233 0.035407 0.072041
0 0.705263 0.104631 0.018182 0.041166
0 0.801914 0.219554 0.022967 0.049743
0 0.443062 0.207547 0.019139 0.048027
0 0.713876 0.283019 0.027751 0.048027
0 0.388517 0.200686 0.020096 0.051458
0 0.511962 0.181818 0.022967 0.051458
0 0.620096 0.121784 0.022967 0.036021
0 0.722488 0.150943 0.033493 0.044597
0 0.812440 0.260720 0.022967 0.060034
0 0.663158 0.097770 0.016268 0.030875
0 0.541627 0.132075 0.021053 0.032590
0 0.763636 0.257290 0.026794 0.046312
0 0.615311 0.159520 0.020096 0.032590
0 0.785646 0.157804 0.017225 0.032590
0 0.295694 0.210978 0.022967 0.046312
0 0.342584 0.257290 0.018182 0.046312
0 0.882297 0.240137 0.027751 0.053173
0 0.926316 0.236707 0.023923 0.054889
0 0.705263 0.188679 0.019139 0.056604
0 0.427751 0.255575 0.031579 0.048027
0 0.668900 0.183533 0.029665 0.049743
0 0.928230 0.310463 0.031579 0.063465
0 0.373206 0.288165 0.028708 0.041166
0 0.370335 0.202401 0.019139 0.042882
0 0.729187 0.240137 0.036364 0.061750
0 0.511005 0.228130 0.021053 0.046312
0 0.811483 0.154374 0.019139 0.037736
0 0.784689 0.401372 0.032536 0.075472
0 0.690909 0.099485 0.017225 0.032590
0 0.581818 0.125214 0.019139 0.037736
0 0.903349 0.425386 0.039234 0.075472
0 0.863158 0.283019 0.030622 0.063465
0 0.579904 0.181818 0.026794 0.037736
0 0.902392 0.372213 0.029665 0.060034
0 0.482297 0.125214 0.013397 0.037736
0 0.511962 0.295026 0.038278 0.063465
0 0.333971 0.205832 0.022967 0.039451
