0 0.930078 0.365000 0.072142 0.045000
0 0.813541 0.330833 0.045505 0.033333
0 0.647059 0.356667 0.051054 0.036667
0 0.665927 0.380000 0.067703 0.060000
0 0.750277 0.434167 0.092120 0.074167
0 0.233074 0.438333 0.114317 0.085000
0 0.398446 0.326667 0.053274 0.035000
0 0.221976 0.332500 0.042175 0.030833
0 0.842397 0.336667 0.051054 0.037500
0 0.127636 0.346667 0.048835 0.039167
0 0.596004 0.339167 0.048835 0.040833
0 0.280799 0.395000 0.081021 0.063333
0 0.059933 0.358333 0.057714 0.044167
0 0.337403 0.347500 0.063263 0.044167
