0 0.458216 0.204283 0.020657 0.034596
0 0.457277 0.232290 0.019718 0.039539
0 0.410329 0.191104 0.015023 0.036244
0 0.393427 0.289951 0.022535 0.046129
0 0.391549 0.184514 0.017840 0.034596
0 0.966197 0.108731 0.015023 0.034596
0 0.710798 0.191104 0.021596 0.046129
0 0.305164 0.177924 0.017840 0.042834
0 0.485446 0.233937 0.021596 0.037891
0 0.759624 0.209226 0.021596 0.047776
0 0.355869 0.306425 0.024413 0.039539
0 0.574648 0.140033 0.015962 0.031301
0 0.613146 0.243822 0.022535 0.047776
0 0.476056 0.189456 0.016901 0.036244
0 0.401878 0.219110 0.015962 0.029654
0 0.447887 0.182867 0.016901 0.037891
0 0.490141 0.200988 0.017840 0.039539
0 0.490141 0.303130 0.030047 0.047776
