0 0.045000 0.245000 0.036250 0.048333
0 0.242500 0.298333 0.041250 0.045000
0 0.573750 0.605000 0.132500 0.165000
0 0.616250 0.238333 0.025000 0.031667
0 0.343750 0.331667 0.036250 0.056667
0 0.447500 0.235000 0.026250 0.038333
0 0.242500 0.221667 0.027500 0.045000
0 0.896250 0.375000 0.072500 0.083333
0 0.896250 0.311667 0.031250 0.043333
0 0.401250 0.231667 0.027500 0.035000
0 0.763750 0.370000 0.071250 0.096667
0 0.742500 0.268333 0.027500 0.035000
0 0.983750 0.370000 0.031250 0.063333
0 0.073750 0.233333 0.033750 0.045000
0 0.667500 0.265000 0.027500 0.041667
0 0.335000 0.388333 0.080000 0.096667
0 0.812500 0.270000 0.027500 0.041667
0 0.780000 0.503333 0.117500 0.163333
0 0.613750 0.273333 0.023750 0.041667
0 0.126250 0.240000 0.037500 0.048333
0 0.190000 0.436667 0.088750 0.135000
0 0.290000 0.251667 0.027500 0.038333
0 0.672500 0.235000 0.021250 0.035000
0 0.146250 0.270000 0.040000 0.058333
0 0.473750 0.421667 0.061250 0.080000
0 0.336250 0.246667 0.021250 0.036667
0 0.518750 0.238333 0.033750 0.036667
0 0.646250 0.226667 0.021250 0.035000
0 0.692500 0.300000 0.038750 0.058333
0 0.892500 0.278333 0.025000 0.038333
0 0.540000 0.281667 0.030000 0.048333
0 0.412500 0.295000 0.040000 0.056667
0 0.075000 0.201667 0.023750 0.038333
0 0.967500 0.295000 0.026250 0.045000
0 0.212500 0.275000 0.038750 0.051667
0 0.110000 0.408333 0.068750 0.088333
0 0.576250 0.313333 0.033750 0.053333
0 0.916250 0.283333 0.028750 0.046667
0 0.495000 0.286667 0.031250 0.043333
0 0.477500 0.250000 0.028750 0.043333
0 0.183750 0.363333 0.061250 0.086667
0 0.435000 0.275000 0.032500 0.056667
0 0.695000 0.250000 0.027500 0.041667
0 0.806250 0.303333 0.033750 0.041667
