0 0.401850 0.205505 0.018499 0.031193
0 0.879753 0.150459 0.013361 0.027523
0 0.945529 0.185321 0.013361 0.033028
0 0.720452 0.135780 0.015416 0.031193
0 0.894142 0.179817 0.015416 0.029358
0 0.806783 0.165138 0.011305 0.022018
0 0.684481 0.128440 0.014388 0.025688
0 0.701953 0.122936 0.012333 0.025688
0 0.590956 0.238532 0.020555 0.040367
0 0.445015 0.152294 0.015416 0.027523
0 0.663926 0.211009 0.021583 0.038532
0 0.927030 0.277064 0.020555 0.044037
0 0.813977 0.187156 0.017472 0.031193
0 0.681398 0.111927 0.012333 0.025688
0 0.471737 0.163303 0.016444 0.033028
0 0.779034 0.269725 0.023638 0.053211
0 0.582734 0.174312 0.018499 0.040367
0 0.410072 0.159633 0.013361 0.031193
0 0.640288 0.267890 0.027749 0.051376
0 0.597122 0.141284 0.017472 0.025688
0 0.844810 0.146789 0.013361 0.027523
0 0.862282 0.181651 0.012333 0.033028
0 0.346351 0.198165 0.015416 0.031193
0 0.437821 0.166972 0.017472 0.033028
0 0.651593 0.124771 0.013361 0.025688
0 0.908530 0.172477 0.016444 0.027523
0 0.573484 0.291743 0.025694 0.045872
0 0.886948 0.209174 0.015416 0.023853
0 0.843782 0.306422 0.020555 0.051376
0 0.734841 0.414679 0.034943 0.060550
0 0.659815 0.111927 0.010277 0.023853
0 0.562179 0.157798 0.019527 0.029358
0 0.526208 0.269725 0.025694 0.051376
0 0.515930 0.126606 0.015416 0.023853
0 0.547790 0.122936 0.013361 0.025688
0 0.796506 0.194495 0.018499 0.038532
0 0.875642 0.238532 0.022610 0.055046
0 0.676259 0.245872 0.022610 0.040367
0 0.634121 0.207339 0.021583 0.044037
0 0.934224 0.200000 0.017472 0.044037
0 0.492292 0.225688 0.025694 0.044037
0 0.707091 0.159633 0.015416 0.033028
0 0.700925 0.209174 0.016444 0.031193
0 0.534430 0.155963 0.013361 0.031193
0 0.675231 0.322936 0.033916 0.067890
0 0.053443 0.315596 0.024666 0.047706
0 0.616650 0.289908 0.024666 0.053211
0 0.837616 0.187156 0.015416 0.036697
0 0.810894 0.262385 0.022610 0.058716
0 0.900308 0.159633 0.012333 0.033028
0 0.853032 0.222018 0.017472 0.038532
0 0.903392 0.330275 0.024666 0.056881
0 0.463515 0.128440 0.014388 0.027523
0 0.625899 0.144954 0.015416 0.027523
0 0.315519 0.231193 0.018499 0.038532
0 0.751285 0.130275 0.017472 0.031193
0 0.782117 0.135780 0.016444 0.031193
0 0.770812 0.183486 0.018499 0.036697
0 0.318602 0.190826 0.016444 0.031193
0 0.742035 0.168807 0.015416 0.029358
0 0.486125 0.135780 0.009250 0.016514
0 0.500514 0.119266 0.012333 0.023853
0 0.610483 0.102752 0.012333 0.027523
0 0.628983 0.097248 0.012333 0.029358
0 0.500514 0.159633 0.018499 0.033028
0 0.586845 0.110092 0.012333 0.027523
0 0.824255 0.174312 0.013361 0.033028
0 0.872559 0.157798 0.014388 0.031193
0 0.759507 0.128440 0.010277 0.020183
0 0.442960 0.214679 0.019527 0.036697
