0 0.625378 0.109515 0.011078 0.023339
0 0.542800 0.150808 0.016113 0.028725
0 0.224572 0.373429 0.043303 0.087971
0 0.884189 0.233393 0.015106 0.041293
0 0.799597 0.136445 0.014099 0.026930
0 0.813696 0.165171 0.014099 0.032316
0 0.725076 0.147217 0.015106 0.028725
0 0.661631 0.190305 0.018127 0.026930
0 0.427996 0.172352 0.013092 0.037702
0 0.352467 0.197487 0.015106 0.035907
0 0.596173 0.165171 0.014099 0.032316
0 0.828802 0.140036 0.017120 0.034111
0 0.413897 0.174147 0.012085 0.028725
0 0.707956 0.174147 0.016113 0.035907
0 0.546828 0.190305 0.016113 0.026930
0 0.781470 0.152603 0.014099 0.030521
0 0.462236 0.168761 0.016113 0.023339
0 0.889225 0.157989 0.014099 0.032316
0 0.537764 0.217235 0.017120 0.034111
0 0.708963 0.122083 0.015106 0.019749
0 0.508560 0.184919 0.019134 0.030521
0 0.578046 0.150808 0.014099 0.028725
0 0.598187 0.138241 0.014099 0.025135
0 0.441088 0.157989 0.013092 0.030521
0 0.788520 0.175943 0.013092 0.028725
0 0.497482 0.138241 0.012085 0.023339
0 0.376636 0.188510 0.017120 0.034111
0 0.529708 0.127469 0.013092 0.030521
0 0.582075 0.186715 0.015106 0.026930
0 0.750252 0.150808 0.015106 0.037702
0 0.602216 0.240575 0.024169 0.043088
0 0.916415 0.174147 0.016113 0.032316
0 0.471299 0.138241 0.014099 0.025135
0 0.528701 0.163375 0.018127 0.026930
0 0.668681 0.145422 0.016113 0.032316
0 0.860020 0.149013 0.012085 0.023339
0 0.678751 0.109515 0.010070 0.025135
0 0.950655 0.177738 0.019134 0.035907
0 0.501511 0.163375 0.013092 0.028725
0 0.583082 0.123878 0.017120 0.026930
0 0.610272 0.168761 0.012085 0.028725
0 0.723061 0.184919 0.014099 0.030521
0 0.767372 0.141831 0.015106 0.030521
0 0.632427 0.215440 0.015106 0.035907
0 0.803625 0.206463 0.015106 0.035907
0 0.324270 0.211849 0.021148 0.032316
0 0.901309 0.208259 0.015106 0.037702
0 0.881168 0.278276 0.026183 0.046679
0 0.732125 0.231598 0.021148 0.034111
0 0.933535 0.258528 0.022155 0.034111
0 0.864048 0.197487 0.017120 0.044883
0 0.815710 0.204668 0.014099 0.035907
0 0.670695 0.228007 0.021148 0.035907
0 0.794562 0.188510 0.015106 0.035907
0 0.476334 0.159785 0.014099 0.032316
0 0.473313 0.206463 0.019134 0.034111
0 0.742195 0.181329 0.018127 0.030521
0 0.429003 0.150808 0.013092 0.030521
0 0.942598 0.228007 0.017120 0.037702
0 0.830816 0.186715 0.017120 0.034111
0 0.629406 0.132855 0.015106 0.023339
