0 0.454902 0.169421 0.010980 0.024793
0 0.831373 0.206612 0.015686 0.042700
0 0.638431 0.173554 0.015686 0.039945
0 0.777255 0.269972 0.023529 0.061983
0 0.548235 0.147383 0.010980 0.028926
0 0.669804 0.108815 0.010980 0.026171
0 0.631373 0.121212 0.013333 0.024793
0 0.868235 0.216253 0.016471 0.041322
0 0.698824 0.227273 0.022745 0.041322
0 0.686275 0.311295 0.026667 0.057851
0 0.877647 0.201102 0.013333 0.031680
0 0.652549 0.263085 0.021961 0.048209
0 0.776471 0.148760 0.012549 0.030303
0 0.736471 0.190083 0.015686 0.030303
0 0.447059 0.155647 0.011765 0.027548
0 0.575686 0.162534 0.014118 0.027548
0 0.674510 0.169421 0.014902 0.035813
0 0.751373 0.325069 0.025882 0.064738
0 0.572549 0.141873 0.012549 0.024793
0 0.790588 0.136364 0.011765 0.030303
0 0.265098 0.263085 0.013333 0.030303
0 0.203922 0.420110 0.035294 0.085399
0 0.281569 0.261708 0.013333 0.031680
0 0.739608 0.220386 0.017255 0.034435
0 0.701176 0.279614 0.021961 0.055096
0 0.854902 0.243802 0.019608 0.044077
0 0.654118 0.224518 0.018824 0.044077
0 0.810196 0.230028 0.016471 0.046832
0 0.591373 0.103306 0.010980 0.023416
0 0.549020 0.303030 0.026667 0.053719
0 0.418039 0.228650 0.018039 0.035813
0 0.330980 0.225895 0.014902 0.034435
0 0.502745 0.130854 0.008627 0.019284
0 0.597647 0.260331 0.020392 0.055096
0 0.363137 0.249311 0.016471 0.038567
0 0.604706 0.144628 0.011765 0.028926
0 0.536471 0.176309 0.014902 0.035813
0 0.825098 0.141873 0.010980 0.028926
0 0.690196 0.191460 0.016471 0.033058
0 0.540392 0.194215 0.015686 0.033058
0 0.520000 0.132231 0.010196 0.026171
0 0.392941 0.278237 0.020392 0.049587
0 0.865098 0.303030 0.021176 0.055096
0 0.861176 0.147383 0.009412 0.028926
0 0.776471 0.192837 0.016471 0.037190
0 0.558431 0.166667 0.016471 0.039945
0 0.519216 0.283747 0.018039 0.048209
0 0.319216 0.278237 0.015686 0.039945
0 0.448627 0.219008 0.015686 0.033058
0 0.794510 0.180441 0.014902 0.034435
0 0.896471 0.254821 0.018039 0.042700
0 0.616471 0.125344 0.010980 0.022039
0 0.748235 0.176309 0.014902 0.034435
0 0.476863 0.223140 0.017255 0.042700
0 0.610980 0.207989 0.016471 0.042700
0 0.756863 0.140496 0.014118 0.027548
0 0.567059 0.235537 0.018039 0.042700
0 0.403922 0.176309 0.013333 0.030303
0 0.509804 0.181818 0.013333 0.034435
0 0.374902 0.260331 0.018039 0.041322
0 0.308235 0.227273 0.012549 0.030303
0 0.422745 0.180441 0.012549 0.028926
0 0.396078 0.194215 0.012549 0.024793
