0 0.815000 0.371111 0.041667 0.066667
0 0.878333 0.531111 0.055000 0.075556
0 0.701667 0.497778 0.056667 0.075556
0 0.651667 0.388889 0.043333 0.057778
0 0.151667 0.586667 0.076667 0.100000
0 0.156667 0.528889 0.058333 0.073333
0 0.706667 0.580000 0.088333 0.122222
0 0.295000 0.551111 0.065000 0.088889
0 0.553333 0.382222 0.041667 0.060000
0 0.748333 0.542222 0.063333 0.097778
0 0.226667 0.371111 0.043333 0.060000
0 0.596667 0.646667 0.108333 0.177778
0 0.453333 0.400000 0.041667 0.055556
0 0.440000 0.726667 0.186667 0.322222
0 0.286667 0.642222 0.115000 0.164444
