1 0.124023 0.194882 0.010742 0.025591
0 0.235352 0.755906 0.026367 0.053150
0 0.273438 0.688976 0.022461 0.061024
1 0.177734 0.230315 0.009766 0.029528
1 0.172852 0.425197 0.011719 0.029528
1 0.336914 0.685039 0.012695 0.053150
1 0.177734 0.194882 0.009766 0.025591
0 0.225586 0.694882 0.019531 0.049213
1 0.333984 0.295276 0.117188 0.273622
0 0.159180 0.242126 0.009766 0.021654
1 0.197266 0.204724 0.009766 0.027559
0 0.053711 0.188976 0.017578 0.043307
1 0.159180 0.196850 0.008789 0.025591
1 0.143555 0.194882 0.008789 0.025591
1 0.135742 0.234252 0.013672 0.033465
1 0.580078 0.661417 0.159180 0.407480
0 0.146484 0.885827 0.052734 0.137795
1 0.197266 0.236220 0.011719 0.033465
0 0.010742 0.194882 0.019531 0.047244
0 0.348633 0.685039 0.023438 0.055118
1 0.323242 0.702756 0.019531 0.053150
1 0.418945 0.694882 0.018555 0.068898
0 0.385742 0.712598 0.031250 0.066929
0 0.302734 0.732283 0.022461 0.059055
0 0.117188 0.238189 0.009766 0.023622
0 0.090820 0.216535 0.018555 0.047244
