0 0.725000 0.362500 0.026667 0.055000
0 0.321667 0.357500 0.020000 0.032500
0 0.646667 0.342500 0.018333 0.032500
0 0.573333 0.355000 0.028333 0.045000
0 0.308333 0.340000 0.023333 0.040000
0 0.761667 0.350000 0.040000 0.062500
0 0.645000 0.417500 0.061667 0.092500
0 0.246667 0.407500 0.071667 0.135000
0 0.533333 0.342500 0.025000 0.037500
0 0.628333 0.367500 0.026667 0.042500
0 0.595000 0.362500 0.021667 0.040000
0 0.353333 0.350000 0.025000 0.035000
0 0.388333 0.345000 0.020000 0.035000
0 0.833333 0.380000 0.043333 0.062500
0 0.770000 0.415000 0.060000 0.095000
0 0.880000 0.392500 0.048333 0.082500
0 0.423333 0.340000 0.021667 0.040000
0 0.416667 0.412500 0.075000 0.122500
0 0.160000 0.400000 0.066667 0.107500
0 0.371667 0.350000 0.016667 0.035000
0 0.283333 0.347500 0.026667 0.045000
0 0.670000 0.347500 0.025000 0.047500
0 0.465000 0.327500 0.021667 0.042500
0 0.483333 0.337500 0.016667 0.035000
