      0/99     2.21G   0.07326   0.02822   0.02036    0.1218        21       640   0.03148    0.4274   0.07294   0.03588   0.04281     0.013   0.01189
      1/99     3.24G   0.05212    0.0234  0.009727   0.08525        16       640    0.1343    0.4994    0.1352   0.06284     0.037    0.0128   0.00605
      2/99     3.24G   0.04878   0.02298  0.007478   0.07923        66       640    0.0825    0.6708    0.1777   0.08093   0.03901   0.01379  0.004164
      3/99     3.24G   0.04493   0.02239  0.006406   0.07372        27       640    0.1483    0.5444    0.1683   0.08259   0.03738   0.01352  0.005183
      4/99     3.24G   0.04225   0.02224  0.005965   0.07045        56       640    0.1103    0.6921    0.2205    0.1007   0.03263   0.01528  0.003256
      5/99     3.24G    0.0408   0.02222  0.005304   0.06833        42       640    0.1205    0.6662    0.2086    0.1032   0.03314   0.01366  0.002972
      6/99     3.24G   0.03979   0.02167   0.00526   0.06672        33       640      0.15    0.6665    0.2205    0.1061   0.03273   0.01443  0.003076
      7/99     3.24G   0.03928   0.02147  0.004834   0.06559        37       640    0.1126    0.6929     0.236    0.1174   0.03221    0.0136  0.002475
      8/99     3.24G   0.03881   0.02154  0.004804   0.06514        43       640    0.1745    0.6891    0.2378    0.1236   0.03222   0.01327  0.002472
      9/99     3.24G   0.03819   0.02117  0.004538   0.06389        18       640    0.1533    0.7006    0.2306    0.1089   0.03132   0.01447  0.002235
     10/99     3.24G    0.0376   0.02137  0.004429    0.0634        19       640    0.1614    0.6856    0.2174    0.1065   0.03079    0.0151  0.002218
     11/99     3.24G   0.03785   0.02148  0.004457   0.06378        15       640    0.1333    0.7096     0.234    0.1209   0.03098    0.0147  0.002257
     12/99     3.24G    0.0371   0.02068  0.004299   0.06207        29       640    0.1686    0.6997    0.2392    0.1239   0.03083   0.01509  0.001994
     13/99     3.24G   0.03692   0.02107  0.004243   0.06223        15       640    0.1155    0.7056    0.2315    0.1112   0.03066   0.01555  0.002032
     14/99     3.24G   0.03664   0.02108  0.004087   0.06181        27       640    0.1824    0.6843    0.2319     0.126   0.03002   0.01547  0.001998
     15/99     3.24G   0.03625   0.02058  0.004043   0.06087        23       640    0.1696    0.7091    0.2391    0.1253   0.02999   0.01475  0.001905
     16/99     3.24G   0.03634   0.02089  0.003917   0.06114        17       640    0.1558    0.7071    0.2418     0.133    0.0298   0.01501  0.002011
     17/99     3.24G   0.03635   0.02062  0.003957   0.06094        35       640    0.2002     0.695    0.2511    0.1406   0.03039   0.01476  0.001792
     18/99     3.24G   0.03595    0.0206  0.004035   0.06058        23       640     0.165    0.7044    0.2379    0.1339   0.02975   0.01529   0.00192
     19/99     3.24G   0.03572   0.02011  0.003859   0.05969        20       640    0.1826    0.7126    0.2417    0.1367   0.02958   0.01488  0.001823
     20/99     3.24G   0.03544   0.02084  0.003806   0.06008        47       640    0.1815    0.7071    0.2445    0.1342   0.03003   0.01529  0.001853
     21/99     3.24G   0.03567   0.02086  0.003932   0.06046        49       640    0.2093    0.6931    0.2455    0.1296   0.02965   0.01518  0.001757
     22/99     3.24G   0.03566   0.02059  0.003863   0.06011        20       640    0.1839    0.7374    0.2451      0.14   0.02937   0.01551  0.001677
     23/99     3.24G   0.03545   0.02079  0.003554   0.05979        23       640    0.1725      0.73    0.2544    0.1387   0.02965   0.01444   0.00173
     24/99     3.24G   0.03535   0.02079  0.003787   0.05992        50       640    0.1631     0.742    0.2503    0.1315   0.02948   0.01538  0.001889
     25/99     3.24G    0.0354     0.021  0.003758   0.06016        37       640    0.1738    0.7241    0.2424    0.1367   0.02967   0.01491  0.001841
     26/99     3.24G    0.0351    0.0203  0.003655   0.05905        37       640    0.1802    0.7331    0.2495    0.1399   0.02922   0.01539  0.001656
     27/99     3.24G   0.03481   0.02051  0.003589   0.05891        42       640    0.2145    0.7545    0.2543    0.1322   0.02928   0.01494  0.001751
     28/99     3.24G   0.03452   0.01965  0.003416   0.05758        23       640    0.1752    0.7463    0.2508    0.1374   0.02906   0.01572  0.001635
     29/99     3.24G   0.03446   0.02024  0.003487   0.05819        20       640    0.2092    0.7321     0.247    0.1374   0.02958   0.01545   0.00191
     30/99     3.24G   0.03469   0.02036  0.003448    0.0585        22       640    0.1833    0.7276    0.2346    0.1348   0.02919   0.01519  0.001499
     31/99     3.24G   0.03434   0.02014  0.003361   0.05784        28       640    0.2077    0.7235    0.2441    0.1438   0.02907   0.01542  0.001534
     32/99     3.24G   0.03389   0.01976  0.003312   0.05695        16       640    0.1688    0.7854    0.2489    0.1451   0.02905   0.01618  0.001652
     33/99     3.24G   0.03398   0.01996  0.003236   0.05717        35       640    0.1898    0.7434    0.2507    0.1453   0.02893     0.015  0.001469
     34/99     3.24G   0.03409   0.01997  0.003293   0.05735        30       640    0.2075     0.754    0.2487    0.1462    0.0288   0.01539  0.001462
     35/99     3.24G   0.03403   0.01992  0.003229   0.05717        46       640    0.1913    0.7557    0.2497    0.1473   0.02874   0.01557  0.001391
     36/99     3.24G   0.03398   0.02011  0.003264   0.05735        47       640    0.2013    0.7892    0.2568    0.1481   0.02868   0.01535  0.001349
     37/99     3.24G   0.03378   0.01998  0.003243     0.057        43       640    0.1959    0.7805    0.2567    0.1457   0.02848   0.01602  0.001526
     38/99     3.24G   0.03357   0.01979  0.003219   0.05658        38       640    0.1886    0.7579    0.2432    0.1413   0.02871    0.0158  0.001523
     39/99     3.24G   0.03382   0.01983  0.003067   0.05671        15       640    0.2084    0.7877    0.2558    0.1482   0.02856   0.01554  0.001495
     40/99     3.24G   0.03344   0.01941  0.003184   0.05604        50       640    0.1968     0.797    0.2519    0.1439   0.02844   0.01577  0.001436
     41/99     3.24G   0.03365   0.01987  0.003273   0.05679        35       640     0.175    0.7642    0.2551    0.1543   0.02848   0.01589  0.001308
     42/99     3.24G   0.03345   0.01954  0.003071   0.05606        54       640     0.201    0.8021    0.2528    0.1463   0.02832   0.01582  0.001365
     43/99     3.24G   0.03335   0.01948  0.003116   0.05594        28       640    0.2067    0.7821    0.2641    0.1592   0.02841   0.01593  0.001431
     44/99     3.24G   0.03321   0.01944  0.003038    0.0557        14       640    0.2084    0.8125    0.2553    0.1495   0.02816   0.01583  0.001404
     45/99     3.24G   0.03309   0.01931  0.003082   0.05548        27       640    0.1915    0.8203    0.2615    0.1588   0.02816   0.01612  0.001413
     46/99     3.24G   0.03298   0.01993  0.002986    0.0559        20       640    0.2125    0.8202     0.264    0.1581   0.02822   0.01587  0.001229
     47/99     3.24G   0.03288   0.01982  0.003018   0.05572        39       640     0.209     0.798     0.255    0.1557    0.0281   0.01574  0.001345
     48/99     3.24G   0.03304   0.01959  0.003053   0.05568        12       640    0.2071    0.8137    0.2586    0.1528   0.02806   0.01589   0.00134
     49/99     3.24G   0.03268   0.01956   0.00282   0.05506        22       640    0.2142    0.8103    0.2592    0.1528   0.02805   0.01537  0.001181
     50/99     3.24G   0.03251   0.01888  0.002858   0.05425        26       640    0.2111    0.7816    0.2582    0.1506   0.02815   0.01552  0.001263
     51/99     3.24G   0.03282   0.01943   0.00292   0.05516         9       640    0.2045    0.8199    0.2564    0.1578   0.02814   0.01586  0.001255
     52/99     3.24G   0.03257   0.01925   0.00289   0.05471        18       640    0.2104    0.8405    0.2571    0.1516   0.02792   0.01559  0.001274
     53/99     3.24G   0.03239   0.01911  0.002733   0.05423        19       640    0.2043    0.8123    0.2541    0.1541   0.02794   0.01589  0.001258
     54/99     3.24G   0.03243   0.01888  0.002797   0.05411         8       640      0.21    0.8063    0.2528    0.1525   0.02794   0.01596  0.001232
     55/99     3.24G   0.03228   0.01898  0.002779   0.05404         9       640    0.1893    0.8019    0.2529    0.1604   0.02782   0.01611  0.001175
     56/99     3.24G   0.03217    0.0195  0.002794   0.05447        50       640    0.1882    0.8394    0.2641    0.1703   0.02778   0.01587  0.001253
     57/99     3.24G   0.03224   0.01912  0.002749    0.0541        29       640    0.2075    0.8251    0.2594    0.1623   0.02774   0.01574  0.001231
     58/99     3.24G   0.03217   0.01917  0.002682   0.05403        40       640    0.2026    0.8258    0.2563     0.161   0.02758   0.01635  0.001105
     59/99     3.24G   0.03172   0.01915  0.002728   0.05359        20       640    0.2161    0.8371    0.2656     0.163   0.02756    0.0159  0.001141
     60/99     3.24G   0.03178   0.01879    0.0027   0.05327        48       640    0.2061     0.826    0.2652    0.1662   0.02757   0.01601  0.001074
     61/99     3.24G   0.03207   0.01916  0.002726   0.05396        19       640    0.2059    0.8321    0.2556    0.1642   0.02757    0.0164  0.001137
     62/99     3.24G    0.0316   0.01902  0.002495   0.05311        19       640    0.2079    0.7989    0.2623    0.1681   0.02751   0.01591  0.001133
     63/99     3.24G    0.0316   0.01874  0.002582   0.05293        52       640    0.2146    0.8357    0.2537    0.1594   0.02744   0.01607  0.001093
     64/99     3.24G   0.03179   0.01909  0.002682   0.05357        47       640    0.2148    0.8329     0.259     0.157   0.02746   0.01629  0.001202
     65/99     3.24G   0.03147   0.01866  0.002496   0.05262        31       640    0.2143    0.8359      0.26    0.1622   0.02755   0.01579  0.001137
     66/99     3.24G   0.03139   0.01851  0.002459   0.05236        43       640    0.2124    0.8271    0.2557    0.1579   0.02739   0.01623  0.001094
     67/99     3.24G   0.03146   0.01871  0.002431    0.0526        25       640    0.2115    0.8603    0.2582    0.1649   0.02738   0.01648  0.001091
     68/99     3.24G   0.03107   0.01859  0.002402   0.05206        20       640    0.2125    0.8405    0.2616    0.1666   0.02731   0.01608  0.001093
     69/99     3.24G   0.03119   0.01853  0.002375    0.0521        25       640    0.2127    0.8529    0.2551    0.1637   0.02722    0.0162  0.001078
     70/99     3.24G   0.03111   0.01869  0.002474   0.05227        48       640    0.2111    0.8358      0.25     0.159   0.02711   0.01632  0.001108
     71/99     3.24G   0.03112   0.01867  0.002357   0.05215        34       640    0.2131     0.829    0.2527    0.1597   0.02724   0.01638  0.001151
     72/99     3.24G   0.03086   0.01795   0.00228   0.05109        32       640    0.2136    0.8181    0.2566    0.1637    0.0272   0.01615  0.001083
     73/99     3.24G   0.03105   0.01854    0.0025   0.05209        25       640    0.2057    0.8448    0.2493    0.1546   0.02706   0.01619  0.001041
     74/99     3.24G   0.03098   0.01848   0.00232   0.05178        49       640    0.2164    0.8425    0.2501    0.1566    0.0272   0.01629  0.001186
     75/99     3.24G   0.03082    0.0185  0.002456   0.05178        24       640    0.2175    0.8505    0.2502    0.1538   0.02706   0.01629  0.001092
     76/99     3.24G   0.03065   0.01854  0.002293   0.05148        36       640     0.219    0.8433    0.2572    0.1616   0.02698   0.01648  0.001063
     77/99     3.24G   0.03105   0.01867  0.002406   0.05212        29       640    0.2168    0.8411    0.2508    0.1608   0.02702   0.01652  0.001112
     78/99     3.24G   0.03041   0.01842  0.002202   0.05103        34       640    0.2216    0.8392    0.2562    0.1641   0.02709   0.01613  0.001074
     79/99     3.24G   0.03048   0.01813  0.002289    0.0509        19       640    0.2145    0.8592     0.251      0.16   0.02701   0.01658  0.001059
     80/99     3.24G   0.03049   0.01834  0.002296   0.05113        10       640    0.2227    0.8357      0.25    0.1602   0.02691   0.01629  0.001064
     81/99     3.24G   0.03048   0.01829  0.002219   0.05098        12       640    0.2188    0.8529    0.2533    0.1627   0.02691   0.01627  0.001081
     82/99     3.24G   0.03037    0.0181  0.002209   0.05068        21       640    0.2203    0.8494    0.2561    0.1656   0.02679   0.01643  0.001047
     83/99     3.24G   0.03026   0.01815  0.002361   0.05077        25       640    0.2223    0.8625    0.2572    0.1657   0.02694   0.01652  0.001074
     84/99     3.24G   0.03023    0.0185  0.002243   0.05097        45       640    0.2197    0.8813    0.2617    0.1677   0.02691   0.01641   0.00107
     85/99     3.24G   0.03005   0.01813   0.00216   0.05034        24       640    0.2181    0.8554    0.2635    0.1687   0.02686   0.01635  0.001112
     86/99     3.24G   0.03017   0.01855  0.002252   0.05097         3       640    0.2196    0.8583    0.2644    0.1711   0.02683   0.01656  0.001078
     87/99     3.24G   0.03013   0.01776  0.002214    0.0501        74       640    0.2204    0.8673    0.2546    0.1633   0.02684   0.01644  0.001078
     88/99     3.24G   0.03009   0.01788  0.002119   0.05009        19       640    0.2253     0.869    0.2675    0.1743   0.02678   0.01654   0.00109
     89/99     3.24G   0.03032    0.0185  0.002121   0.05094        21       640    0.2242    0.8793    0.2651    0.1731   0.02676   0.01654  0.001099
     90/99     3.24G   0.02995   0.01815  0.002119   0.05022        31       640    0.2217    0.8586    0.2659    0.1722   0.02684   0.01655  0.001101
     91/99     3.24G   0.02975   0.01808  0.002017   0.04985        31       640    0.2206    0.8585     0.257    0.1657   0.02677   0.01656  0.001077
     92/99     3.24G   0.02976   0.01834  0.002043   0.05014        27       640    0.2118    0.8566     0.261    0.1694   0.02689   0.01656  0.001106
     93/99     3.24G   0.02988   0.01825  0.002096   0.05023        35       640    0.2134    0.8442    0.2502    0.1644   0.02679    0.0166  0.001106
     94/99     3.24G   0.02989   0.01807  0.001987   0.04994        31       640    0.2129    0.8531    0.2545    0.1681   0.02685   0.01661   0.00111
     95/99     3.24G   0.02987   0.01772  0.002161   0.04975        10       640    0.2241    0.8674    0.2601    0.1692   0.02685   0.01667  0.001079
     96/99     3.24G    0.0297   0.01773  0.002091   0.04952        16       640    0.2239    0.8592    0.2604    0.1642   0.02685   0.01669  0.001061
     97/99     3.24G   0.02974   0.01789  0.002072   0.04971        26       640    0.2176    0.8654    0.2615     0.168   0.02678   0.01672  0.001014
     98/99     3.24G   0.02981    0.0179  0.002169   0.04988        48       640    0.2144    0.8586    0.2581    0.1669   0.02672    0.0167  0.001042
     99/99     3.24G   0.02936   0.01727  0.002014   0.04865         9       640    0.2084    0.8492     0.255    0.1653   0.02669   0.01663  0.001086
