1 0.381818 0.282192 0.047273 0.082192
0 0.810909 0.257534 0.029091 0.046575
0 0.470909 0.263014 0.125455 0.246575
1 0.807273 0.350685 0.041818 0.090411
1 0.014545 0.260274 0.027273 0.126027
1 0.127273 0.265753 0.036364 0.057534
1 0.574545 0.331507 0.081818 0.172603
1 0.274545 0.243836 0.138182 0.205479
1 0.947273 0.345205 0.103636 0.219178
1 0.565455 0.326027 0.067273 0.172603
1 0.347273 0.287671 0.034545 0.076712
1 0.683636 0.339726 0.234545 0.378082
1 0.207273 0.263014 0.076364 0.158904
1 0.856364 0.328767 0.069091 0.136986
1 0.096364 0.273973 0.025455 0.054795
1 0.061818 0.265753 0.069091 0.109589
