1 0.508000 0.274390 0.094000 0.146341
0 0.726000 0.097561 0.056000 0.088415
0 0.776000 0.106707 0.024000 0.060976
0 0.882000 0.155488 0.060000 0.112805
0 0.808000 0.128049 0.052000 0.091463
0 0.344000 0.115854 0.020000 0.027439
0 0.602000 0.140244 0.022000 0.051829
1 0.740000 0.478659 0.200000 0.298780
0 0.332000 0.170732 0.046000 0.085366
0 0.212000 0.198171 0.036000 0.048780
0 0.250000 0.109756 0.040000 0.051829
0 0.498000 0.121951 0.026000 0.048780
0 0.286000 0.310976 0.058000 0.115854
0 0.436000 0.152439 0.060000 0.115854
0 0.382000 0.131098 0.036000 0.057927
0 0.692000 0.143293 0.028000 0.054878
0 0.562000 0.109756 0.032000 0.064024
0 0.654000 0.134146 0.032000 0.060976
0 0.050000 0.228659 0.096000 0.152439
0 0.636000 0.152439 0.040000 0.067073
0 0.968000 0.094512 0.052000 0.121951
0 0.194000 0.128049 0.016000 0.033537
0 0.198000 0.155488 0.016000 0.024390
0 0.604000 0.280488 0.084000 0.128049
0 0.250000 0.225610 0.044000 0.082317
0 0.214000 0.134146 0.014000 0.027439
0 0.190000 0.506098 0.202000 0.335366
0 0.536000 0.121951 0.024000 0.048780
