1 0.770000 0.441748 0.086667 0.150485
1 0.953333 0.359223 0.090000 0.184466
1 0.916667 0.053398 0.026667 0.038835
1 0.436667 0.237864 0.026667 0.048544
1 0.313333 0.213592 0.030000 0.048544
1 0.563333 0.233010 0.030000 0.048544
1 0.853333 0.131068 0.026667 0.043689
1 0.150000 0.393204 0.150000 0.242718
1 0.540000 0.388350 0.090000 0.145631
1 0.510000 0.218447 0.033333 0.048544
1 0.100000 0.165049 0.036667 0.067961
1 0.413333 0.388350 0.096667 0.165049
1 0.133333 0.223301 0.040000 0.058252
1 0.720000 0.233010 0.030000 0.043689
1 0.726667 0.407767 0.073333 0.131068
