1 0.466667 0.416667 0.031944 0.064583
1 0.969444 0.410417 0.055556 0.091667
1 0.308333 0.458333 0.029167 0.058333
1 0.177778 0.452083 0.022222 0.047917
1 0.443056 0.418750 0.052778 0.095833
1 0.288889 0.460417 0.026389 0.052083
1 0.212500 0.454167 0.040278 0.066667
1 0.618056 0.402083 0.063889 0.110417
1 0.565278 0.395833 0.054167 0.102083
1 0.851389 0.410417 0.048611 0.089583
1 0.400000 0.425000 0.034722 0.066667
1 0.909722 0.391667 0.058333 0.106250
1 0.666667 0.412500 0.036111 0.093750
1 0.151389 0.397917 0.070833 0.129167
1 0.238889 0.433333 0.026389 0.064583
1 0.501389 0.439583 0.036111 0.062500
1 0.337500 0.425000 0.047222 0.079167
1 0.373611 0.408333 0.038889 0.081250
1 0.258333 0.435417 0.036111 0.064583
1 0.787500 0.391667 0.069444 0.116667
