1 0.513889 0.377083 0.036111 0.077083
1 0.437500 0.385417 0.036111 0.072917
1 0.305556 0.406250 0.019444 0.035417
1 0.652778 0.395833 0.029167 0.047917
1 0.569444 0.402083 0.030556 0.050000
1 0.202778 0.418750 0.023611 0.039583
1 0.758333 0.391667 0.045833 0.075000
1 0.379167 0.372917 0.045833 0.083333
1 0.119444 0.404167 0.025000 0.047917
1 0.038889 0.402083 0.020833 0.037500
1 0.358333 0.377083 0.034722 0.070833
1 0.497222 0.393750 0.023611 0.043750
1 0.337500 0.414583 0.025000 0.033333
1 0.141667 0.402083 0.031944 0.058333
1 0.175000 0.406250 0.019444 0.037500
1 0.616667 0.402083 0.031944 0.062500
1 0.813889 0.381250 0.036111 0.066667
1 0.266667 0.395833 0.041667 0.066667
1 0.538889 0.381250 0.027778 0.047917
