1 0.243939 0.526000 0.034848 0.064000
1 0.143939 0.542000 0.046970 0.064000
1 0.527273 0.544000 0.040909 0.070000
1 0.307576 0.528000 0.039394 0.064000
1 0.071212 0.552000 0.043939 0.064000
1 0.107576 0.510000 0.036364 0.054000
1 0.586364 0.516000 0.033333 0.066000
1 0.357576 0.548000 0.045455 0.070000
1 0.201515 0.562000 0.039394 0.066000
1 0.816667 0.530000 0.048485 0.086000
1 0.601515 0.532000 0.040909 0.076000
1 0.924242 0.518000 0.053030 0.078000
1 0.709091 0.528000 0.046970 0.078000
1 0.440909 0.514000 0.045455 0.072000
1 0.372727 0.514000 0.033333 0.056000
1 0.693939 0.534000 0.040909 0.076000
