0 0.772000 0.256000 0.026000 0.042667
1 0.426000 0.272000 0.042000 0.072000
1 0.040000 0.277333 0.078000 0.133333
1 0.542000 0.248000 0.036000 0.069333
1 0.518000 0.312000 0.054000 0.101333
0 0.906000 0.248000 0.034000 0.064000
1 0.638000 0.250667 0.050000 0.088000
1 0.232000 0.317333 0.096000 0.146667
1 0.292000 0.272000 0.058000 0.096000
0 0.956000 0.253333 0.044000 0.074667
1 0.562000 0.269333 0.032000 0.064000
1 0.356000 0.285333 0.078000 0.128000
1 0.670000 0.277333 0.028000 0.066667
1 0.584000 0.304000 0.056000 0.096000
1 0.868000 0.272000 0.074000 0.109333
1 0.148000 0.282667 0.070000 0.109333
1 0.470000 0.317333 0.072000 0.104000
0 0.716000 0.248000 0.042000 0.061333
