1 0.915625 0.829167 0.078125 0.112500
1 0.364063 0.845833 0.078125 0.112500
1 0.629687 0.841667 0.070312 0.129167
1 0.423438 0.770833 0.059375 0.087500
1 0.873437 0.645833 0.023438 0.037500
1 0.701562 0.710417 0.032813 0.047917
1 0.807813 0.641667 0.023438 0.033333
1 0.268750 0.658333 0.031250 0.054167
1 0.610938 0.654167 0.023438 0.033333
1 0.267188 0.766667 0.054688 0.077083
1 0.062500 0.691667 0.037500 0.058333
1 0.115625 0.675000 0.035937 0.056250
1 0.537500 0.631250 0.025000 0.029167
1 0.317188 0.616667 0.015625 0.025000
1 0.678125 0.677083 0.031250 0.043750
1 0.854688 0.756250 0.064062 0.087500
1 0.310937 0.725000 0.039062 0.064583
1 0.406250 0.654167 0.023438 0.031250
1 0.831250 0.650000 0.026562 0.041667
1 0.968750 0.687500 0.043750 0.060417
1 0.471875 0.633333 0.020313 0.027083
1 0.593750 0.733333 0.050000 0.070833
1 0.109375 0.854167 0.081250 0.108333
1 0.543750 0.660417 0.020313 0.037500
1 0.732812 0.727083 0.046875 0.062500
1 0.917188 0.683333 0.035937 0.052083
1 0.331250 0.625000 0.017188 0.027083
1 0.201563 0.779167 0.065625 0.079167
1 0.789062 0.729167 0.057813 0.075000
