0 0.720074 0.523416 0.022099 0.038567
1 0.545120 0.564738 0.034991 0.052342
0 0.128913 0.595041 0.038674 0.055096
0 0.051565 0.581267 0.036832 0.060606
0 0.025783 0.512397 0.047882 0.090909
0 0.519337 0.545455 0.025783 0.046832
0 0.850829 0.531680 0.036832 0.060606
0 0.425414 0.561983 0.038674 0.057851
0 0.922652 0.570248 0.046041 0.063361
0 0.609576 0.539945 0.029466 0.057851
1 0.416206 0.531680 0.034991 0.055096
0 0.780847 0.539945 0.051565 0.077135
1 0.731123 0.561983 0.042357 0.063361
0 0.220994 0.548209 0.058932 0.093664
