1 0.689815 0.339506 0.032407 0.061728
1 0.655864 0.314815 0.047840 0.078189
1 0.736111 0.333333 0.052469 0.090535
0 0.225309 0.325103 0.041667 0.067901
0 0.254630 0.329218 0.037037 0.078189
0 0.155864 0.298354 0.094136 0.123457
0 0.049383 0.325103 0.050926 0.069959
0 0.530864 0.327160 0.083333 0.119342
1 0.876543 0.179012 0.111111 0.150206
0 0.296296 0.347737 0.063272 0.100823
0 0.408951 0.316872 0.060185 0.106996
0 0.805556 0.281893 0.072531 0.104938
0 0.192901 0.347737 0.049383 0.080247
0 0.376543 0.279835 0.087963 0.162551
1 0.495370 0.232510 0.077160 0.125514
1 0.637346 0.360082 0.064815 0.100823
0 0.598765 0.327160 0.037037 0.074074
