1 0.434545 0.574932 0.061818 0.119891
0 0.352727 0.512262 0.067273 0.106267
1 0.780000 0.604905 0.041818 0.098093
1 0.058182 0.566757 0.025455 0.049046
1 0.229091 0.574932 0.060000 0.100817
1 0.972727 0.632153 0.038182 0.081744
1 0.841818 0.637602 0.041818 0.087193
1 0.478182 0.594005 0.045455 0.100817
1 0.752727 0.629428 0.029091 0.065395
1 0.005455 0.577657 0.009091 0.032698
1 0.210909 0.621253 0.060000 0.092643
1 0.390909 0.596730 0.030909 0.057221
1 0.809091 0.613079 0.025455 0.051771
1 0.025455 0.577657 0.023636 0.046322
1 0.538182 0.574932 0.060000 0.114441
