1 0.092179 0.366222 0.010056 0.015556
1 0.224581 0.461778 0.009497 0.018667
1 0.137430 0.545778 0.012291 0.017778
1 0.700838 0.184000 0.007821 0.016444
1 0.236872 0.235111 0.008659 0.016000
1 0.792458 0.211111 0.008659 0.017778
1 0.784078 0.188444 0.009497 0.019111
1 0.875978 0.747556 0.015922 0.022222
1 0.910335 0.517778 0.013408 0.019556
1 0.442458 0.512889 0.008659 0.018667
1 0.829609 0.337778 0.011173 0.017778
1 0.798883 0.337333 0.009497 0.019111
1 0.152514 0.362222 0.009497 0.017333
1 0.916201 0.361778 0.011173 0.016000
1 0.466201 0.754222 0.010056 0.023556
1 0.691061 0.241778 0.008101 0.017778
1 0.803911 0.372444 0.008659 0.018667
1 0.858101 0.435556 0.009777 0.016000
1 0.841341 0.286222 0.009218 0.016000
1 0.218715 0.504444 0.011173 0.017778
1 0.739106 0.336444 0.008659 0.017333
1 0.710056 0.221333 0.007821 0.019111
1 0.542737 0.932444 0.012570 0.024000
1 0.110615 0.200000 0.010335 0.016000
1 0.510615 0.757333 0.014525 0.023556
1 0.704469 0.310222 0.010335 0.018667
1 0.741620 0.368444 0.009218 0.018667
1 0.269274 0.205333 0.008380 0.016000
1 0.695810 0.262222 0.007821 0.016000
1 0.209777 0.231111 0.009218 0.015556
1 0.867318 0.366222 0.010615 0.019111
1 0.445810 0.439556 0.008939 0.018667
1 0.724302 0.314222 0.010335 0.020444
1 0.235754 0.531111 0.010615 0.019556
1 0.487151 0.769333 0.011173 0.022667
1 0.120950 0.360889 0.009497 0.017778
1 0.215363 0.316889 0.009777 0.016444
1 0.089665 0.290667 0.008659 0.019111
1 0.923184 0.328889 0.010056 0.017333
1 0.857821 0.335556 0.010056 0.016444
1 0.724302 0.283111 0.009218 0.017778
1 0.208659 0.526667 0.011732 0.018222
1 0.880726 0.518667 0.010894 0.019111
1 0.813128 0.183556 0.009777 0.017333
1 0.886313 0.433778 0.009777 0.020000
1 0.177374 0.357333 0.010335 0.017333
1 0.140782 0.203111 0.010335 0.015111
1 0.170670 0.516889 0.010894 0.015556
1 0.185196 0.228889 0.009218 0.017333
1 0.284916 0.232889 0.008101 0.015556
1 0.227374 0.430222 0.009777 0.016889
1 0.423743 0.870667 0.013128 0.021333
1 0.925978 0.825778 0.015084 0.020889
1 0.432682 0.729778 0.012570 0.019111
1 0.243575 0.471111 0.009497 0.014667
1 0.132682 0.228889 0.008939 0.017778
1 0.844413 0.306667 0.009218 0.017778
1 0.212849 0.201333 0.009497 0.016444
1 0.289665 0.204444 0.007821 0.016000
1 0.269274 0.318667 0.008939 0.016889
1 0.132123 0.323556 0.009218 0.016444
1 0.697207 0.289778 0.008380 0.016889
1 0.016480 0.547556 0.014525 0.022222
1 0.894134 0.368889 0.010335 0.018667
1 0.114525 0.285333 0.009777 0.018222
1 0.100559 0.228000 0.011173 0.016000
1 0.260615 0.395556 0.009218 0.016889
1 0.840782 0.370667 0.010056 0.018667
1 0.921508 0.866667 0.015642 0.023556
1 0.103073 0.322667 0.009218 0.016444
1 0.683240 0.221333 0.008380 0.016444
1 0.440503 0.762667 0.011453 0.020889
1 0.040782 0.552444 0.011453 0.020000
1 0.940782 0.773778 0.016201 0.022222
1 0.820670 0.208000 0.008380 0.016889
1 0.527095 0.508444 0.008659 0.017778
1 0.164804 0.321333 0.008939 0.016444
1 0.203073 0.365333 0.009218 0.017333
1 0.108101 0.546222 0.011453 0.015111
1 0.527374 0.446222 0.009777 0.015556
1 0.067039 0.369333 0.010894 0.016000
1 0.716201 0.246667 0.008659 0.017333
1 0.231844 0.496889 0.010056 0.019111
1 0.123743 0.255111 0.008659 0.016000
1 0.240503 0.208444 0.008659 0.018222
1 0.015084 0.755556 0.016480 0.022667
1 0.169553 0.199111 0.008380 0.016889
1 0.854190 0.400889 0.010615 0.017778
1 0.079888 0.516000 0.010335 0.018667
1 0.822626 0.307111 0.008939 0.016889
1 0.115922 0.510667 0.010615 0.018222
1 0.708939 0.333778 0.010615 0.018222
1 0.866760 0.475111 0.010335 0.020000
1 0.237989 0.361333 0.010056 0.017778
1 0.810056 0.254222 0.008101 0.018667
1 0.681564 0.186222 0.008101 0.015111
1 0.939106 0.364889 0.010056 0.015111
1 0.832961 0.250222 0.008380 0.019111
1 0.874022 0.406222 0.010335 0.017333
1 0.077654 0.323556 0.009218 0.016444
1 0.100000 0.745333 0.015922 0.018667
1 0.713966 0.372889 0.008939 0.018222
1 0.035475 0.511556 0.013408 0.017778
1 0.720391 0.254222 0.006704 0.017778
1 0.768436 0.336444 0.009777 0.017333
1 0.162849 0.538667 0.011453 0.018667
1 0.902235 0.330667 0.010335 0.016444
1 0.159218 0.234667 0.008939 0.015111
1 0.186313 0.317778 0.008380 0.016000
1 0.815642 0.281333 0.008939 0.019556
1 0.263128 0.363111 0.008659 0.017778
1 0.266480 0.232444 0.008380 0.016889
1 0.802514 0.225778 0.008939 0.017333
1 0.093296 0.253778 0.009497 0.016889
1 0.827654 0.232889 0.008101 0.016444
1 0.249162 0.319556 0.009497 0.015556
1 0.234916 0.396444 0.009777 0.015556
1 0.248883 0.432889 0.009497 0.012889
