1 0.874545 0.490463 0.050909 0.103542
1 0.140000 0.512262 0.025455 0.054496
1 0.707273 0.536785 0.081818 0.106267
1 0.461818 0.528610 0.025455 0.057221
1 0.780000 0.498638 0.036364 0.073569
1 0.298182 0.433243 0.116364 0.217984
1 0.405455 0.504087 0.021818 0.051771
1 0.387273 0.495913 0.016364 0.043597
1 0.365455 0.471390 0.041818 0.098093
1 0.529091 0.493188 0.050909 0.100817
1 0.045455 0.495913 0.038182 0.070845
1 0.590909 0.613079 0.041818 0.079019
0 0.165455 0.485014 0.056364 0.103542
1 0.492727 0.509537 0.021818 0.046322
0 0.929091 0.520436 0.070909 0.138965
