1 0.284000 0.173653 0.016000 0.035928
1 0.208000 0.176647 0.014000 0.023952
1 0.900000 0.125749 0.046000 0.077844
1 0.472000 0.107784 0.080000 0.155689
1 0.262000 0.176647 0.012000 0.023952
1 0.654000 0.173653 0.036000 0.065868
1 0.182000 0.170659 0.012000 0.020958
1 0.070000 0.167665 0.020000 0.038922
1 0.272000 0.176647 0.008000 0.023952
1 0.432000 0.167665 0.026000 0.044910
1 0.090000 0.173653 0.022000 0.047904
1 0.192000 0.167665 0.012000 0.023952
1 0.130000 0.149701 0.034000 0.068862
1 0.222000 0.173653 0.016000 0.038922
1 0.324000 0.179641 0.010000 0.032934
1 0.234000 0.170659 0.014000 0.023952
1 0.802000 0.164671 0.048000 0.086826
1 0.116000 0.173653 0.014000 0.023952
1 0.368000 0.158683 0.026000 0.047904
1 0.336000 0.170659 0.028000 0.047904
1 0.306000 0.176647 0.012000 0.020958
1 0.352000 0.170659 0.014000 0.032934
