0 0.756667 0.797500 0.105000 0.137500
0 0.071667 0.795000 0.100000 0.162500
0 0.755000 0.685000 0.075000 0.117500
0 0.655000 0.805000 0.121667 0.182500
0 0.483333 0.890000 0.198333 0.220000
0 0.871667 0.732500 0.081667 0.150000
0 0.191667 0.862500 0.103333 0.165000
0 0.695000 0.722500 0.063333 0.107500
0 0.721667 0.467500 0.085000 0.132500
0 0.563333 0.797500 0.116667 0.170000
0 0.090000 0.735000 0.080000 0.135000
0 0.358333 0.710000 0.078333 0.115000
0 0.980000 0.725000 0.038333 0.135000
0 0.810000 0.775000 0.066667 0.132500
0 0.931667 0.725000 0.073333 0.140000
