0 0.040000 0.612426 0.077778 0.127219
0 0.584444 0.491124 0.046667 0.065089
0 0.720000 0.576923 0.071111 0.112426
0 0.291111 0.269231 0.035556 0.050296
0 0.762222 0.541420 0.048889 0.079882
0 0.717778 0.494083 0.044444 0.071006
0 0.288889 0.550296 0.055556 0.085799
0 0.162222 0.502959 0.048889 0.068047
0 0.313333 0.508876 0.060000 0.076923
0 0.162222 0.695266 0.122222 0.183432
0 0.137778 0.550296 0.064444 0.079882
0 0.237778 0.618343 0.071111 0.112426
0 0.913333 0.579882 0.071111 0.109467
0 0.642222 0.544379 0.053333 0.091716
0 0.942222 0.482249 0.057778 0.079882
