0 0.580285 0.155867 0.013211 0.033275
0 0.692073 0.255692 0.021341 0.045534
0 0.079268 0.267951 0.019309 0.038529
0 0.424797 0.204904 0.017276 0.033275
0 0.956301 0.241681 0.015244 0.035026
0 0.638211 0.264448 0.016260 0.038529
0 0.573171 0.185639 0.015244 0.033275
0 0.460366 0.225919 0.020325 0.031524
0 0.636179 0.220665 0.016260 0.036778
0 0.685976 0.176883 0.014228 0.031524
0 0.652439 0.311734 0.025407 0.052539
0 0.645325 0.119089 0.015244 0.028021
0 0.698171 0.213660 0.017276 0.038529
0 0.378049 0.199650 0.018293 0.031524
