0 0.541053 0.140713 0.011579 0.028143
0 0.550526 0.185741 0.012632 0.022514
0 0.871579 0.272045 0.017895 0.045028
0 0.792632 0.212008 0.014737 0.041276
0 0.706316 0.234522 0.017895 0.043152
0 0.827368 0.170732 0.010526 0.031895
0 0.628421 0.133208 0.010526 0.016886
0 0.914737 0.181989 0.010526 0.024390
0 0.437895 0.146341 0.011579 0.030019
0 0.697895 0.123827 0.009474 0.022514
0 0.491579 0.176360 0.009474 0.030019
0 0.768421 0.172608 0.012632 0.031895
0 0.629474 0.200750 0.015789 0.046904
0 0.765263 0.318949 0.033684 0.071295
0 0.515789 0.163227 0.011579 0.031895
0 0.589474 0.131332 0.011579 0.022514
0 0.493684 0.131332 0.010526 0.020638
0 0.652632 0.110694 0.009474 0.016886
0 0.428421 0.178236 0.013684 0.028143
0 0.553684 0.061914 0.009474 0.018762
0 0.851579 0.136961 0.011579 0.028143
0 0.805263 0.157598 0.014737 0.031895
0 0.564211 0.240150 0.018947 0.045028
0 0.573684 0.125704 0.013684 0.022514
0 0.373684 0.180113 0.012632 0.024390
0 0.457895 0.170732 0.011579 0.022514
0 0.625263 0.159475 0.010526 0.020638
0 0.882105 0.151970 0.011579 0.026266
0 0.930526 0.227017 0.015789 0.043152
0 0.644211 0.189493 0.014737 0.033771
0 0.761053 0.131332 0.009474 0.016886
0 0.614737 0.106942 0.009474 0.020638
0 0.409474 0.174484 0.013684 0.030019
0 0.321053 0.198874 0.017895 0.031895
0 0.592632 0.155722 0.012632 0.028143
0 0.886316 0.204503 0.013684 0.022514
0 0.724211 0.146341 0.011579 0.024390
0 0.935789 0.170732 0.012632 0.022514
0 0.470526 0.159475 0.011579 0.024390
0 0.568421 0.144465 0.011579 0.018762
0 0.678947 0.129456 0.008421 0.028143
0 0.813684 0.191370 0.012632 0.039400
0 0.449474 0.151970 0.011579 0.024390
0 0.853684 0.198874 0.012632 0.037523
0 0.750526 0.138837 0.010526 0.016886
0 0.367368 0.198874 0.013684 0.026266
0 0.663158 0.215760 0.015789 0.037523
0 0.507368 0.131332 0.010526 0.024390
0 0.786316 0.165103 0.010526 0.026266
0 0.690526 0.180113 0.012632 0.033771
0 0.471579 0.133208 0.009474 0.018762
0 0.451579 0.227017 0.015789 0.031895
0 0.669474 0.112570 0.011579 0.028143
0 0.732632 0.176360 0.016842 0.033771
0 0.504211 0.185741 0.012632 0.030019
0 0.816842 0.136961 0.012632 0.030019
0 0.706316 0.195122 0.014737 0.033771
