0 0.701433 0.288256 0.016720 0.040925
0 0.293790 0.217082 0.016720 0.037367
0 0.398885 0.110320 0.012739 0.028470
0 0.191083 0.151246 0.010350 0.032028
0 0.642516 0.165480 0.011146 0.030249
0 0.327229 0.245552 0.011943 0.033808
0 0.243631 0.142349 0.010350 0.032028
0 0.615446 0.236655 0.014331 0.035587
0 0.571656 0.217082 0.011943 0.037367
0 0.455414 0.137011 0.015127 0.021352
0 0.555732 0.329181 0.019904 0.046263
0 0.718949 0.236655 0.010350 0.030249
0 0.378981 0.192171 0.012739 0.035587
0 0.235669 0.366548 0.019904 0.055160
0 0.158439 0.165480 0.012739 0.039146
0 0.546975 0.185053 0.011146 0.037367
0 0.208599 0.455516 0.019904 0.055160
0 0.125000 0.238434 0.015924 0.039146
0 0.464172 0.135231 0.008758 0.030249
0 0.047771 0.234875 0.011943 0.035587
0 0.590764 0.149466 0.011146 0.026690
0 0.687102 0.231317 0.015127 0.033808
0 0.675955 0.348754 0.020701 0.055160
0 0.185510 0.215302 0.011943 0.035587
0 0.505573 0.124555 0.011146 0.021352
0 0.244427 0.304270 0.016720 0.049822
0 0.045382 0.252669 0.013535 0.030249
0 0.807325 0.252669 0.015127 0.033808
0 0.473726 0.234875 0.019108 0.042705
0 0.477707 0.304270 0.019904 0.046263
0 0.079618 0.446619 0.019904 0.055160
0 0.224522 0.160142 0.010350 0.028470
0 0.172771 0.284698 0.015127 0.039146
0 0.571656 0.160142 0.010350 0.032028
0 0.614650 0.131673 0.012739 0.023132
0 0.419586 0.106762 0.011146 0.026690
0 0.574841 0.110320 0.008758 0.026690
0 0.356688 0.104982 0.010350 0.030249
0 0.710191 0.195730 0.011943 0.030249
0 0.535828 0.092527 0.009554 0.026690
0 0.296975 0.174377 0.014331 0.042705
0 0.418790 0.197509 0.015924 0.028470
0 0.558121 0.505338 0.025478 0.060498
0 0.779459 0.389680 0.017516 0.049822
0 0.917197 0.380783 0.018312 0.044484
0 0.308917 0.247331 0.016720 0.040925
0 0.498408 0.195730 0.011943 0.037367
