0 0.308951 0.265442 0.018287 0.038397
0 0.836381 0.131886 0.010587 0.026711
0 0.364774 0.258765 0.020212 0.041736
0 0.797883 0.150250 0.013474 0.033389
0 0.741097 0.171953 0.015399 0.033389
0 0.402310 0.262104 0.019249 0.041736
0 0.639076 0.146912 0.011550 0.030050
0 0.477382 0.146912 0.012512 0.025042
0 0.728585 0.150250 0.014437 0.031720
0 0.789220 0.131886 0.012512 0.030050
0 0.398460 0.191987 0.013474 0.033389
0 0.585178 0.168614 0.016362 0.035058
0 0.870067 0.178631 0.017324 0.035058
0 0.529355 0.191987 0.016362 0.040067
0 0.916266 0.161937 0.011550 0.031720
0 0.665063 0.133556 0.013474 0.035058
0 0.715111 0.153589 0.013474 0.031720
0 0.607315 0.126878 0.012512 0.026711
0 0.665063 0.215359 0.023099 0.043406
0 0.642926 0.317195 0.031761 0.060100
0 0.288739 0.238731 0.015399 0.030050
0 0.642926 0.242070 0.024062 0.051753
0 0.403272 0.190317 0.013474 0.026711
0 0.935515 0.217028 0.017324 0.041736
0 0.709336 0.258765 0.021174 0.046745
0 0.577478 0.153589 0.017324 0.025042
0 0.907603 0.165275 0.012512 0.038397
0 0.891242 0.238731 0.025024 0.053422
0 0.339750 0.218698 0.016362 0.028381
0 0.819057 0.173623 0.018287 0.035058
0 0.667950 0.186978 0.018287 0.040067
0 0.363811 0.213689 0.015399 0.033389
0 0.767084 0.188648 0.017324 0.045075
0 0.545717 0.202003 0.019249 0.040067
0 0.750722 0.121870 0.013474 0.028381
0 0.785371 0.165275 0.013474 0.030050
0 0.507218 0.165275 0.015399 0.028381
0 0.642926 0.125209 0.010587 0.026711
0 0.704524 0.125209 0.013474 0.026711
0 0.785371 0.233723 0.022137 0.053422
0 0.467757 0.228715 0.019249 0.040067
0 0.484119 0.166945 0.013474 0.033389
0 0.294514 0.267112 0.016362 0.028381
0 0.962464 0.285476 0.025024 0.055092
0 0.627526 0.135225 0.013474 0.026711
0 0.788258 0.303840 0.025024 0.060100
0 0.667950 0.123539 0.012512 0.030050
0 0.369586 0.228715 0.016362 0.033389
0 0.495669 0.198664 0.014437 0.040067
0 0.584216 0.123539 0.013474 0.028381
0 0.416747 0.272120 0.026949 0.051753
0 0.499519 0.136895 0.011550 0.026711
0 0.601540 0.288815 0.025987 0.055092
0 0.518768 0.303840 0.025987 0.050083
0 0.866218 0.141903 0.015399 0.033389
0 0.066410 0.402337 0.029836 0.060100
0 0.727623 0.188648 0.016362 0.038397
0 0.688162 0.267112 0.021174 0.053422
0 0.534167 0.171953 0.016362 0.025042
0 0.429259 0.188648 0.013474 0.026711
0 0.773821 0.138564 0.012512 0.031720
0 0.409047 0.217028 0.014437 0.035058
0 0.340712 0.262104 0.018287 0.038397
0 0.600577 0.222037 0.022137 0.050083
0 0.952839 0.247078 0.018287 0.045075
0 0.795958 0.208681 0.019249 0.046745
0 0.885467 0.160267 0.014437 0.031720
0 0.741097 0.297162 0.025024 0.055092
0 0.486044 0.235392 0.021174 0.043406
