0 0.910540 0.180967 0.019486 0.031201
0 0.519929 0.138846 0.018601 0.021841
0 0.822852 0.160686 0.015058 0.026521
0 0.711249 0.154446 0.019486 0.028081
0 0.612932 0.109204 0.015943 0.028081
0 0.878654 0.159126 0.015058 0.034321
0 0.375554 0.188768 0.021258 0.029641
0 0.520815 0.174727 0.018601 0.039002
0 0.318866 0.207488 0.023029 0.037441
0 0.577502 0.134165 0.018601 0.031201
0 0.655447 0.198128 0.023029 0.040562
0 0.596103 0.143526 0.023029 0.028081
0 0.537644 0.188768 0.019486 0.029641
0 0.565988 0.156006 0.026572 0.024961
0 0.414526 0.182527 0.023029 0.037441
0 0.623561 0.176287 0.024801 0.024961
0 0.705049 0.126365 0.010629 0.020281
0 0.879539 0.232449 0.015943 0.051482
0 0.869796 0.277691 0.018601 0.034321
0 0.857396 0.210608 0.016829 0.034321
0 0.811337 0.327613 0.038973 0.088924
0 0.480957 0.160686 0.018601 0.029641
0 0.447298 0.248050 0.023915 0.032761
0 0.444641 0.210608 0.021258 0.037441
0 0.576616 0.190328 0.022143 0.028081
0 0.759079 0.132605 0.014172 0.024961
0 0.457927 0.152886 0.012400 0.024961
0 0.747564 0.143526 0.018601 0.028081
0 0.934455 0.176287 0.016829 0.028081
0 0.652790 0.237129 0.030115 0.054602
0 0.663419 0.127925 0.015943 0.024961
0 0.788308 0.204368 0.015058 0.037441
0 0.553587 0.282371 0.025686 0.040562
0 0.765279 0.188768 0.023029 0.037441
0 0.495128 0.134165 0.013286 0.023401
0 0.795394 0.135725 0.015943 0.024961
0 0.826395 0.184087 0.015058 0.032761
0 0.624446 0.156006 0.024801 0.021841
0 0.806023 0.160686 0.020372 0.028081
0 0.651019 0.141966 0.017715 0.034321
0 0.354296 0.202808 0.021258 0.035881
0 0.776794 0.141966 0.016829 0.029641
0 0.626218 0.213729 0.024801 0.045242
0 0.467671 0.215289 0.023029 0.031201
0 0.687334 0.180967 0.024801 0.042122
0 0.714792 0.187207 0.019486 0.039002
0 0.497786 0.204368 0.022143 0.034321
0 0.933570 0.227769 0.016829 0.042122
0 0.914969 0.251170 0.021258 0.043682
0 0.533215 0.224649 0.023029 0.039002
0 0.853853 0.151326 0.015058 0.035881
0 0.558902 0.120125 0.015943 0.024961
0 0.721878 0.223089 0.022143 0.042122
