0 0.925275 0.316667 0.052747 0.110000
0 0.742857 0.296667 0.061538 0.096667
0 0.470330 0.213333 0.035165 0.053333
0 0.720879 0.220000 0.048352 0.066667
0 0.274725 0.386667 0.085714 0.103333
0 0.351648 0.173333 0.039560 0.063333
0 0.769231 0.143333 0.030769 0.050000
0 0.248352 0.126667 0.028571 0.040000
0 0.079121 0.226667 0.048352 0.073333
0 0.600000 0.480000 0.081319 0.163333
0 0.228571 0.723333 0.120879 0.210000
0 0.606593 0.203333 0.032967 0.056667
0 0.826374 0.406667 0.079121 0.116667
0 0.248352 0.196667 0.035165 0.060000
0 0.553846 0.310000 0.054945 0.086667
0 0.202198 0.146667 0.028571 0.043333
0 0.773626 0.773333 0.142857 0.226667
0 0.679121 0.183333 0.030769 0.043333
0 0.712088 0.176667 0.035165 0.063333
0 0.037363 0.183333 0.035165 0.060000
0 0.472527 0.276667 0.054945 0.076667
0 0.116484 0.266667 0.054945 0.076667
0 0.316484 0.253333 0.048352 0.086667
