0 0.395000 0.566604 0.018750 0.018762
0 0.832500 0.590994 0.023750 0.041276
0 0.158750 0.621013 0.035000 0.054409
0 0.058750 0.570356 0.023750 0.033771
0 0.848750 0.641651 0.041250 0.061914
0 0.968750 0.562852 0.016250 0.028143
0 0.542500 0.542214 0.016250 0.028143
0 0.861250 0.568480 0.028750 0.037523
0 0.577500 0.639775 0.035000 0.058161
0 0.727500 0.562852 0.017500 0.030019
0 0.505000 0.570356 0.023750 0.031895
0 0.745000 0.602251 0.025000 0.041276
0 0.785000 0.611632 0.027500 0.045028
0 0.951250 0.577861 0.020000 0.031895
0 0.141250 0.589118 0.021250 0.037523
0 0.513750 0.827392 0.071250 0.101313
0 0.547500 0.634146 0.030000 0.045028
0 0.112500 0.652908 0.043750 0.065666
0 0.142500 0.750469 0.061250 0.084428
0 0.942500 0.604128 0.022500 0.031895
0 0.341250 0.628518 0.032500 0.052533
0 0.750000 0.579737 0.022500 0.033771
0 0.685000 0.575985 0.018750 0.031895
0 0.970000 0.632270 0.037500 0.046904
0 0.033750 0.602251 0.028750 0.046904
0 0.628750 0.534709 0.022500 0.043152
0 0.547500 0.568480 0.020000 0.030019
0 0.976250 0.748593 0.046250 0.076923
0 0.275000 0.763602 0.050000 0.084428
0 0.082500 0.564728 0.021250 0.031895
0 0.117500 0.534709 0.020000 0.037523
0 0.477500 0.559099 0.018750 0.026266
0 0.252500 0.559099 0.018750 0.028143
0 0.532500 0.596623 0.025000 0.045028
0 0.986250 0.583490 0.018750 0.030019
0 0.945000 0.547842 0.017500 0.024390
0 0.651250 0.656660 0.033750 0.056285
0 0.685000 0.604128 0.022500 0.039400
0 0.651250 0.590994 0.021250 0.035647
0 0.287500 0.540338 0.020000 0.026266
0 0.791250 0.525328 0.020000 0.028143
0 0.190000 0.604128 0.027500 0.052533
0 0.242500 0.575985 0.020000 0.041276
0 0.356250 0.936210 0.090000 0.127580
0 0.903750 0.572233 0.026250 0.037523
0 0.437500 0.542214 0.016250 0.026266
0 0.150000 0.866792 0.095000 0.140713
0 0.852500 0.502814 0.017500 0.028143
0 0.381250 0.583490 0.016250 0.030019
0 0.367500 0.611632 0.028750 0.041276
