0 0.516000 0.616000 0.040000 0.074667
0 0.482000 0.602667 0.034000 0.053333
0 0.034000 0.605333 0.056000 0.074667
0 0.816000 0.589333 0.044000 0.056000
0 0.314000 0.576000 0.030000 0.042667
0 0.720000 0.584000 0.038000 0.058667
0 0.944000 0.640000 0.096000 0.141333
0 0.386000 0.576000 0.034000 0.053333
0 0.548000 0.592000 0.032000 0.061333
0 0.216000 0.573333 0.036000 0.050667
0 0.224000 0.634667 0.060000 0.085333
0 0.668000 0.482667 0.030000 0.066667
0 0.122000 0.613333 0.058000 0.085333
0 0.674000 0.685333 0.090000 0.138667
0 0.770000 0.626667 0.048000 0.069333
0 0.084000 0.570667 0.050000 0.074667
0 0.250000 0.589333 0.046000 0.066667
0 0.674000 0.584000 0.054000 0.085333
0 0.360000 0.573333 0.038000 0.069333
0 0.840000 0.714667 0.130000 0.208000
0 0.288000 0.589333 0.036000 0.050667
0 0.434000 0.589333 0.050000 0.069333
0 0.376000 0.621333 0.046000 0.066667
0 0.614000 0.618667 0.054000 0.093333
0 0.488000 0.714667 0.116000 0.216000
0 0.786000 0.581333 0.040000 0.064000
0 0.300000 0.709333 0.120000 0.170667
0 0.318000 0.557333 0.028000 0.040000
0 0.154000 0.592000 0.040000 0.064000
