0 0.640511 0.497238 0.031022 0.046961
0 0.481752 0.444751 0.029197 0.049724
0 0.908759 0.486188 0.032847 0.060773
0 0.297445 0.428177 0.031022 0.055249
0 0.321168 0.486188 0.029197 0.046961
0 0.279197 0.494475 0.031022 0.052486
0 0.080292 0.475138 0.032847 0.046961
0 0.458029 0.450276 0.031022 0.055249
0 0.587591 0.450276 0.023723 0.052486
0 0.151460 0.472376 0.029197 0.058011
0 0.638686 0.458564 0.021898 0.044199
0 0.567518 0.497238 0.027372 0.052486
0 0.494526 0.480663 0.029197 0.060773
0 0.684307 0.464088 0.029197 0.044199
0 0.209854 0.433702 0.031022 0.055249
0 0.708029 0.494475 0.020073 0.041436
0 0.171533 0.444751 0.027372 0.052486
0 0.527372 0.453039 0.027372 0.049724
0 0.835766 0.477901 0.029197 0.060773
0 0.600365 0.505525 0.027372 0.052486
0 0.208029 0.480663 0.031022 0.060773
0 0.613139 0.458564 0.025547 0.049724
0 0.534672 0.488950 0.031022 0.052486
0 0.678832 0.513812 0.029197 0.052486
0 0.720803 0.475138 0.023723 0.041436
0 0.558394 0.444751 0.023723 0.049724
0 0.782847 0.491713 0.027372 0.049724
0 0.434307 0.461326 0.025547 0.052486
0 0.246350 0.469613 0.031022 0.049724
0 0.399635 0.494475 0.025547 0.052486
0 0.366788 0.488950 0.031022 0.058011
0 0.740876 0.483425 0.027372 0.046961
0 0.388686 0.447514 0.027372 0.060773
0 0.764599 0.464088 0.021898 0.044199
0 0.343066 0.450276 0.027372 0.049724
0 0.443431 0.500000 0.025547 0.049724
0 0.253650 0.428177 0.023723 0.046961
