0 0.235294 0.526502 0.115294 0.173145
0 0.051765 0.462898 0.087059 0.141343
0 0.597647 0.388693 0.056471 0.106007
0 0.710588 0.575972 0.098824 0.151943
0 0.362353 0.636042 0.115294 0.169611
0 0.915294 0.498233 0.082353 0.144876
0 0.807059 0.434629 0.070588 0.102473
0 0.470588 0.388693 0.054118 0.074205
0 0.202353 0.250883 0.032941 0.053004
0 0.237647 0.257951 0.051765 0.102473
0 0.108235 0.265018 0.058824 0.106007
0 0.338824 0.399293 0.072941 0.127208
0 0.160000 0.325088 0.047059 0.077739
0 0.491765 0.448763 0.070588 0.116608
