0 0.281544 0.202020 0.012241 0.028620
0 0.466102 0.191919 0.015066 0.038721
0 0.458569 0.230640 0.016949 0.040404
0 0.710923 0.188552 0.016949 0.042088
0 0.447269 0.185185 0.014124 0.035354
0 0.488701 0.306397 0.025424 0.047138
0 0.488701 0.198653 0.017891 0.038721
0 0.408663 0.274411 0.020716 0.047138
0 0.362524 0.237374 0.015066 0.031987
0 0.369115 0.193603 0.014124 0.031987
0 0.484934 0.228956 0.018832 0.042088
0 0.366290 0.277778 0.014124 0.035354
0 0.409605 0.188552 0.011299 0.028620
0 0.750471 0.245791 0.022599 0.043771
0 0.576271 0.136364 0.010358 0.028620
