0 0.530016 0.250000 0.015798 0.039773
0 0.458926 0.308239 0.018957 0.044034
0 0.831754 0.326705 0.021327 0.048295
0 0.555292 0.224432 0.012638 0.029830
0 0.624803 0.254261 0.018167 0.039773
0 0.405213 0.339489 0.021327 0.042614
0 0.547393 0.225852 0.012638 0.041193
0 0.601896 0.375000 0.026066 0.046875
0 0.349131 0.301136 0.018167 0.031250
0 0.639021 0.224432 0.015008 0.036932
0 0.898104 0.373580 0.023697 0.051136
0 0.790679 0.303977 0.016588 0.044034
0 0.281201 0.370739 0.021327 0.046875
0 0.375197 0.336648 0.018167 0.045455
0 0.825434 0.275568 0.018167 0.036932
0 0.652449 0.451705 0.030016 0.066761
0 0.413902 0.262784 0.018167 0.022727
0 0.593997 0.215909 0.016588 0.039773
0 0.516588 0.372159 0.028436 0.051136
0 0.779621 0.545455 0.033175 0.072443
0 0.422591 0.284091 0.018167 0.036932
0 0.590047 0.430398 0.030806 0.066761
0 0.865719 0.286932 0.015008 0.035511
0 0.879937 0.401989 0.017378 0.042614
0 0.347551 0.340909 0.014218 0.039773
0 0.719589 0.254261 0.015798 0.031250
0 0.812006 0.259943 0.016588 0.032670
0 0.397314 0.302557 0.015798 0.038352
0 0.485782 0.397727 0.029226 0.059659
0 0.784360 0.247159 0.012638 0.032670
0 0.878357 0.470170 0.024487 0.061080
0 0.845972 0.261364 0.012638 0.034091
0 0.495261 0.264205 0.018167 0.031250
0 0.664297 0.230114 0.012638 0.032670
0 0.644550 0.379261 0.030806 0.048295
0 0.587678 0.250000 0.018167 0.026989
0 0.902844 0.294034 0.017378 0.035511
0 0.495261 0.333807 0.022907 0.051136
0 0.729858 0.232955 0.019747 0.028409
0 0.454186 0.235795 0.015008 0.025568
0 0.430490 0.305398 0.022907 0.038352
0 0.785940 0.360795 0.017378 0.042614
0 0.255134 0.355114 0.022117 0.042614
0 0.742496 0.285511 0.015008 0.034091
0 0.560032 0.284091 0.018167 0.041193
0 0.378357 0.288352 0.015008 0.036932
0 0.847551 0.308239 0.023697 0.035511
0 0.323855 0.373580 0.020537 0.046875
0 0.437599 0.348011 0.022907 0.046875
0 0.713270 0.401989 0.028436 0.051136
0 0.504739 0.245739 0.014218 0.031250
0 0.526066 0.413352 0.027646 0.053977
0 0.813586 0.322443 0.015008 0.041193
0 0.652449 0.230114 0.011848 0.032670
0 0.692733 0.477273 0.034755 0.079545
0 0.822275 0.455966 0.030016 0.056818
0 0.832543 0.376420 0.020537 0.044034
0 0.680095 0.258523 0.023697 0.039773
0 0.654818 0.278409 0.020537 0.035511
0 0.577409 0.329545 0.018957 0.042614
0 0.164297 0.478693 0.041864 0.099432
0 0.914692 0.284091 0.015008 0.028409
0 0.228278 0.342330 0.016588 0.044034
0 0.669036 0.349432 0.025276 0.045455
0 0.281201 0.311080 0.015798 0.038352
0 0.848341 0.348011 0.020537 0.048295
0 0.703791 0.292614 0.020537 0.041193
0 0.614534 0.299716 0.019747 0.042614
0 0.754344 0.245739 0.016588 0.029830
0 0.610585 0.217330 0.011058 0.035511
0 0.442338 0.259943 0.017378 0.029830
