0 0.830244 0.296422 0.025366 0.064736
0 0.915122 0.296422 0.022439 0.057922
0 0.534634 0.120954 0.011707 0.028961
0 0.170732 0.482112 0.036098 0.076661
0 0.093659 0.315162 0.017561 0.037479
0 0.900488 0.144804 0.009756 0.023850
0 0.455610 0.218058 0.016585 0.035775
0 0.389268 0.262351 0.015610 0.037479
0 0.564878 0.124361 0.010732 0.028961
0 0.358049 0.194208 0.012683 0.028961
0 0.841951 0.112436 0.010732 0.027257
0 0.607805 0.144804 0.012683 0.034072
0 0.794146 0.267462 0.018537 0.054514
0 0.621463 0.248722 0.020488 0.047700
0 0.678049 0.301533 0.027317 0.066440
0 0.563902 0.175468 0.012683 0.034072
0 0.737561 0.321976 0.029268 0.073254
0 0.929756 0.149915 0.008780 0.022147
0 0.414634 0.158433 0.011707 0.025554
0 0.654634 0.212947 0.017561 0.042589
0 0.867317 0.122658 0.008780 0.022147
0 0.510244 0.124361 0.009756 0.023850
0 0.383415 0.218058 0.014634 0.034072
0 0.477073 0.327087 0.025366 0.047700
0 0.583415 0.119250 0.009756 0.025554
