0 0.293413 0.050898 0.039920 0.062874
0 0.676647 0.311377 0.069860 0.137725
0 0.962076 0.344311 0.075848 0.158683
0 0.862275 0.514970 0.119760 0.182635
0 0.495010 0.038922 0.031936 0.050898
0 0.185629 0.158683 0.075848 0.125749
0 0.395210 0.047904 0.043912 0.068862
0 0.702595 0.029940 0.039920 0.053892
0 0.131737 0.176647 0.053892 0.101796
0 0.277445 0.505988 0.077844 0.137725
0 0.866267 0.065868 0.049900 0.089820
0 0.461078 0.158683 0.051896 0.083832
0 0.439122 0.080838 0.041916 0.062874
0 0.614770 0.062874 0.043912 0.071856
0 0.982036 0.119760 0.035928 0.074850
0 0.802395 0.134731 0.061876 0.101796
0 0.862275 0.392216 0.087824 0.110778
0 0.485030 0.440120 0.077844 0.107784
0 0.850299 0.308383 0.083832 0.128743
0 0.197605 0.041916 0.033932 0.062874
0 0.039920 0.164671 0.047904 0.077844
0 0.666667 0.419162 0.089820 0.143713
0 0.512974 0.508982 0.093812 0.134731
0 0.059880 0.083832 0.037924 0.071856
0 0.273453 0.194611 0.047904 0.086826
0 0.766467 0.026946 0.043912 0.050898
0 0.760479 0.185629 0.053892 0.098802
0 0.504990 0.080838 0.033932 0.068862
0 0.289421 0.104790 0.041916 0.074850
0 0.550898 0.227545 0.053892 0.107784
0 0.391218 0.101796 0.051896 0.092814
0 0.107784 0.242515 0.073852 0.128743
