0 0.603744 0.493075 0.082683 0.193906
0 0.297972 0.229917 0.021841 0.041551
0 0.067083 0.354571 0.056162 0.102493
0 0.040562 0.293629 0.040562 0.094183
0 0.018721 0.373961 0.035881 0.088643
0 0.770671 0.310249 0.032761 0.069252
0 0.358814 0.238227 0.023401 0.055402
0 0.859594 0.265928 0.031201 0.058172
0 0.062402 0.673130 0.120125 0.263158
0 0.241810 0.221607 0.023401 0.044321
0 0.382215 0.554017 0.087363 0.213296
0 0.461778 0.232687 0.020281 0.049861
0 0.419657 0.321330 0.040562 0.077562
0 0.282371 0.368421 0.056162 0.121884
0 0.124805 0.240997 0.026521 0.052632
0 0.762871 0.265928 0.023401 0.052632
0 0.375975 0.263158 0.024961 0.060942
0 0.597504 0.337950 0.046802 0.091413
0 0.719189 0.249307 0.029641 0.058172
0 0.148206 0.454294 0.081123 0.155125
0 0.583463 0.252078 0.023401 0.066482
0 0.213729 0.337950 0.053042 0.088643
0 0.536661 0.240997 0.020281 0.047091
0 0.191888 0.260388 0.024961 0.052632
0 0.199688 0.218837 0.021841 0.041551
0 0.619345 0.271468 0.031201 0.069252
0 0.494540 0.229917 0.021841 0.052632
0 0.478939 0.243767 0.023401 0.044321
0 0.903276 0.407202 0.042122 0.094183
0 0.536661 0.318560 0.029641 0.072022
0 0.301092 0.166205 0.018721 0.038781
0 0.842434 0.274238 0.028081 0.063712
0 0.737910 0.282548 0.029641 0.063712
0 0.351014 0.180055 0.017161 0.041551
0 0.090484 0.249307 0.023401 0.055402
0 0.954758 0.349030 0.043682 0.080332
0 0.243370 0.290859 0.032761 0.066482
0 0.733229 0.357341 0.037441 0.096953
0 0.304212 0.257618 0.026521 0.052632
0 0.053042 0.243767 0.024961 0.049861
0 0.335413 0.274238 0.037441 0.085873
0 0.393136 0.218837 0.020281 0.036011
0 0.661466 0.260388 0.026521 0.066482
0 0.407176 0.277008 0.032761 0.069252
0 0.936037 0.263158 0.023401 0.069252
0 0.508580 0.240997 0.018721 0.044321
0 0.814353 0.260388 0.026521 0.058172
0 0.561622 0.254848 0.021841 0.044321
0 0.170047 0.271468 0.029641 0.049861
0 0.842434 0.409972 0.059282 0.124654
0 0.875195 0.313019 0.034321 0.066482
0 0.113885 0.218837 0.018721 0.038781
0 0.521061 0.277008 0.028081 0.052632
0 0.686427 0.346260 0.037441 0.096953
