0 0.415236 0.204981 0.018240 0.038314
0 0.844421 0.214559 0.016094 0.045977
0 0.490343 0.145594 0.011803 0.030651
0 0.704936 0.157088 0.015021 0.038314
0 0.642704 0.147510 0.016094 0.034483
0 0.523605 0.166667 0.012876 0.030651
0 0.688841 0.243295 0.020386 0.049808
0 0.555794 0.170498 0.017167 0.036398
0 0.927039 0.212644 0.016094 0.038314
0 0.672747 0.327586 0.030043 0.068966
0 0.765021 0.237548 0.020386 0.051724
0 0.571888 0.226054 0.019313 0.051724
0 0.655579 0.099617 0.011803 0.021073
0 0.483906 0.137931 0.012876 0.032567
0 0.657725 0.124521 0.010730 0.028736
0 0.753219 0.373563 0.032189 0.065134
0 0.392704 0.151341 0.015021 0.024904
0 0.613734 0.101533 0.008584 0.022989
0 0.914163 0.151341 0.015021 0.026820
0 0.471030 0.193487 0.017167 0.044061
0 0.404506 0.233716 0.015021 0.036398
0 0.841202 0.139847 0.012876 0.032567
0 0.880901 0.160920 0.011803 0.034483
0 0.605150 0.097701 0.009657 0.022989
0 0.834764 0.166667 0.013948 0.026820
0 0.421674 0.149425 0.010730 0.026820
0 0.327253 0.208812 0.013948 0.034483
0 0.562232 0.151341 0.011803 0.034483
0 0.760730 0.120690 0.011803 0.032567
0 0.420601 0.241379 0.019313 0.053640
0 0.898069 0.224138 0.017167 0.042146
0 0.398069 0.168582 0.016094 0.030651
0 0.345494 0.208812 0.016094 0.034483
0 0.869099 0.159004 0.016094 0.034483
0 0.666309 0.168582 0.012876 0.030651
0 0.923820 0.339080 0.022532 0.057471
0 0.822961 0.249042 0.022532 0.055556
0 0.932403 0.249042 0.019313 0.047893
0 0.289700 0.201149 0.016094 0.034483
0 0.461373 0.172414 0.012876 0.032567
0 0.910944 0.180077 0.011803 0.032567
0 0.312232 0.210728 0.015021 0.038314
0 0.501073 0.172414 0.012876 0.028736
0 0.604077 0.143678 0.013948 0.036398
0 0.800429 0.195402 0.013948 0.040230
0 0.739270 0.224138 0.018240 0.042146
0 0.792918 0.132184 0.010730 0.026820
0 0.374464 0.197318 0.013948 0.032567
0 0.343348 0.166667 0.011803 0.034483
0 0.783262 0.124521 0.007511 0.034483
0 0.711373 0.099617 0.010730 0.030651
0 0.800429 0.157088 0.016094 0.026820
0 0.626609 0.199234 0.019313 0.038314
0 0.951717 0.180077 0.009657 0.024904
0 0.506438 0.134100 0.012876 0.030651
0 0.746781 0.164751 0.013948 0.034483
0 0.417382 0.176245 0.013948 0.030651
0 0.342275 0.181992 0.013948 0.034483
0 0.180258 0.450192 0.056867 0.118774
0 0.757511 0.181992 0.013948 0.040230
0 0.940987 0.193487 0.011803 0.034483
0 0.797210 0.277778 0.022532 0.055556
0 0.539700 0.132184 0.012876 0.028736
0 0.638412 0.233716 0.019313 0.047893
0 0.858369 0.210728 0.018240 0.038314
0 0.466738 0.122605 0.011803 0.028736
0 0.806867 0.122605 0.013948 0.028736
0 0.355150 0.235632 0.018240 0.038314
0 0.718884 0.172414 0.017167 0.032567
0 0.668455 0.206897 0.013948 0.042146
0 0.594421 0.145594 0.011803 0.030651
0 0.621245 0.120690 0.011803 0.028736
0 0.438841 0.149425 0.010730 0.034483
0 0.626609 0.103448 0.012876 0.026820
0 0.818670 0.195402 0.013948 0.038314
