0 0.428034 0.217532 0.017874 0.030844
0 0.463782 0.157468 0.012230 0.022727
0 0.679210 0.212662 0.026341 0.047078
0 0.618062 0.110390 0.012230 0.024351
0 0.727187 0.285714 0.026341 0.056818
0 0.539981 0.147727 0.013170 0.022727
0 0.750706 0.123377 0.017874 0.037338
0 0.454374 0.217532 0.015992 0.029221
0 0.476952 0.219156 0.014111 0.027597
0 0.506115 0.170455 0.013170 0.029221
0 0.437441 0.176948 0.014111 0.029221
0 0.862653 0.191558 0.015052 0.038961
0 0.389464 0.207792 0.015992 0.032468
0 0.813735 0.194805 0.016933 0.029221
0 0.789276 0.316558 0.026341 0.050325
0 0.696143 0.162338 0.017874 0.038961
0 0.326435 0.266234 0.020696 0.040584
0 0.304798 0.248377 0.020696 0.038961
0 0.435560 0.284091 0.021637 0.047078
0 0.627469 0.211039 0.023518 0.045455
0 0.696143 0.061688 0.013170 0.024351
0 0.757291 0.185065 0.017874 0.030844
0 0.762935 0.123377 0.012230 0.025974
0 0.567262 0.159091 0.013170 0.025974
0 0.555974 0.321429 0.025400 0.053571
0 0.899341 0.194805 0.018815 0.040584
0 0.727187 0.142857 0.016933 0.037338
0 0.656632 0.063312 0.011289 0.017857
0 0.546566 0.133117 0.012230 0.029221
0 0.202258 0.487013 0.038570 0.087662
0 0.492944 0.327922 0.028222 0.048701
0 0.581373 0.254870 0.020696 0.040584
0 0.615240 0.139610 0.012230 0.024351
0 0.626529 0.311688 0.025400 0.068182
0 0.883349 0.230519 0.017874 0.043831
0 0.568203 0.123377 0.013170 0.029221
0 0.667921 0.264610 0.022578 0.045455
0 0.628410 0.118506 0.015052 0.025974
0 0.709313 0.207792 0.019755 0.042208
0 0.455315 0.186688 0.014111 0.027597
0 0.494826 0.139610 0.014111 0.024351
0 0.700847 0.110390 0.014111 0.030844
0 0.764817 0.155844 0.018815 0.030844
0 0.482596 0.194805 0.015992 0.027597
0 0.937912 0.204545 0.018815 0.040584
0 0.344309 0.279221 0.017874 0.037338
0 0.822201 0.134740 0.014111 0.030844
0 0.839135 0.155844 0.014111 0.030844
0 0.588899 0.163961 0.014111 0.030844
