0 0.792079 0.233983 0.012376 0.027855
0 0.418317 0.330084 0.017327 0.027855
0 0.584158 0.274373 0.016502 0.029248
0 0.944719 0.311978 0.014851 0.026462
0 0.572607 0.247911 0.012376 0.023677
0 0.534653 0.250696 0.012376 0.025070
0 0.514851 0.378830 0.026403 0.047354
0 0.271452 0.345404 0.018977 0.038997
0 0.191419 0.454039 0.037954 0.076602
0 0.820957 0.360724 0.018977 0.037604
0 0.675743 0.210306 0.009901 0.022284
0 0.800330 0.403900 0.019802 0.044568
0 0.396040 0.331476 0.013201 0.025070
0 0.369637 0.291086 0.014851 0.034819
0 0.679868 0.367688 0.023927 0.038997
0 0.482673 0.299443 0.011551 0.026462
0 0.456271 0.332869 0.015677 0.032033
0 0.885314 0.254875 0.011551 0.029248
0 0.733498 0.284123 0.013201 0.033426
0 0.419967 0.271588 0.014851 0.025070
0 0.584983 0.240947 0.010726 0.023677
0 0.948845 0.281337 0.012376 0.023677
0 0.302805 0.357939 0.020627 0.037604
0 0.419967 0.300836 0.014851 0.030641
0 0.867987 0.263231 0.011551 0.026462
0 0.405116 0.256267 0.012376 0.023677
0 0.877888 0.339833 0.014851 0.040390
0 0.447195 0.303621 0.013201 0.029248
0 0.610561 0.324513 0.019802 0.037604
0 0.551980 0.369081 0.023102 0.030641
0 0.856436 0.433148 0.022277 0.047354
0 0.575083 0.215877 0.010726 0.019499
0 0.777228 0.281337 0.013201 0.029248
0 0.928218 0.394150 0.018977 0.037604
0 0.617162 0.224234 0.013201 0.025070
0 0.923267 0.463788 0.029703 0.061281
0 0.480198 0.266017 0.014026 0.025070
0 0.623762 0.203343 0.010726 0.025070
0 0.450495 0.268802 0.015677 0.026462
0 0.472772 0.243733 0.007426 0.019499
0 0.797030 0.274373 0.012376 0.023677
0 0.948020 0.299443 0.013201 0.025070
0 0.545380 0.256267 0.014851 0.026462
0 0.295380 0.303621 0.015677 0.030641
0 0.528053 0.277159 0.014851 0.027855
0 0.757426 0.271588 0.010726 0.019499
0 0.775578 0.252089 0.010726 0.018106
0 0.239274 0.335655 0.014026 0.032033
0 0.680693 0.272981 0.014026 0.027855
0 0.686469 0.228412 0.010726 0.027855
0 0.823432 0.305014 0.015677 0.029248
0 0.908416 0.288301 0.014026 0.030641
0 0.876238 0.286908 0.014026 0.029248
0 0.869637 0.406685 0.021452 0.048747
0 0.556931 0.401114 0.025578 0.041783
0 0.481023 0.233983 0.013201 0.020891
0 0.823432 0.242340 0.013201 0.026462
0 0.638614 0.220056 0.010726 0.023677
0 0.647690 0.246518 0.013201 0.025070
0 0.717822 0.511142 0.034653 0.073816
0 0.863861 0.311978 0.014026 0.029248
0 0.701320 0.352368 0.021452 0.038997
0 0.853135 0.259053 0.011551 0.029248
0 0.645215 0.300836 0.016502 0.034819
0 0.715347 0.260446 0.010726 0.027855
0 0.702970 0.227019 0.014851 0.025070
0 0.507426 0.264624 0.013201 0.029248
0 0.624587 0.419220 0.030528 0.055710
0 0.755776 0.221448 0.014851 0.026462
0 0.660066 0.341226 0.018152 0.038997
0 0.751650 0.402507 0.024752 0.043175
0 0.940594 0.350975 0.013201 0.036212
0 0.825908 0.277159 0.013201 0.020891
0 0.349835 0.357939 0.019802 0.037604
0 0.372937 0.324513 0.014851 0.030641
0 0.615512 0.254875 0.012376 0.019499
0 0.687294 0.434540 0.036304 0.061281
0 0.512376 0.311978 0.017327 0.036212
