0 0.328333 0.732500 0.101667 0.165000
0 0.913333 0.370000 0.030000 0.055000
0 0.593333 0.665000 0.111667 0.170000
0 0.813333 0.332500 0.036667 0.052500
0 0.485000 0.510000 0.070000 0.127500
0 0.760000 0.377500 0.058333 0.092500
0 0.626667 0.535000 0.083333 0.130000
0 0.661667 0.320000 0.041667 0.075000
0 0.635000 0.445000 0.046667 0.075000
0 0.511667 0.367500 0.041667 0.070000
0 0.385000 0.227500 0.081667 0.130000
0 0.418333 0.497500 0.066667 0.105000
0 0.570000 0.367500 0.041667 0.062500
0 0.713333 0.427500 0.058333 0.087500
0 0.873333 0.332500 0.030000 0.060000
0 0.791667 0.315000 0.031667 0.050000
0 0.611667 0.322500 0.035000 0.062500
