0 0.180000 0.380000 0.052000 0.082222
0 0.660000 0.466667 0.052000 0.102222
0 0.485333 0.251111 0.053333 0.104444
0 0.158667 0.257778 0.040000 0.077778
0 0.302667 0.357778 0.026667 0.066667
0 0.221333 0.375556 0.042667 0.086667
0 0.016000 0.224444 0.028000 0.073333
0 0.762667 0.240000 0.034667 0.068889
0 0.381333 0.260000 0.020000 0.048889
0 0.228000 0.237778 0.029333 0.060000
0 0.628000 0.491111 0.044000 0.068889
0 0.262667 0.240000 0.021333 0.044444
0 0.270667 0.373333 0.040000 0.075556
0 0.573333 0.244444 0.029333 0.062222
0 0.276000 0.280000 0.021333 0.046667
0 0.605333 0.251111 0.034667 0.062222
0 0.089333 0.308889 0.030667 0.066667
0 0.700000 0.255556 0.040000 0.080000
0 0.332000 0.246667 0.018667 0.040000
0 0.310667 0.240000 0.017333 0.042222
0 0.042667 0.311111 0.042667 0.082222
0 0.213333 0.300000 0.025333 0.044444
0 0.077333 0.331111 0.034667 0.073333
0 0.296000 0.244444 0.026667 0.053333
0 0.436000 0.226667 0.050667 0.100000
0 0.578667 0.484444 0.053333 0.095556
0 0.798667 0.195556 0.048000 0.095556
0 0.046667 0.371111 0.052000 0.108889
0 0.298667 0.306667 0.026667 0.053333
0 0.726667 0.226667 0.058667 0.122222
