0 0.425061 0.190153 0.018837 0.042445
0 0.954955 0.477080 0.019656 0.066214
0 0.571663 0.193548 0.018837 0.040747
0 0.592138 0.120543 0.013104 0.035654
0 0.747748 0.195246 0.019656 0.045840
0 0.650287 0.130730 0.018018 0.040747
0 0.730549 0.422750 0.027027 0.069610
0 0.298935 0.208829 0.024570 0.047538
0 0.551188 0.164686 0.022113 0.037351
0 0.822277 0.230900 0.019656 0.045840
0 0.687142 0.132428 0.018018 0.044143
0 0.904996 0.258065 0.013104 0.045840
0 0.572482 0.137521 0.020475 0.045840
0 0.976249 0.327674 0.024570 0.047538
0 0.607699 0.380306 0.031122 0.059423
0 0.934480 0.266553 0.013923 0.045840
0 0.904177 0.225806 0.016380 0.045840
0 0.724816 0.269949 0.019656 0.056027
0 0.831286 0.217317 0.017199 0.045840
0 0.787060 0.208829 0.021294 0.035654
0 0.382473 0.186757 0.016380 0.037351
0 0.686323 0.174873 0.019656 0.039049
0 0.742015 0.229202 0.021294 0.047538
0 0.663391 0.127334 0.018018 0.042445
0 0.658477 0.414261 0.025389 0.062818
0 0.552007 0.132428 0.019656 0.035654
0 0.669124 0.224109 0.023751 0.050934
0 0.429156 0.162988 0.017199 0.037351
0 0.806716 0.190153 0.018018 0.039049
0 0.302211 0.235993 0.016380 0.033956
0 0.978706 0.361630 0.024570 0.054329
0 0.486486 0.203735 0.020475 0.040747
0 0.340704 0.208829 0.021294 0.054329
0 0.769861 0.193548 0.018018 0.050934
0 0.873055 0.314092 0.020475 0.049236
0 0.487305 0.152801 0.018837 0.049236
0 0.182637 0.288625 0.019656 0.052632
0 0.546274 0.212224 0.025389 0.040747
0 0.790336 0.451613 0.025389 0.091681
0 0.512695 0.161290 0.016380 0.044143
0 0.813268 0.297114 0.022113 0.056027
0 0.464373 0.249576 0.017199 0.037351
0 0.981163 0.303905 0.019656 0.044143
0 0.868141 0.368421 0.022113 0.057725
0 0.691237 0.213922 0.026208 0.044143
0 0.796069 0.251273 0.019656 0.057725
0 0.316134 0.215620 0.016380 0.044143
0 0.951679 0.244482 0.017199 0.050934
0 0.746929 0.293718 0.019656 0.037351
0 0.602785 0.149406 0.022113 0.040747
0 0.891073 0.280136 0.034398 0.052632
0 0.610156 0.178268 0.018837 0.049236
0 0.257166 0.235993 0.018837 0.040747
0 0.955774 0.380306 0.022932 0.062818
0 0.612613 0.290323 0.026208 0.050934
0 0.365274 0.259762 0.023751 0.049236
0 0.855037 0.495756 0.026208 0.096774
0 0.986077 0.254669 0.014742 0.044143
0 0.352989 0.196944 0.025389 0.040747
0 0.873874 0.227504 0.015561 0.039049
0 0.382473 0.241087 0.021294 0.042445
0 0.869779 0.234295 0.023751 0.047538
0 0.627355 0.129032 0.018018 0.044143
0 0.214578 0.276740 0.017199 0.052632
0 0.705160 0.162988 0.017199 0.030560
0 0.886978 0.405772 0.022113 0.064516
0 0.568387 0.332767 0.023751 0.062818
0 0.655201 0.174873 0.018837 0.040747
0 0.440622 0.161290 0.010647 0.044143
0 0.927109 0.342954 0.022113 0.042445
0 0.429975 0.310696 0.022932 0.049236
