0 0.406630 0.220238 0.018785 0.043651
0 0.441989 0.226190 0.019890 0.043651
0 0.703867 0.158730 0.018785 0.037698
0 0.902762 0.313492 0.030939 0.067460
0 0.659669 0.242063 0.020994 0.043651
0 0.595580 0.144841 0.012155 0.023810
0 0.471823 0.117063 0.013260 0.027778
0 0.635359 0.220238 0.024309 0.047619
0 0.563536 0.123016 0.013260 0.027778
0 0.829834 0.164683 0.016575 0.029762
0 0.312707 0.202381 0.015470 0.031746
0 0.735912 0.156746 0.017680 0.041667
0 0.381215 0.200397 0.016575 0.035714
0 0.618785 0.089286 0.009945 0.023810
0 0.792265 0.192460 0.020994 0.047619
0 0.595580 0.212302 0.023204 0.043651
0 0.560221 0.168651 0.015470 0.041667
0 0.823204 0.194444 0.020994 0.041667
0 0.476243 0.178571 0.017680 0.041667
0 0.890608 0.224206 0.019890 0.049603
0 0.738122 0.218254 0.019890 0.051587
0 0.767956 0.107143 0.012155 0.029762
0 0.755801 0.230159 0.022099 0.047619
0 0.597790 0.097222 0.011050 0.021825
0 0.730387 0.128968 0.015470 0.035714
0 0.942541 0.150794 0.014365 0.033730
0 0.274033 0.204365 0.016575 0.037698
0 0.700552 0.103175 0.013260 0.031746
0 0.433149 0.184524 0.020994 0.035714
0 0.900552 0.162698 0.014365 0.037698
0 0.632044 0.134921 0.016575 0.035714
0 0.798895 0.117063 0.013260 0.033730
0 0.534807 0.140873 0.013260 0.031746
0 0.453039 0.134921 0.014365 0.037698
0 0.711602 0.311508 0.034254 0.071429
0 0.846409 0.130952 0.015470 0.035714
0 0.749171 0.343254 0.030939 0.063492
0 0.496133 0.132937 0.014365 0.031746
0 0.690608 0.236111 0.024309 0.049603
0 0.376796 0.154762 0.016575 0.027778
0 0.525967 0.115079 0.013260 0.033730
0 0.453039 0.178571 0.018785 0.041667
0 0.366851 0.172619 0.017680 0.035714
0 0.417680 0.150794 0.017680 0.035714
0 0.622099 0.121032 0.014365 0.027778
0 0.330387 0.172619 0.018785 0.041667
0 0.475138 0.132937 0.013260 0.031746
0 0.632044 0.099206 0.011050 0.027778
0 0.523757 0.158730 0.016575 0.039683
0 0.603315 0.121032 0.015470 0.023810
0 0.424309 0.136905 0.015470 0.031746
0 0.328177 0.204365 0.014365 0.035714
0 0.562431 0.142857 0.014365 0.029762
0 0.079558 0.365079 0.038674 0.073413
0 0.763536 0.182540 0.015470 0.033730
0 0.586740 0.154762 0.015470 0.037698
0 0.796685 0.148810 0.014365 0.033730
0 0.415470 0.182540 0.018785 0.041667
0 0.544751 0.125000 0.012155 0.029762
0 0.928177 0.208333 0.016575 0.041667
0 0.928177 0.253968 0.018785 0.037698
0 0.623204 0.196429 0.020994 0.047619
0 0.940331 0.194444 0.017680 0.035714
0 0.912707 0.142857 0.013260 0.045635
0 0.783425 0.277778 0.024309 0.057540
0 0.870718 0.160714 0.013260 0.033730
0 0.544751 0.107143 0.012155 0.019841
0 0.372376 0.216270 0.018785 0.047619
0 0.495028 0.103175 0.012155 0.027778
0 0.834254 0.240079 0.020994 0.053571
0 0.662983 0.097222 0.013260 0.025794
0 0.900552 0.210317 0.014365 0.035714
0 0.753591 0.113095 0.015470 0.035714
0 0.665193 0.176587 0.024309 0.043651
0 0.674033 0.095238 0.013260 0.031746
