0 0.466598 0.206262 0.018499 0.038674
0 0.641316 0.151013 0.014388 0.027624
0 0.557040 0.136280 0.012333 0.029466
0 0.504625 0.180479 0.016444 0.031308
0 0.787256 0.134438 0.011305 0.029466
0 0.705036 0.313076 0.028777 0.057090
0 0.500514 0.154696 0.014388 0.027624
0 0.755396 0.381215 0.027749 0.068140
0 0.863309 0.152855 0.012333 0.027624
0 0.564234 0.184162 0.015416 0.033149
0 0.710175 0.180479 0.015416 0.029466
0 0.877698 0.178637 0.012333 0.027624
0 0.890031 0.235727 0.016444 0.036832
0 0.738952 0.237569 0.018499 0.040516
0 0.350462 0.176796 0.013361 0.033149
0 0.633094 0.211786 0.017472 0.033149
0 0.410072 0.160221 0.011305 0.025783
0 0.384378 0.228361 0.015416 0.038674
0 0.571429 0.160221 0.015416 0.027624
0 0.881809 0.163904 0.010277 0.023941
0 0.742035 0.147330 0.015416 0.034991
0 0.692703 0.110497 0.011305 0.023941
0 0.811922 0.139963 0.010277 0.023941
0 0.843782 0.252302 0.021583 0.049724
0 0.381295 0.197053 0.014388 0.027624
0 0.428571 0.191529 0.013361 0.025783
0 0.583762 0.136280 0.012333 0.029466
0 0.631038 0.139963 0.012333 0.022099
0 0.903392 0.219153 0.016444 0.036832
0 0.529291 0.174954 0.017472 0.036832
0 0.807811 0.208103 0.012333 0.036832
0 0.806783 0.285451 0.025694 0.046041
0 0.546763 0.174954 0.013361 0.022099
0 0.910586 0.355433 0.025694 0.057090
0 0.605344 0.119705 0.008222 0.016575
0 0.808839 0.169429 0.012333 0.023941
0 0.850976 0.215470 0.014388 0.029466
0 0.299075 0.213628 0.014388 0.025783
0 0.937307 0.248619 0.017472 0.038674
0 0.916752 0.182320 0.013361 0.031308
0 0.449126 0.197053 0.017472 0.033149
0 0.920863 0.154696 0.013361 0.020258
0 0.698869 0.255985 0.019527 0.042357
0 0.678314 0.182320 0.014388 0.033149
0 0.397739 0.209945 0.015416 0.033149
0 0.661871 0.145488 0.014388 0.033149
0 0.357657 0.195212 0.014388 0.027624
0 0.493320 0.139963 0.012333 0.025783
0 0.670092 0.121547 0.011305 0.020258
0 0.957862 0.195212 0.014388 0.029466
0 0.768756 0.200737 0.016444 0.040516
0 0.716341 0.114180 0.012333 0.025783
0 0.647482 0.244936 0.021583 0.042357
0 0.613566 0.158379 0.013361 0.031308
0 0.944502 0.213628 0.014388 0.029466
0 0.603289 0.228361 0.020555 0.044199
0 0.429599 0.163904 0.012333 0.029466
0 0.724563 0.178637 0.016444 0.036832
0 0.767729 0.134438 0.013361 0.029466
0 0.825283 0.204420 0.013361 0.029466
0 0.845838 0.165746 0.011305 0.023941
0 0.452210 0.158379 0.014388 0.029466
0 0.745118 0.169429 0.016444 0.033149
0 0.412127 0.255985 0.018499 0.036832
0 0.839671 0.176796 0.011305 0.025783
0 0.338129 0.219153 0.014388 0.034991
0 0.602261 0.139963 0.014388 0.020258
0 0.842754 0.138122 0.011305 0.025783
0 0.688592 0.132597 0.012333 0.027624
0 0.295992 0.235727 0.013361 0.033149
0 0.646454 0.116022 0.013361 0.023941
0 0.419322 0.233886 0.014388 0.029466
0 0.108941 0.259669 0.017472 0.046041
0 0.652621 0.103131 0.008222 0.016575
0 0.689620 0.220994 0.017472 0.040516
0 0.536485 0.132597 0.015416 0.027624
0 0.560123 0.127072 0.011305 0.018416
0 0.772867 0.248619 0.020555 0.040516
0 0.794450 0.147330 0.010277 0.025783
