0 0.592647 0.362031 0.044118 0.070640
0 0.977941 0.384106 0.044118 0.116998
0 0.035294 0.342163 0.048529 0.077263
0 0.423529 0.344371 0.029412 0.055188
0 0.623529 0.344371 0.030882 0.050773
0 0.894118 0.328918 0.026471 0.050773
0 0.175000 0.607064 0.063235 0.105960
0 0.710294 0.350993 0.061765 0.092715
0 0.633824 0.313466 0.014706 0.033113
0 0.455882 0.373068 0.032353 0.048565
0 0.130882 0.322296 0.027941 0.044150
0 0.108824 0.353201 0.058824 0.090508
0 0.645588 0.335541 0.030882 0.039735
0 0.486765 0.317881 0.051471 0.097130
0 0.807353 0.295806 0.097059 0.147903
0 0.664706 0.710817 0.114706 0.203091
0 0.054412 0.852097 0.104412 0.264901
0 0.323529 0.403974 0.080882 0.125828
0 0.536765 0.370861 0.089706 0.150110
0 0.267647 0.373068 0.047059 0.083885
0 0.391176 0.342163 0.047059 0.079470
