0 0.200000 0.621212 0.047500 0.064394
0 0.652500 0.598485 0.040000 0.068182
0 0.555000 0.765152 0.062500 0.094697
0 0.112500 0.867424 0.095000 0.155303
0 0.865000 0.859848 0.085000 0.147727
0 0.467500 0.541667 0.032500 0.060606
0 0.192500 0.583333 0.042500 0.068182
0 0.285000 0.568182 0.042500 0.068182
0 0.272500 0.753788 0.065000 0.098485
0 0.025000 0.818182 0.045000 0.117424
0 0.147500 0.640152 0.050000 0.068182
0 0.942500 0.685606 0.072500 0.094697
0 0.795000 0.685606 0.060000 0.102273
0 0.537500 0.636364 0.042500 0.087121
0 0.310000 0.621212 0.042500 0.068182
0 0.412500 0.719697 0.052500 0.075758
0 0.477500 0.575758 0.037500 0.071970
0 0.222500 0.352273 0.025000 0.053030
0 0.725000 0.609848 0.050000 0.083333
0 0.882500 0.647727 0.065000 0.090909
0 0.592500 0.939394 0.105000 0.117424
0 0.512500 0.886364 0.085000 0.136364
0 0.425000 0.674242 0.042500 0.071970
0 0.567500 0.579545 0.037500 0.064394
0 0.100000 0.768939 0.062500 0.087121
0 0.672500 0.666667 0.062500 0.087121
0 0.705000 0.784091 0.070000 0.121212
0 0.147500 0.681818 0.055000 0.079545
0 0.382500 0.564394 0.040000 0.064394
0 0.267500 0.696970 0.060000 0.071970
0 0.310000 0.859848 0.087500 0.132576
0 0.042500 0.640152 0.060000 0.094697
