0 0.470000 0.388956 0.016667 0.022809
0 0.110000 0.379352 0.026667 0.044418
0 0.375833 0.375750 0.020833 0.031212
0 0.410833 0.440576 0.047500 0.079232
0 0.553333 0.375750 0.020000 0.032413
0 0.468333 0.470588 0.068333 0.126050
0 0.037500 0.522209 0.074167 0.120048
0 0.279167 0.438175 0.085833 0.120048
0 0.500000 0.490996 0.039167 0.110444
0 0.583333 0.506603 0.049167 0.090036
0 0.533333 0.490996 0.042500 0.086435
0 0.512500 0.399760 0.020000 0.028812
0 0.600000 0.392557 0.023333 0.038415
0 0.490000 0.388956 0.018333 0.030012
0 0.450833 0.375750 0.020833 0.038415
0 0.787500 0.258103 0.114167 0.168067
0 0.354167 0.470588 0.056667 0.104442
0 0.434167 0.559424 0.095000 0.151261
0 0.258333 0.509004 0.119167 0.157263
