0 0.289867 0.365747 0.019934 0.044993
0 0.863787 0.278665 0.017442 0.037736
0 0.253322 0.388970 0.024086 0.040639
0 0.901163 0.326560 0.017442 0.039187
0 0.438538 0.284470 0.014120 0.031930
0 0.888704 0.256894 0.014120 0.030479
0 0.499169 0.265602 0.014120 0.029028
0 0.540698 0.439768 0.034053 0.062409
0 0.651163 0.345428 0.022425 0.043541
0 0.777409 0.267054 0.014950 0.033382
0 0.339701 0.358491 0.022425 0.050798
0 0.785714 0.438316 0.029070 0.065312
0 0.852159 0.259797 0.014120 0.029028
0 0.578073 0.267054 0.018272 0.031930
0 0.436877 0.314949 0.018272 0.033382
0 0.615449 0.210450 0.013289 0.027576
0 0.902824 0.281567 0.014950 0.031930
0 0.786545 0.283019 0.016611 0.039187
0 0.753322 0.268505 0.019103 0.042090
0 0.644518 0.470247 0.032392 0.068215
0 0.691860 0.223512 0.016611 0.030479
0 0.640365 0.306241 0.017442 0.042090
0 0.354651 0.300435 0.017442 0.030479
0 0.525748 0.249637 0.017442 0.030479
0 0.230897 0.341074 0.016611 0.036284
0 0.409468 0.303338 0.015781 0.026125
0 0.700166 0.293179 0.019103 0.039187
0 0.941860 0.309144 0.015781 0.039187
0 0.850498 0.468795 0.031561 0.059507
0 0.676910 0.210450 0.012458 0.029028
0 0.932724 0.375907 0.021595 0.050798
0 0.357143 0.333817 0.016611 0.037736
0 0.600498 0.232221 0.011628 0.024673
0 0.626246 0.371553 0.030731 0.050798
0 0.845515 0.509434 0.034884 0.071118
0 0.382060 0.348331 0.019934 0.044993
0 0.681894 0.235123 0.014950 0.027576
0 0.677741 0.277213 0.016611 0.037736
0 0.608804 0.454282 0.032392 0.068215
0 0.461794 0.271408 0.015781 0.036284
0 0.877907 0.338171 0.015781 0.044993
0 0.445183 0.336720 0.021595 0.040639
0 0.853821 0.333817 0.019103 0.036284
0 0.544850 0.359942 0.024917 0.050798
0 0.866279 0.410740 0.028239 0.060958
0 0.820598 0.365747 0.024086 0.055152
0 0.921096 0.458636 0.033223 0.071118
0 0.744186 0.240929 0.014950 0.029028
0 0.411130 0.274311 0.013289 0.029028
0 0.835548 0.342525 0.019103 0.046444
0 0.392857 0.262700 0.014950 0.033382
0 0.412791 0.335269 0.020764 0.044993
0 0.664452 0.378810 0.024917 0.059507
0 0.485880 0.407837 0.030731 0.063861
0 0.818106 0.245283 0.015781 0.037736
0 0.921927 0.323657 0.018272 0.037736
0 0.137874 0.531205 0.040698 0.079826
0 0.610465 0.251089 0.014950 0.029028
0 0.529900 0.278665 0.019103 0.031930
0 0.793189 0.240929 0.017442 0.030479
0 0.749169 0.235123 0.010797 0.029028
0 0.285714 0.314949 0.018272 0.034833
0 0.549834 0.245283 0.015781 0.030479
0 0.632890 0.213353 0.011628 0.023222
0 0.716777 0.516691 0.044850 0.079826
0 0.469269 0.240929 0.016611 0.027576
0 0.504983 0.332366 0.018272 0.040639
0 0.642857 0.251089 0.014120 0.029028
0 0.829734 0.278665 0.018272 0.033382
0 0.428571 0.259797 0.013289 0.029028
0 0.571429 0.220610 0.012458 0.026125
0 0.948505 0.288824 0.014950 0.024673
0 0.729236 0.404935 0.030731 0.050798
0 0.712625 0.249637 0.018272 0.037736
0 0.818937 0.312046 0.017442 0.033382
0 0.467608 0.312046 0.017442 0.029028
0 0.560631 0.283019 0.015781 0.034833
0 0.696013 0.364296 0.024086 0.052250
0 0.794020 0.264151 0.014120 0.031930
