0 0.539458 0.307531 0.024735 0.054393
0 0.729093 0.123431 0.012956 0.029289
0 0.822144 0.144351 0.011779 0.033473
0 0.340400 0.228033 0.015312 0.031381
0 0.654888 0.205021 0.020024 0.043933
0 0.654888 0.263598 0.022379 0.041841
0 0.724382 0.165272 0.014134 0.031381
0 0.667845 0.328452 0.023557 0.062762
0 0.378092 0.221757 0.016490 0.033473
0 0.833922 0.192469 0.014134 0.033473
0 0.604240 0.123431 0.011779 0.020921
0 0.520612 0.148536 0.015312 0.031381
0 0.439340 0.192469 0.014134 0.025105
0 0.557126 0.251046 0.021201 0.041841
0 0.552415 0.123431 0.010601 0.025105
0 0.630153 0.115063 0.010601 0.023013
0 0.853946 0.140167 0.009423 0.020921
0 0.859835 0.232218 0.020024 0.046025
0 0.738516 0.190377 0.018846 0.052301
0 0.598351 0.330544 0.028269 0.054393
0 0.484099 0.309623 0.027091 0.050209
0 0.891637 0.140167 0.010601 0.029289
0 0.467609 0.154812 0.012956 0.025105
0 0.464075 0.198745 0.014134 0.023013
0 0.875147 0.194561 0.017668 0.035565
0 0.758539 0.133891 0.012956 0.031381
0 0.475854 0.171548 0.014134 0.025105
0 0.425206 0.280335 0.023557 0.046025
0 0.800942 0.135983 0.010601 0.031381
0 0.918728 0.158996 0.012956 0.035565
0 0.420495 0.184100 0.015312 0.025105
0 0.857479 0.152720 0.014134 0.031381
0 0.452297 0.219665 0.017668 0.031381
0 0.316843 0.221757 0.011779 0.027197
0 0.760895 0.288703 0.023557 0.056485
0 0.566549 0.179916 0.016490 0.033473
0 0.681979 0.102510 0.014134 0.035565
0 0.513545 0.211297 0.016490 0.037657
0 0.421673 0.215481 0.016490 0.031381
0 0.299176 0.240586 0.014134 0.029289
0 0.613663 0.142259 0.015312 0.031381
0 0.573616 0.158996 0.014134 0.027197
0 0.452297 0.169456 0.014134 0.027197
0 0.709069 0.284519 0.022379 0.050209
0 0.597173 0.263598 0.020024 0.046025
0 0.842167 0.156904 0.014134 0.035565
0 0.904594 0.282427 0.021201 0.056485
0 0.540636 0.163180 0.015312 0.035565
0 0.652532 0.125523 0.015312 0.027197
0 0.199058 0.349372 0.044759 0.087866
0 0.909305 0.205021 0.017668 0.041841
0 0.789164 0.177824 0.015312 0.046025
0 0.610130 0.207113 0.018846 0.039749
0 0.482921 0.135983 0.011779 0.025105
0 0.738516 0.150628 0.012956 0.029289
0 0.346290 0.261506 0.016490 0.033473
0 0.789164 0.138075 0.010601 0.033473
0 0.583039 0.108787 0.011779 0.020921
0 0.881037 0.165272 0.012956 0.029289
0 0.711425 0.142259 0.014134 0.031381
0 0.648999 0.177824 0.016490 0.029289
0 0.636042 0.102510 0.010601 0.025105
0 0.382803 0.200837 0.018846 0.025105
0 0.755006 0.167364 0.015312 0.037657
0 0.812721 0.173640 0.012956 0.033473
0 0.742049 0.112971 0.012956 0.031381
