0 0.750985 0.220222 0.021277 0.045706
0 0.813239 0.153740 0.015760 0.036011
0 0.287628 0.254848 0.017336 0.031856
0 0.779354 0.281163 0.029157 0.059557
0 0.727344 0.182825 0.020489 0.042936
0 0.479905 0.220222 0.022065 0.047091
0 0.610717 0.123269 0.015760 0.027701
0 0.316785 0.292244 0.026005 0.038781
0 0.836879 0.293629 0.027581 0.062327
0 0.310481 0.254848 0.019701 0.036011
0 0.421592 0.193906 0.018913 0.038781
0 0.582348 0.102493 0.015760 0.026316
0 0.556344 0.259003 0.029157 0.049861
0 0.756501 0.360111 0.030733 0.066482
0 0.582348 0.149584 0.015760 0.033241
0 0.639086 0.181440 0.020489 0.040166
0 0.500394 0.299169 0.022853 0.062327
0 0.509850 0.150970 0.015760 0.034626
0 0.559496 0.146814 0.018125 0.031856
0 0.596533 0.220222 0.019701 0.042936
0 0.770686 0.193906 0.020489 0.040166
0 0.330969 0.261773 0.018913 0.036011
0 0.330969 0.220222 0.017336 0.040166
0 0.694247 0.225762 0.023641 0.051247
0 0.461781 0.160665 0.017336 0.036011
0 0.591805 0.260388 0.024429 0.051247
0 0.860520 0.252078 0.022065 0.059557
0 0.411348 0.227147 0.023641 0.036011
0 0.676123 0.167590 0.020489 0.037396
0 0.546099 0.300554 0.027581 0.059557
0 0.276596 0.246537 0.016548 0.040166
0 0.615445 0.144044 0.015760 0.036011
0 0.520095 0.202216 0.023641 0.037396
0 0.375887 0.200831 0.016548 0.034626
0 0.647754 0.306094 0.029157 0.066482
0 0.870764 0.198061 0.015760 0.033241
0 0.381403 0.304709 0.027581 0.047091
0 0.759653 0.134349 0.014972 0.027701
0 0.376675 0.252078 0.020489 0.037396
0 0.646966 0.227147 0.025217 0.042936
0 0.561072 0.175900 0.018913 0.036011
0 0.850276 0.163435 0.014184 0.030471
0 0.804571 0.236842 0.020489 0.047091
0 0.710796 0.156510 0.018125 0.041551
0 0.816391 0.213296 0.018125 0.045706
0 0.643026 0.257618 0.020489 0.045706
0 0.833727 0.191136 0.015760 0.040166
0 0.754137 0.180055 0.020489 0.033241
0 0.527187 0.178670 0.018125 0.033241
0 0.799842 0.182825 0.018125 0.044321
0 0.900709 0.271468 0.022065 0.048476
