0 0.440959 0.403068 0.016605 0.034868
0 0.459410 0.376569 0.010148 0.023710
0 0.666974 0.503487 0.055351 0.083682
0 0.778598 0.375174 0.018450 0.023710
0 0.642066 0.435146 0.027675 0.051604
0 0.978782 0.365411 0.019373 0.037657
0 0.551661 0.461646 0.022140 0.039052
0 0.374539 0.387727 0.011993 0.020921
0 0.678967 0.429568 0.020295 0.034868
0 0.693727 0.389121 0.018450 0.036262
0 0.449262 0.373780 0.016605 0.027894
0 0.434502 0.377964 0.014760 0.025105
0 0.582103 0.379358 0.018450 0.027894
0 0.326568 0.396095 0.016605 0.029289
0 0.173432 0.465830 0.027675 0.039052
0 0.834871 0.375174 0.013838 0.026499
0 0.850554 0.370990 0.017528 0.027894
0 0.607934 0.461646 0.027675 0.054393
0 0.416052 0.370990 0.011070 0.023710
0 0.623616 0.362622 0.013838 0.026499
0 0.859779 0.433752 0.029520 0.047420
0 0.951107 0.567643 0.064576 0.125523
0 0.234317 0.403068 0.015683 0.029289
0 0.496310 0.446304 0.027675 0.029289
0 0.941882 0.384937 0.021218 0.037657
0 0.465867 0.447699 0.024908 0.044630
0 0.119004 0.458856 0.034133 0.048815
0 0.739852 0.492329 0.041513 0.080893
0 0.592251 0.403068 0.014760 0.029289
0 0.476937 0.472803 0.029520 0.039052
0 0.388376 0.377964 0.015683 0.026499
0 0.428044 0.479777 0.034133 0.048815
0 0.304428 0.389121 0.017528 0.030683
0 0.023063 0.446304 0.015683 0.032078
0 0.038745 0.440725 0.018450 0.027894
0 0.380996 0.407252 0.015683 0.030683
0 0.836716 0.468619 0.037823 0.062762
0 0.355166 0.453278 0.025830 0.044630
0 0.461255 0.496513 0.035978 0.058577
0 0.587638 0.362622 0.011993 0.020921
0 0.303506 0.428173 0.020295 0.034868
0 0.458487 0.397490 0.018450 0.033473
0 0.195572 0.403068 0.015683 0.029289
0 0.591328 0.450488 0.023063 0.048815
0 0.665129 0.417015 0.019373 0.039052
0 0.320111 0.457462 0.024908 0.048815
0 0.333948 0.426778 0.022140 0.033473
0 0.271218 0.405858 0.014760 0.032078
0 0.751845 0.405858 0.017528 0.040446
0 0.245387 0.456067 0.021218 0.034868
0 0.041513 0.470014 0.023985 0.037657
0 0.500000 0.364017 0.010148 0.020921
0 0.793358 0.365411 0.016605 0.025105
0 0.817343 0.382148 0.020295 0.032078
0 0.725092 0.414226 0.023063 0.041841
0 0.142989 0.429568 0.020295 0.032078
0 0.271218 0.453278 0.023063 0.043236
0 0.428967 0.398884 0.014760 0.029289
0 0.519373 0.389121 0.016605 0.027894
0 0.626384 0.390516 0.020295 0.033473
0 0.143911 0.457462 0.020295 0.036262
0 0.772140 0.394700 0.019373 0.036262
0 0.509225 0.405858 0.020295 0.032078
0 0.900369 0.401674 0.030443 0.048815
0 0.220480 0.422594 0.015683 0.032078
0 0.349631 0.383543 0.013838 0.027894
0 0.085793 0.429568 0.020295 0.030683
0 0.230627 0.483961 0.035978 0.048815
0 0.271218 0.425384 0.023063 0.034868
0 0.991697 0.382148 0.016605 0.033473
0 0.797048 0.391911 0.017528 0.034868
0 0.789668 0.463040 0.035055 0.057183
0 0.178967 0.422594 0.020295 0.030683
0 0.100554 0.440725 0.019373 0.029289
0 0.316421 0.379358 0.010148 0.027894
0 0.128229 0.423989 0.016605 0.027894
0 0.493542 0.470014 0.022140 0.043236
0 0.361624 0.383543 0.016605 0.032078
0 0.980627 0.428173 0.024908 0.046025
0 0.103321 0.426778 0.022140 0.025105
0 0.939114 0.457462 0.026753 0.044630
0 0.202952 0.451883 0.024908 0.039052
