0 0.644051 0.866000 0.089906 0.165500
0 0.049799 0.688000 0.066845 0.103000
0 0.548463 0.841500 0.182487 0.316500
0 0.215909 0.641500 0.046791 0.081500
0 0.729278 0.795000 0.086564 0.136500
0 0.747995 0.647500 0.067513 0.099000
0 0.118316 0.647500 0.052139 0.070000
0 0.781751 0.605000 0.041110 0.064500
0 0.308489 0.878000 0.283422 0.244000
0 0.304479 0.639000 0.048463 0.070000
0 0.062834 0.803500 0.090575 0.155000
0 0.883356 0.596000 0.066845 0.088500
0 0.903743 0.709000 0.092580 0.147000
0 0.426471 0.665000 0.049465 0.086500
0 0.355615 0.463500 0.029746 0.056000
0 0.285762 0.622000 0.043115 0.067500
0 0.974265 0.662000 0.051136 0.103500
0 0.708222 0.688000 0.081551 0.122000
0 0.315508 0.683500 0.066176 0.082500
0 0.420455 0.599000 0.043783 0.077000
0 0.914773 0.843500 0.111965 0.202500
0 0.335561 0.600500 0.035428 0.064000
0 0.372660 0.624000 0.049465 0.073000
0 0.968917 0.780000 0.061832 0.133500
0 0.867647 0.625500 0.052139 0.107000
0 0.552807 0.627000 0.056484 0.098000
0 0.201203 0.694000 0.081551 0.132500
