0 0.411594 0.523196 0.052174 0.110825
0 0.224638 0.394330 0.030435 0.046392
0 0.710145 0.376289 0.024638 0.061856
0 0.413043 0.365979 0.031884 0.046392
0 0.818841 0.479381 0.049275 0.110825
0 0.094203 0.365979 0.034783 0.067010
0 0.543478 0.461340 0.042029 0.095361
0 0.611594 0.409794 0.033333 0.072165
0 0.298551 0.500000 0.057971 0.115979
0 0.511594 0.430412 0.033333 0.072165
0 0.718841 0.445876 0.044928 0.087629
0 0.475362 0.639175 0.075362 0.170103
0 0.169565 0.363402 0.023188 0.041237
0 0.227536 0.438144 0.042029 0.077320
0 0.155072 0.422680 0.034783 0.072165
0 0.628986 0.376289 0.027536 0.054124
0 0.643478 0.711340 0.079710 0.164948
0 0.357971 0.414948 0.031884 0.064433
0 0.091304 0.474227 0.044928 0.082474
0 0.469565 0.347938 0.027536 0.054124
0 0.018841 0.466495 0.034783 0.095361
0 0.842029 0.445876 0.044928 0.090206
0 0.573913 0.407216 0.028986 0.061856
0 0.020290 0.399485 0.037681 0.067010
0 0.768116 0.402062 0.036232 0.074742
0 0.744928 0.564433 0.069565 0.149485
0 0.579710 0.546392 0.055072 0.126289
0 0.337681 0.360825 0.023188 0.046392
0 0.420290 0.394330 0.031884 0.056701
0 0.675362 0.399485 0.034783 0.069588
0 0.353623 0.371134 0.027536 0.043814
0 0.663768 0.487113 0.047826 0.105670
0 0.233333 0.368557 0.027536 0.041237
0 0.086957 0.422680 0.034783 0.056701
0 0.281159 0.610825 0.066667 0.139175
0 0.788406 0.384021 0.028986 0.074742
0 0.955072 0.698454 0.088406 0.226804
0 0.439130 0.453608 0.040580 0.085052
0 0.878261 0.386598 0.042029 0.077320
0 0.971014 0.487113 0.057971 0.146907
0 0.088406 0.603093 0.071014 0.134021
0 0.278261 0.402062 0.031884 0.069588
0 0.286957 0.371134 0.026087 0.051546
