0 0.377315 0.548177 0.024016 0.033420
0 0.824942 0.656250 0.053819 0.098090
0 0.500579 0.593750 0.046875 0.070312
0 0.091435 0.583767 0.041956 0.062934
0 0.723090 0.604601 0.040799 0.073351
0 0.414931 0.608507 0.056424 0.079427
0 0.693866 0.401910 0.023438 0.046441
0 0.906829 0.573351 0.028935 0.046441
0 0.280671 0.566406 0.039931 0.060764
0 0.305845 0.555556 0.029514 0.053819
0 0.300347 0.814670 0.126157 0.181858
0 0.245370 0.677951 0.060475 0.088108
0 0.658275 0.648438 0.064815 0.096788
0 0.107928 0.562500 0.029803 0.051649
0 0.530093 0.550347 0.024884 0.035156
0 0.789352 0.578559 0.041956 0.067274
0 0.013600 0.562500 0.021412 0.059028
0 0.768808 0.724826 0.091435 0.138455
0 0.223958 0.562934 0.034433 0.043403
0 0.821181 0.563802 0.032407 0.053819
0 0.693576 0.926215 0.153646 0.145833
0 0.562211 0.737413 0.081308 0.134549
0 0.153067 0.661458 0.051215 0.077691
0 0.621238 0.567708 0.028067 0.048611
0 0.421007 0.541233 0.026331 0.043403
0 0.572049 0.560764 0.032986 0.049479
0 0.407697 0.563802 0.035012 0.047743
0 0.364294 0.559896 0.028356 0.049479
0 0.158275 0.583767 0.037905 0.062934
