0 0.397419 0.198630 0.018065 0.025114
0 0.336774 0.242009 0.021935 0.045662
0 0.690323 0.175799 0.015484 0.034247
0 0.590968 0.105023 0.010323 0.022831
0 0.762581 0.212329 0.015484 0.036530
0 0.443871 0.187215 0.015484 0.031963
0 0.561290 0.130137 0.012903 0.022831
0 0.830968 0.303653 0.021935 0.047945
0 0.553548 0.257991 0.016774 0.041096
0 0.762581 0.132420 0.014194 0.031963
0 0.612903 0.098174 0.011613 0.025114
0 0.638710 0.134703 0.012903 0.020548
0 0.292903 0.260274 0.018065 0.034247
0 0.731613 0.111872 0.011613 0.025114
0 0.621935 0.203196 0.014194 0.031963
0 0.523871 0.132420 0.011613 0.015982
0 0.362581 0.196347 0.016774 0.027397
0 0.682581 0.305936 0.021935 0.045662
0 0.433548 0.223744 0.014194 0.034247
0 0.512258 0.130137 0.010323 0.018265
0 0.597419 0.328767 0.028387 0.045662
0 0.774194 0.164384 0.014194 0.025114
0 0.472258 0.184932 0.009032 0.025114
0 0.522581 0.196347 0.016774 0.036530
0 0.745806 0.328767 0.025806 0.052511
0 0.578065 0.139269 0.011613 0.022831
0 0.625806 0.244292 0.020645 0.047945
0 0.885161 0.168950 0.010323 0.029680
0 0.264516 0.260274 0.012903 0.020548
0 0.772903 0.273973 0.020645 0.050228
0 0.821935 0.210046 0.016774 0.038813
0 0.811613 0.162100 0.012903 0.029680
0 0.384516 0.221461 0.014194 0.022831
0 0.729032 0.187215 0.018065 0.031963
0 0.921290 0.155251 0.011613 0.025114
0 0.663226 0.107306 0.009032 0.020548
0 0.392258 0.262557 0.015484 0.031963
0 0.427097 0.166667 0.011613 0.022831
0 0.656774 0.173516 0.014194 0.034247
0 0.880000 0.344749 0.023226 0.068493
0 0.485161 0.166667 0.011613 0.027397
0 0.638710 0.098174 0.011613 0.022831
0 0.447742 0.152968 0.011613 0.020548
0 0.863226 0.132420 0.009032 0.022831
0 0.699355 0.102740 0.010323 0.029680
0 0.487742 0.205479 0.012903 0.025114
0 0.852903 0.166667 0.012903 0.029680
0 0.908387 0.299087 0.016774 0.043379
0 0.858065 0.257991 0.020645 0.050228
0 0.496774 0.285388 0.019355 0.045662
0 0.851613 0.134703 0.010323 0.020548
0 0.549677 0.171233 0.012903 0.022831
0 0.740645 0.148402 0.012903 0.025114
0 0.894194 0.139269 0.010323 0.020548
0 0.600000 0.152968 0.016774 0.029680
0 0.912258 0.251142 0.012903 0.022831
0 0.464516 0.219178 0.016774 0.038813
0 0.658065 0.221461 0.015484 0.031963
0 0.869677 0.212329 0.014194 0.031963
0 0.805161 0.235160 0.015484 0.034247
0 0.414194 0.162100 0.012903 0.025114
0 0.553548 0.109589 0.010323 0.015982
0 0.783226 0.404110 0.030968 0.068493
0 0.509677 0.166667 0.012903 0.034247
0 0.824516 0.136986 0.011613 0.025114
0 0.674839 0.159817 0.010323 0.034247
0 0.531613 0.333333 0.025806 0.050228
