0 0.450140 0.159734 0.010252 0.026622
0 0.859273 0.291181 0.022367 0.046589
0 0.519105 0.209651 0.016775 0.034942
0 0.381174 0.232945 0.013048 0.031614
0 0.852749 0.176373 0.015843 0.033278
0 0.565704 0.179700 0.013048 0.029950
0 0.670084 0.207987 0.017707 0.038270
0 0.561044 0.254576 0.020503 0.041597
0 0.924511 0.156406 0.010252 0.028286
0 0.896552 0.352745 0.028891 0.071547
0 0.493010 0.199667 0.013979 0.036606
0 0.366263 0.193012 0.013048 0.029950
0 0.839702 0.118136 0.011184 0.028286
0 0.513514 0.154742 0.015843 0.024958
0 0.438956 0.226290 0.014911 0.034942
0 0.521901 0.179700 0.013048 0.026622
0 0.630009 0.204659 0.016775 0.034942
0 0.370923 0.289517 0.017707 0.033278
0 0.800559 0.161398 0.014911 0.033278
0 0.509786 0.128120 0.010252 0.021631
0 0.565704 0.133111 0.012116 0.024958
0 0.470643 0.222962 0.016775 0.038270
0 0.670084 0.171381 0.014911 0.033278
0 0.454800 0.198003 0.017707 0.049917
0 0.540541 0.184692 0.013979 0.028286
0 0.767008 0.133111 0.013979 0.026622
0 0.888164 0.134775 0.010252 0.021631
0 0.744641 0.342762 0.027027 0.054908
0 0.777260 0.158070 0.013048 0.031614
0 0.684995 0.314476 0.029823 0.053245
0 0.701771 0.103161 0.011184 0.026622
0 0.464119 0.156406 0.011184 0.024958
0 0.596459 0.106489 0.011184 0.023295
0 0.739981 0.114809 0.012116 0.026622
0 0.874185 0.202995 0.018639 0.044925
0 0.558248 0.119800 0.011184 0.024958
0 0.484623 0.166389 0.014911 0.029950
0 0.438956 0.154742 0.011184 0.021631
0 0.746505 0.151414 0.013979 0.029950
0 0.916123 0.261231 0.017707 0.046589
0 0.360671 0.261231 0.014911 0.029950
0 0.753961 0.217970 0.018639 0.043261
0 0.728798 0.198003 0.016775 0.038270
0 0.603914 0.159734 0.013979 0.034942
0 0.616030 0.101498 0.009320 0.019967
0 0.648649 0.118136 0.009320 0.024958
0 0.681267 0.159734 0.013979 0.029950
0 0.639329 0.101498 0.009320 0.024958
0 0.862069 0.126456 0.012116 0.028286
0 0.581547 0.148087 0.013979 0.026622
0 0.861137 0.148087 0.010252 0.026622
0 0.889096 0.166389 0.010252 0.026622
0 0.609506 0.317804 0.025163 0.048253
0 0.829450 0.134775 0.010252 0.024958
0 0.386766 0.204659 0.013979 0.029950
0 0.831314 0.217970 0.015843 0.039933
0 0.616962 0.272879 0.018639 0.036606
0 0.540541 0.326123 0.025163 0.043261
0 0.614166 0.133111 0.011184 0.028286
0 0.343896 0.242928 0.013048 0.026622
0 0.641193 0.139767 0.010252 0.023295
0 0.926375 0.214642 0.013048 0.031614
0 0.403541 0.198003 0.013048 0.029950
0 0.298229 0.271215 0.013979 0.029950
0 0.896552 0.183028 0.013048 0.029950
0 0.781920 0.202995 0.018639 0.046589
0 0.728798 0.251248 0.024231 0.053245
0 0.289842 0.242928 0.015843 0.024958
0 0.783784 0.276206 0.023299 0.051581
0 0.922647 0.241265 0.017707 0.046589
0 0.406337 0.176373 0.013979 0.028286
0 0.807083 0.241265 0.022367 0.041597
0 0.671948 0.104825 0.012116 0.028286
0 0.275862 0.259567 0.014911 0.029950
0 0.479031 0.184692 0.013048 0.033278
0 0.540541 0.121464 0.011184 0.023295
0 0.696179 0.186356 0.014911 0.031614
