0 0.303704 0.122563 0.044444 0.083565
0 0.292593 0.337047 0.066667 0.116992
0 0.438889 0.125348 0.046296 0.083565
0 0.390741 0.356546 0.061111 0.103064
0 0.707407 0.384401 0.046296 0.089136
0 0.538889 0.116992 0.044444 0.086351
0 0.837037 0.261838 0.046296 0.080780
0 0.405556 0.222841 0.050000 0.097493
0 0.129630 0.144847 0.046296 0.080780
0 0.796296 0.080780 0.053704 0.086351
0 0.924074 0.130919 0.040741 0.077994
0 0.692593 0.169916 0.044444 0.086351
0 0.675926 0.108635 0.044444 0.075209
0 0.183333 0.334262 0.050000 0.075209
0 0.964815 0.311978 0.055556 0.111421
0 0.438889 0.250696 0.044444 0.080780
