0 0.920000 0.627500 0.028333 0.042500
0 0.978333 0.645000 0.030000 0.047500
0 0.568333 0.605000 0.018333 0.027500
0 0.123333 0.725000 0.053333 0.085000
0 0.940000 0.675000 0.046667 0.075000
0 0.558333 0.852500 0.096667 0.162500
0 0.346667 0.605000 0.020000 0.035000
0 0.015000 0.620000 0.025000 0.045000
0 0.245000 0.597500 0.016667 0.025000
0 0.665000 0.637500 0.035000 0.052500
0 0.488333 0.645000 0.026667 0.042500
0 0.113333 0.650000 0.033333 0.047500
0 0.961667 0.725000 0.060000 0.095000
0 0.006667 0.565000 0.011667 0.035000
0 0.481667 0.612500 0.021667 0.027500
0 0.641667 0.660000 0.038333 0.050000
0 0.430000 0.607500 0.011667 0.020000
0 0.816667 0.682500 0.048333 0.075000
0 0.525000 0.675000 0.040000 0.077500
0 0.316667 0.657500 0.035000 0.062500
0 0.298333 0.612500 0.020000 0.032500
0 0.696667 0.630000 0.028333 0.045000
0 0.446667 0.727500 0.061667 0.092500
0 0.780000 0.622500 0.020000 0.040000
0 0.116667 0.605000 0.013333 0.037500
0 0.218333 0.620000 0.020000 0.040000
0 0.325000 0.610000 0.023333 0.035000
0 0.141667 0.605000 0.015000 0.025000
0 0.453333 0.607500 0.013333 0.030000
0 0.431667 0.675000 0.043333 0.052500
0 0.835000 0.622500 0.020000 0.032500
0 0.546667 0.622500 0.026667 0.037500
0 0.231667 0.600000 0.016667 0.020000
0 0.081667 0.697500 0.031667 0.070000
0 0.613333 0.615000 0.026667 0.045000
0 0.238333 0.660000 0.030000 0.057500
0 0.290000 0.825000 0.085000 0.112500
0 0.583333 0.617500 0.016667 0.027500
0 0.046667 0.662500 0.026667 0.052500
0 0.386667 0.645000 0.026667 0.042500
0 0.746667 0.655000 0.028333 0.050000
0 0.280000 0.607500 0.016667 0.027500
0 0.900000 0.655000 0.033333 0.055000
0 0.718333 0.660000 0.038333 0.057500
