0 0.346000 0.510511 0.040000 0.069069
0 0.806000 0.399399 0.044000 0.069069
0 0.064000 0.396396 0.038000 0.069069
0 0.466000 0.408408 0.036000 0.063063
0 0.282000 0.408408 0.036000 0.054054
0 0.842000 0.405405 0.040000 0.072072
0 0.766000 0.519520 0.040000 0.069069
0 0.426000 0.504505 0.042000 0.069069
0 0.662000 0.405405 0.038000 0.063063
0 0.536000 0.408408 0.030000 0.063063
0 0.494000 0.399399 0.028000 0.048048
0 0.326000 0.417417 0.036000 0.066066
0 0.568000 0.402402 0.032000 0.063063
0 0.672000 0.501502 0.038000 0.069069
0 0.250000 0.510511 0.034000 0.063063
0 0.512000 0.498498 0.040000 0.075075
0 0.734000 0.405405 0.040000 0.072072
0 0.600000 0.396396 0.036000 0.066066
0 0.212000 0.399399 0.038000 0.066066
0 0.166000 0.507508 0.038000 0.069069
0 0.606000 0.513514 0.046000 0.087087
0 0.126000 0.402402 0.040000 0.066066
0 0.386000 0.411411 0.034000 0.057057
