0 0.350000 0.360515 0.044737 0.077253
0 0.538158 0.244635 0.021053 0.040773
0 0.819737 0.300429 0.034211 0.066524
0 0.031579 0.506438 0.061842 0.169528
0 0.660526 0.263948 0.018421 0.038627
0 0.840789 0.540773 0.084211 0.156652
0 0.396053 0.287554 0.026316 0.053648
0 0.905263 0.349785 0.051316 0.092275
0 0.142105 0.306867 0.032895 0.064378
0 0.732895 0.366953 0.052632 0.109442
0 0.175000 0.396996 0.056579 0.103004
0 0.322368 0.291845 0.036842 0.057940
0 0.406579 0.628755 0.117105 0.208155
0 0.611842 0.268240 0.025000 0.053648
0 0.944737 0.306867 0.031579 0.057940
0 0.548684 0.300429 0.034211 0.040773
0 0.271053 0.448498 0.056579 0.111588
0 0.036842 0.148069 0.063158 0.120172
0 0.767105 0.682403 0.130263 0.270386
0 0.477632 0.261803 0.021053 0.027897
0 0.201316 0.319742 0.040789 0.062232
0 0.355263 0.268240 0.028947 0.049356
0 0.986842 0.152361 0.026316 0.055794
0 0.611842 0.463519 0.077632 0.160944
0 0.259211 0.283262 0.035526 0.064378
0 0.793421 0.336910 0.034211 0.083691
0 0.436842 0.248927 0.026316 0.038627
0 0.488158 0.244635 0.019737 0.038627
0 0.465789 0.330472 0.043421 0.094421
0 0.672368 0.281116 0.022368 0.053648
0 0.627632 0.300429 0.032895 0.060086
0 0.848684 0.300429 0.031579 0.066524
