0 0.662605 0.210963 0.017807 0.031561
0 0.606373 0.325581 0.035614 0.054817
0 0.506092 0.179402 0.014995 0.028239
0 0.453608 0.154485 0.016870 0.024917
0 0.790066 0.275748 0.022493 0.044850
0 0.478913 0.303987 0.023430 0.049834
0 0.816307 0.222591 0.015933 0.046512
0 0.796626 0.131229 0.019681 0.031561
0 0.360825 0.267442 0.016870 0.038206
0 0.543580 0.197674 0.018744 0.026578
0 0.891284 0.205980 0.021556 0.028239
0 0.799438 0.179402 0.015933 0.029900
0 0.372071 0.234219 0.014995 0.036545
0 0.255858 0.284053 0.014058 0.029900
0 0.820056 0.167774 0.017807 0.033223
0 0.572634 0.164452 0.021556 0.036545
0 0.672915 0.117940 0.014995 0.021595
0 0.849110 0.197674 0.019681 0.026578
0 0.416120 0.225914 0.021556 0.038206
0 0.430178 0.265781 0.021556 0.048173
0 0.615745 0.264120 0.028116 0.049834
0 0.345829 0.230897 0.016870 0.034884
0 0.617619 0.109635 0.014995 0.023256
0 0.809747 0.119601 0.014058 0.026578
0 0.654171 0.174419 0.018744 0.033223
0 0.593252 0.124585 0.014995 0.029900
0 0.705717 0.131229 0.014995 0.029900
0 0.533271 0.137874 0.017807 0.034884
0 0.411434 0.177741 0.015933 0.028239
0 0.687910 0.151163 0.015933 0.033223
0 0.700094 0.098007 0.014058 0.029900
0 0.751640 0.112957 0.013121 0.023256
0 0.695408 0.184385 0.019681 0.038206
0 0.684161 0.327243 0.032802 0.048173
0 0.614808 0.144518 0.020619 0.034884
0 0.901593 0.164452 0.018744 0.038206
0 0.313027 0.222591 0.012184 0.034884
0 0.565136 0.242525 0.019681 0.036545
0 0.478913 0.149502 0.017807 0.028239
0 0.556701 0.116279 0.014995 0.024917
0 0.728210 0.265781 0.026242 0.049834
0 0.486410 0.192691 0.017807 0.038206
0 0.925023 0.205980 0.019681 0.041528
0 0.627929 0.197674 0.016870 0.029900
0 0.487348 0.137874 0.014995 0.026578
0 0.302718 0.259136 0.015933 0.031561
0 0.322399 0.279070 0.012184 0.041528
0 0.040300 0.378738 0.027179 0.054817
0 0.736645 0.122924 0.014058 0.028239
0 0.289597 0.272425 0.017807 0.038206
0 0.731959 0.196013 0.014058 0.038206
0 0.891284 0.174419 0.014058 0.036545
0 0.869728 0.232558 0.014995 0.043189
0 0.924086 0.287375 0.023430 0.049834
0 0.766635 0.164452 0.014995 0.039867
0 0.731022 0.156146 0.014995 0.043189
0 0.660731 0.267442 0.024367 0.051495
0 0.536082 0.328904 0.023430 0.053156
0 0.756326 0.232558 0.021556 0.048173
0 0.596064 0.099668 0.018744 0.028239
0 0.356139 0.224252 0.015933 0.028239
0 0.462980 0.237542 0.019681 0.028239
0 0.385192 0.204319 0.021556 0.038206
0 0.778819 0.117940 0.013121 0.028239
0 0.835052 0.137874 0.014995 0.033223
0 0.857545 0.172757 0.014995 0.036545
0 0.933458 0.174419 0.014995 0.029900
0 0.895970 0.127907 0.011246 0.033223
0 0.451734 0.187708 0.019681 0.034884
0 0.467666 0.204319 0.024367 0.036545
0 0.555764 0.157807 0.017807 0.038206
