0 0.884444 0.339450 0.022222 0.040033
0 0.138889 0.915763 0.137778 0.167640
0 0.260556 0.360300 0.032778 0.056714
0 0.175556 0.322769 0.026667 0.031693
0 0.378333 0.386155 0.037778 0.069224
0 0.603333 0.261885 0.015556 0.025021
0 0.433333 0.347790 0.019444 0.047540
0 0.577778 0.297748 0.017222 0.023353
0 0.393333 0.303586 0.018889 0.029191
0 0.046667 0.301084 0.021667 0.031693
0 0.017778 0.405338 0.033333 0.065888
0 0.420556 0.477898 0.058889 0.085905
0 0.614444 0.321101 0.015556 0.030859
0 0.126667 0.346122 0.041111 0.055046
0 0.941111 0.391993 0.027778 0.041701
0 0.680556 0.295246 0.015000 0.031693
0 0.299444 0.303586 0.029444 0.040867
0 0.545000 0.452877 0.039444 0.073394
0 0.478889 0.279399 0.016667 0.025021
0 0.735000 0.323603 0.014444 0.034195
0 0.661111 0.339450 0.021111 0.033361
0 0.418333 0.355296 0.031111 0.051710
0 0.701111 0.280234 0.015000 0.025855
0 0.184444 0.458716 0.074444 0.089241
0 0.167778 0.290242 0.026111 0.029191
0 0.073889 0.342786 0.037778 0.048374
0 0.770556 0.330275 0.018333 0.030025
0 0.640000 0.354462 0.019444 0.027523
0 0.977222 0.375313 0.018889 0.030025
0 0.242222 0.289408 0.019444 0.034195
0 0.135000 0.379483 0.043333 0.058382
0 0.686111 0.271893 0.013333 0.020017
0 0.793333 0.346122 0.020000 0.038365
0 0.713889 0.401168 0.031667 0.049208
0 0.121667 0.294412 0.029444 0.040867
0 0.638889 0.487073 0.051111 0.083403
0 0.958333 0.382819 0.022222 0.037531
0 0.425000 0.290242 0.015556 0.030025
0 0.437778 0.307756 0.017778 0.032527
0 0.776667 0.352794 0.022778 0.030025
0 0.464444 0.312761 0.023333 0.036697
0 0.038889 0.461218 0.062222 0.086739
0 0.733333 0.306088 0.020000 0.026689
0 0.516111 0.310259 0.022778 0.025855
0 0.153889 0.321101 0.025556 0.038365
0 0.696667 0.346956 0.025556 0.036697
0 0.273333 0.307756 0.027778 0.037531
0 0.175000 0.349458 0.032222 0.043369
0 0.840000 0.390325 0.029444 0.041701
0 0.407778 0.291910 0.017778 0.026689
0 0.867222 0.305254 0.019444 0.031693
0 0.210556 0.541284 0.073889 0.126772
0 0.611111 0.291076 0.015000 0.025021
0 0.339444 0.581318 0.081111 0.135947
0 0.341111 0.296080 0.022778 0.035863
0 0.755556 0.378649 0.028889 0.045872
0 0.452222 0.321101 0.017222 0.030025
0 0.338889 0.448707 0.052222 0.076731
0 0.211667 0.290242 0.028889 0.040867
0 0.524444 0.395329 0.029444 0.052544
0 0.526667 0.292744 0.016111 0.024187
0 0.447778 0.285238 0.013889 0.025021
0 0.751667 0.531276 0.056667 0.088407
0 0.858333 0.455379 0.031111 0.055880
0 0.826667 0.477064 0.040000 0.064220
0 0.855000 0.362802 0.020556 0.035863
0 0.701667 0.163470 0.012778 0.020851
0 0.803333 0.416180 0.028333 0.055046
0 0.837222 0.331943 0.017778 0.035029
0 0.717222 0.276897 0.017778 0.024187
0 0.652778 0.374479 0.021111 0.041701
0 0.787222 0.286072 0.015000 0.024187
0 0.570000 0.270225 0.013333 0.025855
0 0.668333 0.582986 0.057778 0.107590
0 0.451667 0.388657 0.040556 0.061718
0 0.662222 0.260217 0.017222 0.023353
0 0.740000 0.355296 0.020000 0.041701
0 0.333889 0.325271 0.027222 0.046706
0 0.368333 0.285238 0.026111 0.036697
0 0.991111 0.343620 0.013889 0.037531
0 0.544444 0.306088 0.013333 0.025021
0 0.630556 0.426188 0.039444 0.059216
0 0.853889 0.316097 0.016111 0.030025
0 0.835556 0.290242 0.016667 0.023353
0 0.284444 0.417014 0.044444 0.065888
0 0.178333 0.401168 0.043889 0.065054
0 0.089444 0.309425 0.028889 0.035863
0 0.820556 0.338616 0.017222 0.031693
0 0.671111 0.412844 0.035556 0.056714
0 0.634444 0.278565 0.014444 0.021685
0 0.515000 0.669725 0.083889 0.156797
0 0.231667 0.321935 0.027222 0.046706
0 0.587222 0.345288 0.020556 0.036697
0 0.890000 0.432027 0.033889 0.055046
0 0.922778 0.303586 0.019444 0.031693
0 0.285556 0.291076 0.022222 0.030025
0 0.890556 0.382819 0.023889 0.041701
0 0.527778 0.365304 0.029444 0.040867
0 0.922778 0.412844 0.027778 0.048374
0 0.368889 0.318599 0.022222 0.038365
0 0.487222 0.293578 0.015556 0.023353
0 0.391667 0.280234 0.014444 0.025021
0 0.011667 0.365304 0.022778 0.046706
0 0.761111 0.422852 0.032778 0.063386
0 0.590000 0.326939 0.018889 0.025855
0 0.548333 0.266889 0.013889 0.026689
