0 0.877301 0.237925 0.018405 0.046512
0 0.706544 0.112701 0.014315 0.026834
0 0.851738 0.153846 0.012270 0.028623
0 0.684049 0.116279 0.014315 0.026834
0 0.329243 0.186047 0.017382 0.035778
0 0.657464 0.180680 0.017382 0.039356
0 0.730061 0.234347 0.018405 0.042934
0 0.575665 0.137746 0.014315 0.030411
0 0.943763 0.191413 0.013292 0.030411
0 0.443763 0.241503 0.023517 0.039356
0 0.448875 0.189624 0.015337 0.033989
0 0.660532 0.134168 0.009202 0.021467
0 0.557260 0.186047 0.014315 0.037567
0 0.430470 0.388193 0.050102 0.093023
0 0.749489 0.134168 0.014315 0.028623
0 0.418200 0.186047 0.015337 0.037567
0 0.748466 0.194991 0.019427 0.042934
0 0.871166 0.169946 0.013292 0.035778
0 0.294479 0.211091 0.014315 0.028623
0 0.424335 0.155635 0.014315 0.021467
0 0.367076 0.211091 0.013292 0.030411
0 0.934560 0.207513 0.015337 0.037567
0 0.378323 0.228980 0.017382 0.037567
0 0.888548 0.218247 0.014315 0.039356
0 0.792434 0.168157 0.013292 0.030411
0 0.893661 0.189624 0.012270 0.035778
0 0.592025 0.153846 0.013292 0.033989
0 0.437628 0.166369 0.014315 0.028623
0 0.353783 0.220036 0.017382 0.042934
0 0.686094 0.252236 0.019427 0.051878
0 0.905930 0.177102 0.012270 0.030411
0 0.783231 0.153846 0.012270 0.030411
0 0.615542 0.220036 0.022495 0.044723
0 0.520450 0.178891 0.015337 0.030411
0 0.820041 0.130590 0.015337 0.035778
0 0.675869 0.132379 0.014315 0.026834
0 0.652352 0.218247 0.020450 0.042934
0 0.725971 0.171735 0.017382 0.033989
0 0.779141 0.132379 0.013292 0.028623
0 0.799591 0.202147 0.016360 0.041145
0 0.759714 0.347048 0.034765 0.064401
0 0.510225 0.150268 0.011247 0.026834
0 0.640082 0.153846 0.014315 0.030411
0 0.733129 0.146691 0.018405 0.033989
0 0.816973 0.250447 0.022495 0.048301
0 0.602249 0.168157 0.017382 0.035778
0 0.711656 0.186047 0.018405 0.044723
0 0.650307 0.118068 0.011247 0.025045
0 0.761759 0.245081 0.025562 0.053667
0 0.918200 0.228980 0.016360 0.037567
0 0.462168 0.205725 0.020450 0.037567
0 0.481595 0.148479 0.014315 0.026834
0 0.635992 0.121646 0.011247 0.026834
0 0.515337 0.130590 0.011247 0.016100
0 0.698364 0.178891 0.014315 0.037567
0 0.694274 0.316637 0.032720 0.071556
0 0.287321 0.236136 0.016360 0.033989
0 0.633947 0.248658 0.026585 0.057245
0 0.793456 0.293381 0.028630 0.057245
0 0.496933 0.127013 0.010225 0.025045
0 0.621677 0.137746 0.014315 0.032200
0 0.494888 0.182469 0.015337 0.030411
0 0.393661 0.161002 0.012270 0.026834
0 0.849693 0.216458 0.013292 0.033989
0 0.534765 0.161002 0.014315 0.032200
0 0.598160 0.134168 0.013292 0.021467
0 0.907975 0.155635 0.014315 0.032200
0 0.408998 0.168157 0.012270 0.026834
0 0.839468 0.164580 0.014315 0.035778
0 0.804703 0.135957 0.012270 0.030411
0 0.346626 0.189624 0.013292 0.033989
0 0.561350 0.164580 0.012270 0.028623
0 0.396728 0.207513 0.015337 0.037567
0 0.930470 0.252236 0.019427 0.039356
0 0.836401 0.216458 0.014315 0.041145
0 0.592025 0.123435 0.010225 0.026834
0 0.406953 0.237925 0.016360 0.037567
0 0.651329 0.144902 0.011247 0.032200
0 0.816973 0.203936 0.016360 0.032200
0 0.862986 0.182469 0.015337 0.032200
0 0.829243 0.173524 0.014315 0.035778
