0 0.757634 0.541806 0.064885 0.133779
0 0.314885 0.541806 0.062977 0.107023
0 0.412214 0.471572 0.049618 0.083612
0 0.727099 0.682274 0.101145 0.214047
0 0.240458 0.404682 0.040076 0.076923
0 0.034351 0.515050 0.047710 0.093645
0 0.732824 0.431438 0.045802 0.080268
0 0.158397 0.441472 0.043893 0.083612
0 0.524809 0.454849 0.041985 0.086957
0 0.545802 0.752508 0.137405 0.214047
0 0.435115 0.311037 0.028626 0.056856
0 0.862595 0.511706 0.064885 0.130435
0 0.208015 0.441472 0.045802 0.080268
0 0.442748 0.454849 0.032443 0.070234
0 0.297710 0.421405 0.040076 0.063545
0 0.400763 0.431438 0.038168 0.063545
0 0.057252 0.645485 0.072519 0.133779
0 0.185115 0.909699 0.173664 0.177258
0 0.366412 0.478261 0.041985 0.076923
0 0.935115 0.528428 0.070611 0.133779
0 0.305344 0.474916 0.043893 0.073579
0 0.635496 0.451505 0.041985 0.080268
0 0.610687 0.505017 0.051527 0.117057
0 0.204198 0.531773 0.055344 0.100334
0 0.364504 0.672241 0.103053 0.183946
0 0.561069 0.602007 0.074427 0.143813
