0 0.851992 0.166389 0.020873 0.033278
0 0.849146 0.209651 0.031309 0.049917
0 0.355787 0.256240 0.021822 0.054908
0 0.266603 0.264559 0.022770 0.049917
0 0.293169 0.267887 0.020873 0.041597
0 0.888994 0.201331 0.018027 0.041597
0 0.420304 0.186356 0.018027 0.028286
0 0.850095 0.307820 0.031309 0.053245
0 0.502846 0.159734 0.015180 0.038270
0 0.494307 0.141431 0.016129 0.033278
0 0.680266 0.214642 0.019924 0.049917
0 0.764706 0.302829 0.035104 0.046589
0 0.326376 0.247920 0.020873 0.038270
0 0.715370 0.194676 0.023719 0.044925
0 0.925996 0.269551 0.025617 0.059900
0 0.538899 0.169717 0.018027 0.024958
0 0.211575 0.430948 0.059772 0.094842
0 0.896584 0.183028 0.015180 0.036606
0 0.814042 0.194676 0.021822 0.029950
0 0.537002 0.217970 0.022770 0.039933
0 0.623340 0.211314 0.023719 0.046589
0 0.700190 0.251248 0.024668 0.044925
0 0.595825 0.168053 0.020873 0.038270
0 0.775142 0.146423 0.018027 0.043261
0 0.558824 0.164725 0.019924 0.038270
0 0.789374 0.214642 0.023719 0.044925
0 0.481025 0.198003 0.015180 0.036606
0 0.654649 0.123128 0.021822 0.031614
0 0.667932 0.271215 0.023719 0.051581
0 0.932638 0.217970 0.026565 0.044925
0 0.520873 0.149750 0.017078 0.031614
0 0.366224 0.211314 0.015180 0.039933
0 0.857685 0.274542 0.030361 0.069884
0 0.395636 0.271215 0.027514 0.034942
0 0.713472 0.149750 0.018027 0.034942
0 0.593928 0.297837 0.025617 0.048253
0 0.744782 0.174709 0.015180 0.036606
0 0.860531 0.141431 0.023719 0.049917
0 0.590133 0.222962 0.024668 0.061564
0 0.457306 0.151414 0.018975 0.033278
0 0.663188 0.189684 0.019924 0.038270
0 0.476281 0.239601 0.027514 0.038270
0 0.388994 0.186356 0.016129 0.029950
0 0.757116 0.201331 0.020873 0.038270
0 0.397533 0.301165 0.026565 0.039933
0 0.572106 0.123128 0.019924 0.036606
0 0.513283 0.309484 0.039848 0.054908
0 0.447818 0.209651 0.022770 0.028286
0 0.906072 0.161398 0.023719 0.041597
0 0.611954 0.133111 0.018975 0.031614
0 0.745731 0.121464 0.015180 0.039933
0 0.407021 0.222962 0.018975 0.036606
0 0.578748 0.171381 0.016129 0.033278
0 0.773245 0.239601 0.024668 0.046589
0 0.655598 0.146423 0.024668 0.031614
0 0.687856 0.139767 0.021822 0.046589
0 0.723909 0.148087 0.018975 0.036606
0 0.729602 0.297837 0.028463 0.049917
0 0.321632 0.219634 0.017078 0.028286
