0 0.589336 0.123980 0.012161 0.034258
0 0.588400 0.161501 0.020580 0.035889
0 0.924228 0.236542 0.023386 0.050571
0 0.837231 0.344209 0.028064 0.061990
0 0.542563 0.319739 0.028999 0.071778
0 0.231057 0.272431 0.027128 0.053834
0 0.312442 0.230016 0.019645 0.029364
0 0.735267 0.135400 0.015903 0.027732
0 0.442470 0.189233 0.018709 0.040783
0 0.364827 0.261011 0.020580 0.042414
0 0.473340 0.202284 0.019645 0.040783
0 0.385407 0.259380 0.021515 0.044046
0 0.916745 0.282219 0.021515 0.045677
0 0.709074 0.150082 0.017774 0.032626
0 0.360150 0.195759 0.015903 0.030995
0 0.607109 0.262643 0.028064 0.063622
0 0.788587 0.189233 0.022451 0.044046
0 0.280636 0.262643 0.021515 0.027732
0 0.889616 0.195759 0.014967 0.042414
0 0.564079 0.127243 0.014032 0.029364
0 0.843779 0.185971 0.020580 0.034258
0 0.786717 0.148450 0.016838 0.034258
0 0.608045 0.132137 0.012161 0.029364
0 0.690365 0.197390 0.018709 0.040783
0 0.642657 0.127243 0.018709 0.030995
0 0.491113 0.314845 0.028999 0.055465
0 0.666043 0.218597 0.024322 0.045677
0 0.201123 0.398042 0.038354 0.078303
0 0.502339 0.189233 0.018709 0.037520
0 0.738073 0.197390 0.022451 0.042414
0 0.684752 0.158238 0.017774 0.039152
0 0.787652 0.244698 0.020580 0.053834
0 0.718428 0.172920 0.017774 0.032626
0 0.858746 0.259380 0.024322 0.055465
0 0.493920 0.154976 0.014967 0.032626
0 0.615529 0.215334 0.022451 0.039152
0 0.431244 0.241436 0.023386 0.037520
0 0.455566 0.161501 0.016838 0.039152
0 0.579046 0.140294 0.014967 0.027732
0 0.597755 0.329527 0.031805 0.063622
0 0.347989 0.216966 0.020580 0.035889
0 0.762395 0.171289 0.019645 0.037520
0 0.770814 0.135400 0.014967 0.035889
0 0.706268 0.225122 0.023386 0.047308
0 0.408793 0.192496 0.016838 0.039152
0 0.378859 0.205546 0.016838 0.029364
0 0.826941 0.199021 0.018709 0.040783
0 0.274088 0.241436 0.017774 0.030995
0 0.826941 0.143556 0.019645 0.042414
0 0.666978 0.259380 0.028999 0.060359
0 0.668849 0.177814 0.018709 0.035889
0 0.536015 0.161501 0.019645 0.032626
0 0.346118 0.259380 0.020580 0.044046
0 0.676333 0.115824 0.016838 0.035889
0 0.807297 0.177814 0.017774 0.044046
0 0.579046 0.225122 0.021515 0.048940
0 0.890552 0.174551 0.014032 0.030995
0 0.529467 0.195759 0.021515 0.040783
0 0.398503 0.221860 0.020580 0.037520
0 0.892423 0.153344 0.012161 0.032626
0 0.294668 0.252855 0.018709 0.040783
0 0.615529 0.145188 0.016838 0.027732
0 0.469598 0.234910 0.021515 0.039152
