0 0.730733 0.276158 0.028544 0.056604
0 0.745005 0.358491 0.030447 0.068611
0 0.708849 0.205832 0.024738 0.049743
0 0.663178 0.198971 0.019029 0.036021
0 0.823977 0.245283 0.020932 0.056604
0 0.463368 0.250429 0.039962 0.077187
0 0.745005 0.212693 0.016175 0.044597
0 0.609895 0.209262 0.023787 0.048027
0 0.815414 0.392796 0.036156 0.080617
0 0.765937 0.224700 0.022835 0.046312
0 0.910561 0.401372 0.038059 0.092624
0 0.538535 0.193825 0.019981 0.041166
0 0.601332 0.169811 0.020932 0.044597
0 0.674596 0.269297 0.029496 0.060034
0 0.674596 0.216123 0.021884 0.048027
