0 0.797034 0.174342 0.017609 0.036184
0 0.487488 0.131579 0.011121 0.024671
0 0.453197 0.194079 0.013902 0.031250
0 0.508804 0.194079 0.013902 0.023026
0 0.430028 0.268092 0.019462 0.041118
0 0.861909 0.123355 0.010195 0.024671
0 0.582020 0.152961 0.014829 0.034539
0 0.732159 0.110197 0.012048 0.032895
0 0.301205 0.263158 0.020389 0.036184
0 0.886006 0.179276 0.013902 0.023026
0 0.320667 0.222039 0.012975 0.031250
0 0.646895 0.169408 0.016682 0.027961
0 0.806302 0.128289 0.012048 0.026316
0 0.886932 0.154605 0.014829 0.024671
0 0.453197 0.166118 0.012975 0.027961
0 0.873031 0.194079 0.014829 0.026316
0 0.699722 0.208882 0.017609 0.041118
0 0.607044 0.212171 0.022243 0.032895
0 0.288230 0.259868 0.013902 0.032895
0 0.748842 0.235197 0.018536 0.052632
0 0.753475 0.125000 0.012048 0.024671
0 0.707136 0.287829 0.024096 0.047697
0 0.740500 0.141447 0.014829 0.026316
0 0.379055 0.203947 0.011121 0.023026
0 0.559778 0.291118 0.025023 0.049342
0 0.597776 0.335526 0.028730 0.055921
0 0.669138 0.120066 0.012975 0.027961
0 0.607970 0.253289 0.023170 0.042763
0 0.423540 0.180921 0.015755 0.024671
0 0.846154 0.154605 0.014829 0.029605
0 0.525487 0.134868 0.015755 0.031250
0 0.101019 0.399671 0.035218 0.075658
0 0.567192 0.110197 0.012048 0.021382
0 0.260426 0.281250 0.018536 0.032895
0 0.846154 0.189145 0.012048 0.032895
0 0.547729 0.154605 0.016682 0.031250
0 0.925857 0.161184 0.014829 0.037829
0 0.647822 0.207237 0.015755 0.037829
0 0.807229 0.156250 0.012048 0.029605
0 0.484708 0.294408 0.027804 0.046053
0 0.686747 0.179276 0.012975 0.029605
0 0.616311 0.139803 0.012975 0.026316
0 0.672845 0.238487 0.018536 0.041118
0 0.639481 0.103618 0.012975 0.027961
0 0.452271 0.141447 0.012975 0.024671
0 0.727525 0.152961 0.014829 0.029605
0 0.374421 0.222039 0.017609 0.027961
0 0.417053 0.220395 0.019462 0.034539
0 0.685820 0.136513 0.012975 0.023026
0 0.612604 0.097039 0.012048 0.021382
0 0.743281 0.180921 0.014829 0.029605
0 0.776645 0.116776 0.014829 0.026316
0 0.562558 0.243421 0.021316 0.041118
0 0.344764 0.210526 0.015755 0.031250
0 0.410565 0.167763 0.011121 0.026316
0 0.862836 0.148026 0.012048 0.026316
0 0.691381 0.100329 0.011121 0.026316
0 0.776645 0.282895 0.023170 0.057566
0 0.496756 0.228618 0.020389 0.036184
0 0.545876 0.190789 0.016682 0.031250
0 0.668211 0.343750 0.025023 0.059211
0 0.860982 0.215461 0.017609 0.036184
0 0.613531 0.120066 0.011121 0.021382
0 0.479147 0.162829 0.013902 0.026316
0 0.594995 0.115132 0.014829 0.021382
0 0.751622 0.152961 0.014829 0.029605
0 0.465246 0.197368 0.015755 0.027961
0 0.382762 0.192434 0.011121 0.021382
0 0.704356 0.134868 0.012975 0.029605
0 0.629286 0.123355 0.011121 0.024671
0 0.748842 0.101974 0.012975 0.024671
0 0.826691 0.134868 0.013902 0.031250
