0 0.484142 0.293160 0.025187 0.061889
0 0.479478 0.128664 0.015858 0.027687
0 0.666045 0.112378 0.019590 0.040717
0 0.551306 0.105863 0.010261 0.024430
0 0.783582 0.281759 0.031716 0.063518
0 0.642724 0.197068 0.021455 0.042345
0 0.693097 0.219870 0.024254 0.047231
0 0.846082 0.149837 0.018657 0.030945
0 0.560634 0.245928 0.025187 0.048860
0 0.499067 0.188925 0.018657 0.035831
0 0.342351 0.275244 0.022388 0.045603
0 0.608209 0.254072 0.025187 0.043974
0 0.345149 0.201954 0.019590 0.047231
0 0.581157 0.092834 0.014925 0.030945
0 0.858209 0.123779 0.015858 0.030945
0 0.079291 0.434853 0.044776 0.097720
0 0.876866 0.185668 0.020522 0.039088
0 0.369403 0.193811 0.019590 0.030945
0 0.478545 0.157980 0.018657 0.035831
0 0.302239 0.252443 0.020522 0.050489
0 0.512127 0.151466 0.019590 0.035831
0 0.805037 0.241042 0.024254 0.053746
0 0.731343 0.109121 0.010261 0.022801
0 0.687500 0.141694 0.019590 0.039088
0 0.861940 0.219870 0.022388 0.040717
0 0.667910 0.317590 0.029851 0.060261
0 0.752799 0.148208 0.016791 0.043974
0 0.635261 0.092834 0.011194 0.021173
0 0.544776 0.144951 0.013993 0.030945
0 0.449627 0.135179 0.015858 0.029316
0 0.424440 0.257329 0.026119 0.053746
0 0.921642 0.151466 0.015858 0.029316
0 0.743470 0.115635 0.012127 0.027687
0 0.248134 0.275244 0.020522 0.037459
0 0.433769 0.224756 0.016791 0.034202
0 0.583955 0.118893 0.014925 0.032573
0 0.437500 0.193811 0.016791 0.029316
0 0.424440 0.205212 0.015858 0.034202
0 0.404851 0.164495 0.017724 0.029316
0 0.822761 0.138436 0.015858 0.032573
0 0.760261 0.123779 0.017724 0.034202
0 0.286381 0.262215 0.025187 0.043974
0 0.791045 0.167752 0.018657 0.035831
0 0.613806 0.131922 0.017724 0.039088
0 0.424440 0.177524 0.019590 0.029316
0 0.761194 0.219870 0.027985 0.052117
0 0.918843 0.197068 0.016791 0.042345
0 0.688433 0.091205 0.016791 0.032573
0 0.778918 0.112378 0.011194 0.030945
0 0.602612 0.206840 0.027052 0.047231
0 0.653918 0.245928 0.030784 0.050489
0 0.360075 0.206840 0.018657 0.037459
0 0.698694 0.127036 0.018657 0.037459
0 0.319963 0.255700 0.023321 0.040717
0 0.889925 0.135179 0.011194 0.027687
0 0.727612 0.187296 0.020522 0.037459
0 0.541978 0.298046 0.027052 0.052117
0 0.635261 0.115635 0.013993 0.022801
0 0.688433 0.175896 0.018657 0.048860
0 0.465485 0.149837 0.012127 0.029316
0 0.597948 0.314332 0.032649 0.065147
0 0.460821 0.187296 0.021455 0.042345
0 0.716418 0.273616 0.025187 0.060261
0 0.314366 0.206840 0.020522 0.040717
0 0.614739 0.091205 0.016791 0.024430
0 0.807836 0.115635 0.013993 0.027687
0 0.527985 0.128664 0.013993 0.027687
0 0.736007 0.127036 0.015858 0.030945
0 0.840485 0.187296 0.018657 0.042345
0 0.564366 0.172638 0.020522 0.035831
0 0.885261 0.161238 0.014925 0.029316
0 0.651119 0.166124 0.018657 0.034202
0 0.486940 0.218241 0.026119 0.048860
0 0.391791 0.206840 0.021455 0.039088
0 0.638993 0.050489 0.013060 0.029316
0 0.454291 0.161238 0.013993 0.027687
0 0.513993 0.198697 0.018657 0.040717
0 0.574627 0.146580 0.018657 0.035831
