0 0.468333 0.405542 0.081667 0.130982
0 0.686667 0.375315 0.066667 0.115869
0 0.588333 0.380353 0.065000 0.113350
0 0.871667 0.486146 0.106667 0.181360
0 0.296667 0.287154 0.050000 0.083123
0 0.225000 0.413098 0.090000 0.143577
0 0.020000 0.307305 0.036667 0.098237
0 0.498333 0.319899 0.056667 0.110831
0 0.103333 0.317380 0.071667 0.115869
0 0.408333 0.468514 0.085000 0.146096
0 0.218333 0.254408 0.060000 0.078086
0 0.811667 0.397985 0.086667 0.138539
0 0.231667 0.314861 0.066667 0.108312
0 0.280000 0.360202 0.063333 0.093199
0 0.606667 0.516373 0.098333 0.153652
0 0.360000 0.619647 0.131667 0.241814
0 0.435000 0.332494 0.060000 0.103275
0 0.091667 0.536524 0.106667 0.181360
0 0.021667 0.403023 0.040000 0.113350
0 0.768333 0.347607 0.060000 0.103275
0 0.928333 0.377834 0.085000 0.146096
0 0.088333 0.433249 0.081667 0.123426
