0 0.644000 0.571429 0.051600 0.087635
0 0.304400 0.599040 0.043200 0.088235
0 0.800000 0.785114 0.094800 0.145258
0 0.246800 0.542017 0.047600 0.086435
0 0.664800 0.626651 0.064400 0.103842
0 0.831200 0.642257 0.058400 0.093037
0 0.106800 0.637455 0.066400 0.096639
0 0.761200 0.592437 0.049600 0.081032
0 0.131600 0.536615 0.044000 0.076230
0 0.814400 0.548019 0.042000 0.070228
0 0.620400 0.354742 0.029200 0.054622
0 0.966800 0.741297 0.066400 0.127851
0 0.045600 0.586435 0.064000 0.074430
0 0.716800 0.558824 0.038800 0.067227
0 0.334000 0.558223 0.040800 0.066627
0 0.909600 0.590636 0.051200 0.085834
0 0.982400 0.573830 0.035200 0.081032
0 0.978800 0.646459 0.042400 0.075030
0 0.912800 0.536014 0.041200 0.067227
0 0.198800 0.563025 0.052400 0.084034
0 0.277600 0.619448 0.052400 0.101441
