0 0.101562 0.522422 0.029687 0.033632
0 0.015625 0.551570 0.029687 0.049327
0 0.496875 0.511211 0.015625 0.022422
0 0.406250 0.549327 0.037500 0.062780
0 0.032813 0.542601 0.021875 0.035874
0 0.643750 0.558296 0.046875 0.062780
0 0.342187 0.544843 0.051562 0.076233
0 0.684375 0.547085 0.031250 0.047085
0 0.567187 0.520179 0.021875 0.031390
0 0.431250 0.517937 0.023438 0.033632
0 0.187500 0.773543 0.151562 0.197309
0 0.512500 0.520179 0.020313 0.026906
0 0.525000 0.540359 0.028125 0.042601
0 0.145313 0.526906 0.023438 0.035874
0 0.260937 0.479821 0.045312 0.069507
0 0.685937 0.596413 0.054688 0.089686
0 0.921875 0.869955 0.143750 0.219731
0 0.498437 0.600897 0.062500 0.087444
