0 0.255000 0.200000 0.126667 0.186667
0 0.118333 0.411111 0.188333 0.268889
0 0.628333 0.648889 0.293333 0.433333
0 0.841667 0.337778 0.146667 0.166667
0 0.498333 0.122222 0.098333 0.191111
0 0.395000 0.173333 0.036667 0.064444
0 0.658333 0.286667 0.091667 0.155556
0 0.916667 0.146667 0.043333 0.046667
0 0.863333 0.184444 0.043333 0.080000
0 0.350000 0.215556 0.055000 0.097778
0 0.650000 0.168889 0.041667 0.066667
0 0.780000 0.166667 0.045000 0.062222
0 0.713333 0.168889 0.050000 0.084444
0 0.183333 0.171111 0.058333 0.075556
0 0.425000 0.208889 0.043333 0.095556
