0 0.858390 0.198962 0.019399 0.044983
0 0.698351 0.318339 0.031038 0.062284
0 0.502425 0.164360 0.014549 0.031142
0 0.751697 0.351211 0.031038 0.069204
0 0.621726 0.108997 0.012609 0.022491
0 0.457808 0.155709 0.015519 0.025952
0 0.645975 0.152249 0.014549 0.029412
0 0.658584 0.145329 0.013579 0.025952
0 0.875849 0.176471 0.013579 0.029412
0 0.937924 0.240484 0.017459 0.044983
0 0.703201 0.131488 0.015519 0.034602
0 0.831232 0.179931 0.013579 0.027682
0 0.320078 0.237024 0.020369 0.036332
0 0.838991 0.162630 0.013579 0.032872
0 0.917556 0.173010 0.015519 0.031142
0 0.926285 0.252595 0.015519 0.046713
0 0.599418 0.155709 0.014549 0.036332
0 0.937924 0.207612 0.017459 0.038062
0 0.358875 0.198962 0.017459 0.036332
0 0.705141 0.205882 0.016489 0.043253
0 0.592629 0.242215 0.023278 0.051903
0 0.448109 0.214533 0.014549 0.039792
0 0.804074 0.171280 0.013579 0.029412
0 0.685742 0.178201 0.018429 0.038062
0 0.844811 0.216263 0.016489 0.039792
0 0.587779 0.197232 0.018429 0.031142
0 0.846751 0.320069 0.021339 0.057093
0 0.530553 0.285467 0.026188 0.057093
0 0.679922 0.262976 0.025218 0.046713
0 0.828322 0.359862 0.030068 0.064014
0 0.914646 0.384083 0.019399 0.065744
0 0.637245 0.136678 0.013579 0.027682
0 0.765276 0.153979 0.015519 0.036332
0 0.881668 0.155709 0.012609 0.032872
0 0.644035 0.209343 0.021339 0.041522
0 0.537342 0.155709 0.014549 0.031142
0 0.811833 0.273356 0.023278 0.058824
0 0.414161 0.207612 0.020369 0.036332
0 0.477207 0.160900 0.013579 0.029412
0 0.774006 0.185121 0.019399 0.039792
0 0.324927 0.209343 0.018429 0.036332
0 0.208535 0.363322 0.046557 0.076125
0 0.506305 0.145329 0.011639 0.024221
0 0.608147 0.321799 0.032978 0.069204
0 0.898157 0.423875 0.029098 0.074394
0 0.672163 0.214533 0.021339 0.039792
0 0.730359 0.224913 0.020369 0.044983
0 0.895247 0.205882 0.016489 0.051903
0 0.710960 0.167820 0.015519 0.034602
0 0.576140 0.153979 0.012609 0.032872
0 0.792435 0.307958 0.024248 0.057093
0 0.484966 0.223183 0.019399 0.039792
0 0.588749 0.275087 0.025218 0.050173
0 0.532493 0.124567 0.012609 0.019031
0 0.607177 0.133218 0.016489 0.029412
0 0.559651 0.183391 0.013579 0.032872
0 0.873909 0.299308 0.020369 0.046713
0 0.689622 0.128028 0.011639 0.022491
0 0.883608 0.228374 0.018429 0.044983
0 0.426770 0.186851 0.015519 0.025952
0 0.744908 0.179931 0.015519 0.039792
0 0.646945 0.107266 0.011639 0.022491
0 0.794374 0.223183 0.015519 0.044983
0 0.419011 0.169550 0.015519 0.025952
0 0.661494 0.112457 0.011639 0.029412
0 0.868089 0.193772 0.013579 0.032872
0 0.554801 0.129758 0.010669 0.024221
0 0.477207 0.134948 0.012609 0.025952
0 0.639185 0.257785 0.023278 0.044983
0 0.513094 0.131488 0.012609 0.024221
0 0.516974 0.143599 0.015519 0.029412
0 0.463628 0.190311 0.017459 0.034602
0 0.756547 0.133218 0.012609 0.031142
