0 0.335291 0.434675 0.027726 0.054732
0 0.247415 0.508475 0.034539 0.055085
0 0.687030 0.416667 0.027726 0.053672
0 0.481438 0.513771 0.032425 0.065325
0 0.121711 0.507062 0.037359 0.064266
0 0.804041 0.527189 0.031250 0.067444
0 0.665648 0.430791 0.027726 0.048729
0 0.281720 0.463277 0.032425 0.054025
0 0.117246 0.440325 0.028195 0.049788
0 0.364192 0.514124 0.037359 0.068856
0 0.304041 0.514124 0.033130 0.062500
0 0.320489 0.407839 0.028195 0.052966
0 0.922932 0.518715 0.036419 0.067444
0 0.727679 0.504944 0.031720 0.068503
0 0.476269 0.425494 0.024906 0.052966
0 0.702773 0.487288 0.030310 0.053672
0 0.617246 0.508121 0.033365 0.072740
0 0.387453 0.447387 0.028195 0.055085
0 0.755639 0.421963 0.032425 0.051201
0 0.285009 0.417726 0.027021 0.043785
0 0.845865 0.503884 0.030310 0.064266
0 0.500705 0.405014 0.024201 0.043432
0 0.523966 0.426907 0.027726 0.045551
0 0.412359 0.418432 0.028195 0.054025
0 0.256344 0.414548 0.033130 0.056144
0 0.669643 0.500706 0.031720 0.060381
0 0.218985 0.434322 0.034539 0.055791
0 0.167293 0.462924 0.030310 0.063559
0 0.174812 0.539195 0.035949 0.060028
0 0.521147 0.474929 0.034539 0.064266
0 0.779605 0.510946 0.027726 0.060381
0 0.592340 0.407839 0.029135 0.040254
0 0.568374 0.439972 0.025611 0.048729
0 0.611372 0.429732 0.026786 0.050847
0 0.578947 0.525071 0.033835 0.058969
0 0.422227 0.508828 0.031720 0.058263
0 0.878759 0.520833 0.031015 0.056850
0 0.441024 0.437853 0.023496 0.055085
