0 0.323333 0.501241 0.046667 0.071960
0 0.708333 0.602978 0.078333 0.124069
0 0.170000 0.349876 0.093333 0.163772
0 0.778333 0.374690 0.025000 0.057072
0 0.570000 0.523573 0.051667 0.079404
0 0.481667 0.538462 0.061667 0.121588
0 0.278333 0.538462 0.051667 0.081886
0 0.786667 0.496278 0.050000 0.084367
0 0.270000 0.478908 0.046667 0.069479
0 0.600000 0.468983 0.033333 0.059553
0 0.683333 0.719603 0.120000 0.193548
0 0.410000 0.545906 0.063333 0.101737
0 0.595000 0.598015 0.061667 0.121588
0 0.878333 0.327543 0.091667 0.153846
0 0.350000 0.560794 0.053333 0.094293
0 0.675000 0.468983 0.038333 0.064516
0 0.736667 0.466501 0.045000 0.064516
