0 0.659694 0.218440 0.012872 0.024113
0 0.630732 0.290780 0.017699 0.038298
0 0.808528 0.299291 0.015286 0.031206
0 0.921963 0.347518 0.011263 0.038298
0 0.810137 0.499291 0.028962 0.065248
0 0.552695 0.286525 0.019308 0.036879
0 0.832663 0.435461 0.021722 0.059574
0 0.518101 0.258156 0.015286 0.029787
0 0.889783 0.296454 0.014481 0.038298
0 0.900241 0.463830 0.027353 0.070922
0 0.810137 0.275177 0.016090 0.034043
0 0.397426 0.253901 0.016090 0.032624
0 0.851971 0.417021 0.024940 0.049645
0 0.455350 0.253901 0.013677 0.028369
0 0.669348 0.436879 0.033789 0.055319
0 0.106999 0.517730 0.049075 0.093617
0 0.728077 0.262411 0.012872 0.036879
0 0.446500 0.269504 0.016895 0.034043
0 0.548673 0.228369 0.016895 0.028369
0 0.702333 0.259574 0.014481 0.034043
0 0.864039 0.260993 0.013677 0.034043
0 0.533387 0.373050 0.026549 0.052482
0 0.439260 0.306383 0.021722 0.036879
0 0.923572 0.304965 0.011263 0.031206
0 0.538214 0.252482 0.015286 0.035461
0 0.543041 0.408511 0.030571 0.059574
0 0.647627 0.330496 0.020917 0.038298
0 0.795656 0.375887 0.020917 0.053901
0 0.571199 0.221277 0.013677 0.026950
0 0.596138 0.249645 0.012872 0.026950
0 0.335479 0.353191 0.023331 0.043972
0 0.382140 0.334752 0.018504 0.038298
0 0.624296 0.212766 0.014481 0.025532
0 0.232502 0.347518 0.020917 0.031206
0 0.772325 0.442553 0.026549 0.056738
0 0.731295 0.405674 0.024135 0.055319
0 0.358809 0.330496 0.016895 0.034043
0 0.672566 0.266667 0.015286 0.034043
0 0.500402 0.377305 0.026549 0.059574
0 0.863234 0.370213 0.019308 0.041135
0 0.678198 0.323404 0.021722 0.046809
0 0.905068 0.337589 0.012872 0.032624
0 0.669348 0.229787 0.011263 0.032624
0 0.573612 0.243972 0.012872 0.028369
0 0.609815 0.207092 0.012872 0.029787
0 0.719228 0.287943 0.016895 0.035461
0 0.449718 0.339007 0.024940 0.038298
0 0.773934 0.243972 0.012872 0.029787
0 0.631537 0.226950 0.013677 0.032624
0 0.604988 0.373050 0.025744 0.042553
0 0.744972 0.229787 0.013677 0.031206
0 0.810137 0.331915 0.020113 0.043972
0 0.761866 0.286525 0.016090 0.032624
0 0.495575 0.263830 0.016090 0.028369
0 0.361223 0.293617 0.018504 0.035461
0 0.600161 0.226950 0.012068 0.022695
0 0.765889 0.266667 0.014481 0.034043
0 0.736927 0.248227 0.012872 0.029787
0 0.839099 0.309220 0.013677 0.031206
0 0.466613 0.236879 0.012068 0.019858
0 0.298471 0.368794 0.017699 0.041135
0 0.421561 0.260993 0.013677 0.031206
0 0.646018 0.387234 0.030571 0.058156
0 0.469831 0.269504 0.014481 0.031206
0 0.517297 0.293617 0.014481 0.032624
0 0.293644 0.344681 0.015286 0.043972
0 0.514883 0.251064 0.012068 0.025532
0 0.850362 0.266667 0.013677 0.035461
0 0.876106 0.320567 0.015286 0.031206
0 0.711987 0.472340 0.030571 0.076596
0 0.416734 0.336170 0.020113 0.035461
0 0.694288 0.348936 0.020917 0.046809
0 0.565567 0.266667 0.018504 0.041135
0 0.510861 0.314894 0.019308 0.043972
0 0.802092 0.248227 0.012872 0.031206
0 0.469027 0.306383 0.019308 0.034043
0 0.409493 0.306383 0.018504 0.031206
0 0.679002 0.231206 0.012068 0.025532
0 0.289622 0.304965 0.016895 0.031206
0 0.895414 0.391489 0.021722 0.058156
0 0.593725 0.321986 0.021722 0.039716
0 0.928399 0.330496 0.016895 0.041135
0 0.611424 0.425532 0.032985 0.063830
0 0.829445 0.265248 0.012068 0.031206
