0 0.553125 0.625000 0.039062 0.075000
0 0.521875 0.697222 0.045312 0.077778
0 0.354687 0.602778 0.039062 0.061111
0 0.623437 0.802778 0.079687 0.116667
0 0.582812 0.725000 0.051562 0.077778
0 0.764062 0.636111 0.048438 0.077778
0 0.415625 0.627778 0.035937 0.055556
0 0.575000 0.591667 0.034375 0.052778
0 0.817187 0.594444 0.031250 0.080556
0 0.087500 0.863889 0.085938 0.147222
0 0.253125 0.516667 0.039062 0.075000
0 0.034375 0.672222 0.048438 0.083333
0 0.162500 0.905556 0.110937 0.175000
0 0.923438 0.505556 0.071875 0.125000
0 0.784375 0.719444 0.054688 0.125000
0 0.482812 0.594444 0.034375 0.072222
0 0.103125 0.755556 0.059375 0.119444
0 0.715625 0.133333 0.089063 0.175000
0 0.475000 0.675000 0.045312 0.061111
0 0.150000 0.697222 0.051562 0.077778
0 0.462500 0.630556 0.037500 0.063889
0 0.423438 0.702778 0.050000 0.077778
0 0.956250 0.797222 0.087500 0.188889
0 0.614062 0.597222 0.037500 0.080556
0 0.592187 0.636111 0.040625 0.075000
0 0.357812 0.661111 0.042188 0.058333
0 0.103125 0.672222 0.048438 0.086111
