0 0.195000 0.352500 0.029167 0.046250
0 0.625000 0.331250 0.029167 0.061250
0 0.585833 0.365000 0.040000 0.070000
0 0.055833 0.483750 0.107500 0.158750
0 0.060000 0.363750 0.049167 0.080000
0 0.091667 0.322500 0.021667 0.042500
0 0.338333 0.332500 0.029167 0.048750
0 0.248333 0.361250 0.031667 0.066250
0 0.526667 0.350000 0.032500 0.055000
0 0.472500 0.373750 0.041667 0.065000
0 0.255833 0.323750 0.022500 0.035000
0 0.370000 0.355000 0.038333 0.063750
0 0.916667 0.111250 0.100000 0.196250
0 0.221667 0.441250 0.057500 0.112500
0 0.485833 0.470000 0.116667 0.140000
0 0.430000 0.421250 0.050833 0.086250
0 0.227500 0.373750 0.043333 0.067500
