0 0.540594 0.166667 0.013861 0.029514
0 0.808911 0.142361 0.010891 0.022569
0 0.664356 0.116319 0.011881 0.022569
0 0.643564 0.260417 0.025743 0.039931
0 0.553465 0.133681 0.012871 0.026042
0 0.446535 0.256944 0.021782 0.038194
0 0.279208 0.237847 0.015842 0.031250
0 0.823762 0.217014 0.015842 0.024306
0 0.620792 0.109375 0.009901 0.019097
0 0.685149 0.142361 0.013861 0.027778
0 0.500990 0.159722 0.013861 0.026042
0 0.619802 0.128472 0.011881 0.020833
0 0.572277 0.170139 0.013861 0.032986
0 0.392079 0.215278 0.018812 0.038194
0 0.861386 0.163194 0.010891 0.026042
0 0.712871 0.125000 0.013861 0.024306
0 0.881188 0.168403 0.012871 0.024306
0 0.533663 0.138889 0.014851 0.029514
0 0.451485 0.163194 0.015842 0.029514
0 0.917822 0.359375 0.025743 0.053819
0 0.951485 0.194444 0.010891 0.022569
0 0.379208 0.241319 0.017822 0.032986
0 0.906931 0.190972 0.012871 0.032986
0 0.847525 0.227431 0.016832 0.036458
0 0.402970 0.166667 0.012871 0.022569
0 0.740594 0.241319 0.017822 0.038194
0 0.294059 0.234375 0.013861 0.027778
0 0.688119 0.229167 0.017822 0.038194
0 0.929703 0.265625 0.017822 0.038194
0 0.405941 0.177083 0.014851 0.027778
0 0.800000 0.296875 0.024752 0.045139
0 0.778218 0.154514 0.012871 0.022569
0 0.900000 0.218750 0.012871 0.039931
0 0.752475 0.388889 0.030693 0.062500
0 0.411881 0.241319 0.020792 0.038194
0 0.887129 0.246528 0.019802 0.041667
0 0.424752 0.194444 0.013861 0.024306
0 0.705941 0.187500 0.018812 0.032986
0 0.841584 0.145833 0.009901 0.022569
0 0.579208 0.149306 0.012871 0.027778
0 0.089109 0.282986 0.020792 0.048611
0 0.720792 0.194444 0.015842 0.031250
0 0.599010 0.234375 0.019802 0.036458
0 0.918812 0.163194 0.013861 0.022569
0 0.557426 0.145833 0.014851 0.029514
0 0.461386 0.217014 0.018812 0.032986
0 0.528713 0.189236 0.015842 0.027778
0 0.647525 0.163194 0.011881 0.024306
0 0.743564 0.177083 0.017822 0.032986
0 0.760396 0.204861 0.017822 0.032986
0 0.877228 0.189236 0.015842 0.029514
0 0.505941 0.135417 0.010891 0.019097
0 0.951485 0.227431 0.014851 0.031250
0 0.958416 0.201389 0.012871 0.029514
0 0.667327 0.130208 0.011881 0.020833
0 0.774257 0.251736 0.018812 0.046875
0 0.598020 0.083333 0.011881 0.020833
0 0.690099 0.119792 0.010891 0.020833
0 0.599010 0.151042 0.012871 0.026042
0 0.764356 0.144097 0.012871 0.029514
0 0.913861 0.187500 0.013861 0.032986
0 0.508911 0.190972 0.013861 0.029514
0 0.674257 0.190972 0.016832 0.032986
0 0.739604 0.157986 0.013861 0.027778
0 0.837624 0.187500 0.011881 0.024306
0 0.941584 0.215278 0.014851 0.032986
0 0.350495 0.230903 0.018812 0.031250
0 0.693069 0.276042 0.017822 0.041667
0 0.828713 0.270833 0.021782 0.046875
0 0.429703 0.208333 0.014851 0.029514
0 0.447525 0.203125 0.014851 0.024306
0 0.791089 0.157986 0.011881 0.026042
0 0.645545 0.126736 0.013861 0.026042
0 0.379208 0.208333 0.014851 0.027778
0 0.561386 0.190972 0.014851 0.034722
0 0.355446 0.201389 0.015842 0.027778
0 0.807921 0.222222 0.017822 0.034722
0 0.786139 0.140625 0.011881 0.020833
0 0.800990 0.177083 0.012871 0.022569
0 0.331683 0.225694 0.015842 0.031250
0 0.427723 0.168403 0.011881 0.017361
0 0.702970 0.319444 0.025743 0.060764
0 0.845545 0.171875 0.014851 0.029514
