0 0.939091 0.521212 0.013636 0.023030
0 0.525455 0.522424 0.024545 0.035152
0 0.152727 0.509091 0.044545 0.064242
0 0.679091 0.533333 0.025455 0.032727
0 0.647273 0.532121 0.020000 0.029091
0 0.848182 0.520000 0.020000 0.033939
0 0.572727 0.521212 0.017273 0.033939
0 0.728182 0.520000 0.019091 0.030303
0 0.619091 0.512727 0.017273 0.032727
0 0.794545 0.528485 0.015455 0.023030
0 0.611818 0.530909 0.026364 0.030303
0 0.398182 0.520000 0.024545 0.047273
0 0.753636 0.526061 0.018182 0.033939
0 0.243636 0.518788 0.028182 0.042424
0 0.482727 0.516364 0.025455 0.043636
0 0.230000 0.529697 0.034545 0.054545
0 0.789091 0.532121 0.024545 0.036364
0 0.886364 0.522424 0.027273 0.035152
0 0.440000 0.518788 0.031818 0.052121
0 0.921818 0.522424 0.019091 0.031515
0 0.099091 0.527273 0.045455 0.070303
0 0.346364 0.521212 0.030909 0.049697
0 0.469091 0.526061 0.023636 0.041212
0 0.560909 0.528485 0.021818 0.032727
