0 0.703333 0.567500 0.051667 0.092500
0 0.183333 0.612500 0.050833 0.100000
0 0.788333 0.622500 0.066667 0.112500
0 0.607500 0.582500 0.045000 0.088750
0 0.674167 0.578750 0.065833 0.098750
0 0.788333 0.567500 0.048333 0.080000
0 0.447500 0.606250 0.062500 0.103750
0 0.302500 0.596250 0.080000 0.121250
0 0.053333 0.610000 0.071667 0.101250
0 0.524167 0.655000 0.090000 0.148750
0 0.109167 0.610000 0.083333 0.136250
0 0.353333 0.577500 0.052500 0.096250
0 0.405000 0.592500 0.053333 0.090000
0 0.885833 0.563750 0.114167 0.218750
0 0.507500 0.420000 0.046667 0.090000
0 0.234167 0.635000 0.045000 0.076250
