0 0.606667 0.340000 0.043333 0.067500
0 0.776667 0.340000 0.023333 0.052500
0 0.203333 0.340000 0.030000 0.052500
0 0.748333 0.352500 0.038333 0.065000
0 0.018333 0.362500 0.035000 0.082500
0 0.546667 0.342500 0.026667 0.052500
0 0.670000 0.390000 0.058333 0.097500
0 0.075000 0.385000 0.058333 0.082500
0 0.341667 0.355000 0.036667 0.057500
0 0.913333 0.352500 0.046667 0.080000
0 0.106667 0.345000 0.028333 0.052500
0 0.630000 0.317500 0.020000 0.035000
0 0.866667 0.315000 0.021667 0.045000
0 0.343333 0.322500 0.031667 0.047500
0 0.571667 0.400000 0.056667 0.100000
0 0.228333 0.395000 0.045000 0.070000
0 0.676667 0.340000 0.043333 0.060000
0 0.131667 0.377500 0.041667 0.070000
0 0.305000 0.442500 0.086667 0.147500
0 0.208333 0.305000 0.021667 0.032500
0 0.933333 0.320000 0.025000 0.052500
0 0.356667 0.315000 0.018333 0.035000
0 0.478333 0.437500 0.081667 0.127500
0 0.070000 0.275000 0.026667 0.047500
0 0.270000 0.337500 0.038333 0.057500
0 0.958333 0.322500 0.021667 0.037500
0 0.988333 0.322500 0.021667 0.047500
0 0.451667 0.380000 0.053333 0.077500
0 0.521667 0.352500 0.046667 0.087500
0 0.305000 0.322500 0.023333 0.042500
0 0.245000 0.370000 0.038333 0.075000
0 0.800000 0.350000 0.035000 0.060000
0 0.835000 0.340000 0.030000 0.055000
0 0.178333 0.437500 0.066667 0.112500
0 0.705000 0.320000 0.018333 0.035000
0 0.406667 0.342500 0.031667 0.055000
0 0.413333 0.315000 0.018333 0.037500
0 0.866667 0.370000 0.051667 0.085000
0 0.096667 0.267500 0.026667 0.042500
0 0.543333 0.315000 0.016667 0.032500
0 0.728333 0.317500 0.023333 0.032500
