0 0.790123 0.259259 0.037037 0.051852
0 0.604938 0.381481 0.056790 0.074074
0 0.755556 0.248148 0.034568 0.055556
0 0.306173 0.337037 0.039506 0.048148
0 0.659259 0.266667 0.027160 0.044444
0 0.098765 0.481481 0.056790 0.092593
0 0.760494 0.344444 0.051852 0.085185
0 0.150617 0.207407 0.032099 0.051852
0 0.911111 0.444444 0.093827 0.140741
0 0.395062 0.337037 0.044444 0.051852
0 0.330864 0.700000 0.135802 0.200000
0 0.185185 0.581481 0.071605 0.103704
0 0.600000 0.311111 0.041975 0.074074
0 0.407407 0.303704 0.032099 0.044444
0 0.101235 0.396296 0.044444 0.074074
0 0.644444 0.244444 0.029630 0.055556
0 0.491358 0.322222 0.041975 0.066667
0 0.861728 0.237037 0.037037 0.055556
0 0.980247 0.255556 0.039506 0.074074
