0 0.472779 0.231707 0.020057 0.041812
0 0.426934 0.181185 0.011461 0.022648
0 0.531996 0.142857 0.013372 0.020906
0 0.678128 0.120209 0.013372 0.027875
0 0.694365 0.156794 0.012416 0.029617
0 0.554919 0.165505 0.015282 0.031359
0 0.465138 0.144599 0.012416 0.022648
0 0.450812 0.158537 0.011461 0.026132
0 0.751671 0.245645 0.020057 0.045296
0 0.456543 0.170732 0.012416 0.027875
0 0.425024 0.207317 0.017192 0.029617
0 0.891117 0.231707 0.014327 0.033101
0 0.776504 0.191638 0.015282 0.033101
0 0.944604 0.202091 0.014327 0.029617
0 0.212034 0.470383 0.043935 0.078397
0 0.611270 0.257840 0.025788 0.055749
0 0.746896 0.202091 0.013372 0.031359
0 0.860554 0.193380 0.014327 0.027875
0 0.557784 0.270035 0.020057 0.045296
0 0.474690 0.149826 0.012416 0.022648
0 0.890162 0.257840 0.013372 0.031359
0 0.474690 0.175958 0.015282 0.033101
0 0.545368 0.132404 0.010506 0.022648
0 0.755492 0.158537 0.012416 0.031359
0 0.940783 0.236934 0.015282 0.033101
0 0.392550 0.207317 0.016237 0.026132
0 0.375358 0.198606 0.012416 0.031359
0 0.530086 0.200348 0.018147 0.033101
0 0.513849 0.168990 0.013372 0.024390
0 0.737345 0.282230 0.021968 0.052265
0 0.450812 0.254355 0.018147 0.034843
0 0.587393 0.170732 0.015282 0.031359
0 0.381089 0.235192 0.015282 0.033101
0 0.443171 0.200348 0.012416 0.027875
0 0.661891 0.142857 0.015282 0.036585
0 0.841452 0.158537 0.011461 0.036585
0 0.666667 0.209059 0.016237 0.036585
0 0.424069 0.156794 0.013372 0.024390
0 0.719198 0.156794 0.010506 0.027875
0 0.874881 0.179443 0.013372 0.027875
0 0.875836 0.287456 0.016237 0.050523
0 0.845272 0.221254 0.017192 0.033101
0 0.489971 0.139373 0.010506 0.026132
0 0.791786 0.163763 0.013372 0.034843
0 0.436485 0.155052 0.011461 0.031359
0 0.669532 0.350174 0.031519 0.060976
0 0.702006 0.116725 0.015282 0.029617
0 0.732569 0.172474 0.013372 0.029617
0 0.759312 0.139373 0.012416 0.027875
0 0.599809 0.113240 0.013372 0.027875
0 0.406877 0.242160 0.022923 0.043554
0 0.828080 0.163763 0.012416 0.033101
0 0.506208 0.202091 0.017192 0.029617
0 0.895893 0.198606 0.012416 0.036585
0 0.605540 0.090592 0.012416 0.022648
0 0.596944 0.151568 0.014327 0.027875
0 0.815664 0.289199 0.022923 0.050523
0 0.932187 0.172474 0.015282 0.031359
0 0.794651 0.216028 0.014327 0.036585
0 0.614136 0.128920 0.011461 0.026132
0 0.707736 0.188153 0.016237 0.036585
0 0.634193 0.224739 0.023878 0.050523
0 0.840497 0.315331 0.021968 0.052265
0 0.621777 0.320557 0.030564 0.055749
0 0.930277 0.310105 0.019102 0.047038
0 0.659981 0.111498 0.013372 0.033101
0 0.575931 0.139373 0.013372 0.033101
