0 0.516876 0.191870 0.021215 0.035772
0 0.607522 0.121951 0.012536 0.026016
0 0.694311 0.117073 0.016393 0.032520
0 0.506268 0.156098 0.016393 0.029268
0 0.751205 0.133333 0.017358 0.030894
0 0.707811 0.196748 0.021215 0.042276
0 0.737705 0.172358 0.019286 0.037398
0 0.417551 0.188618 0.018322 0.030894
0 0.745419 0.279675 0.028930 0.058537
0 0.487946 0.191870 0.021215 0.030894
0 0.477338 0.237398 0.024108 0.043902
0 0.883317 0.261789 0.024108 0.055285
0 0.622951 0.134959 0.013500 0.030894
0 0.849566 0.216260 0.023144 0.043902
0 0.677917 0.188618 0.021215 0.048780
0 0.393443 0.183740 0.017358 0.030894
0 0.304725 0.256911 0.017358 0.039024
0 0.870781 0.173984 0.019286 0.035772
0 0.917068 0.173984 0.015429 0.029268
0 0.614272 0.334959 0.033751 0.068293
0 0.802314 0.222764 0.027001 0.050407
0 0.407907 0.252033 0.025072 0.050407
0 0.493732 0.307317 0.032787 0.061789
0 0.367406 0.256911 0.026037 0.042276
0 0.945998 0.250407 0.024108 0.055285
0 0.667310 0.211382 0.023144 0.047154
0 0.918997 0.157724 0.014465 0.027642
0 0.321119 0.265041 0.021215 0.043902
0 0.584378 0.291057 0.032787 0.065041
0 0.910318 0.201626 0.014465 0.035772
0 0.823529 0.123577 0.017358 0.035772
0 0.729026 0.149593 0.017358 0.035772
0 0.653809 0.125203 0.016393 0.032520
0 0.691418 0.250407 0.027965 0.055285
0 0.864031 0.186992 0.020251 0.042276
0 0.438766 0.240650 0.022179 0.042276
0 0.540019 0.203252 0.022179 0.042276
0 0.278689 0.258537 0.018322 0.035772
0 0.335583 0.221138 0.017358 0.034146
0 0.782064 0.162602 0.015429 0.035772
0 0.828351 0.178862 0.022179 0.047154
0 0.570878 0.156098 0.017358 0.027642
0 0.256509 0.268293 0.021215 0.039024
0 0.608486 0.138211 0.014465 0.027642
0 0.754098 0.201626 0.019286 0.045528
0 0.395371 0.291057 0.027001 0.053659
0 0.546770 0.165854 0.020251 0.035772
0 0.166827 0.437398 0.045323 0.074797
0 0.733848 0.209756 0.023144 0.047154
0 0.497589 0.136585 0.015429 0.024390
0 0.443587 0.196748 0.020251 0.035772
0 0.856316 0.136585 0.018322 0.040650
0 0.572806 0.242276 0.031823 0.052033
0 0.634523 0.240650 0.025072 0.052033
0 0.860174 0.343089 0.027965 0.063415
0 0.353905 0.230894 0.018322 0.037398
0 0.577628 0.125203 0.015429 0.032520
0 0.465767 0.170732 0.019286 0.037398
0 0.806172 0.291057 0.027965 0.058537
0 0.699132 0.167480 0.019286 0.032520
0 0.369335 0.203252 0.018322 0.030894
0 0.315333 0.232520 0.016393 0.026016
0 0.631630 0.144715 0.017358 0.034146
