0 0.865530 0.177924 0.015152 0.034596
0 0.410985 0.187809 0.017992 0.032949
0 0.740530 0.163097 0.018939 0.036244
0 0.540720 0.138386 0.017045 0.034596
0 0.423295 0.220758 0.019886 0.037891
0 0.590909 0.159802 0.014205 0.036244
0 0.758523 0.143328 0.015152 0.039539
0 0.767992 0.168040 0.016098 0.041186
0 0.666667 0.250412 0.025568 0.059308
0 0.548295 0.204283 0.024621 0.039539
0 0.479167 0.153213 0.013258 0.029654
0 0.461174 0.181219 0.017992 0.034596
0 0.716856 0.075783 0.011364 0.028007
0 0.569129 0.151565 0.015152 0.031301
0 0.787879 0.268534 0.032197 0.060956
0 0.488636 0.163097 0.017992 0.031301
0 0.482955 0.199341 0.018939 0.036244
0 0.179924 0.453048 0.053977 0.107084
0 0.888258 0.228995 0.017045 0.047776
0 0.437500 0.280066 0.028409 0.051071
0 0.492424 0.309720 0.027462 0.060956
0 0.709280 0.095552 0.013258 0.029654
0 0.696023 0.159802 0.019886 0.037891
0 0.651515 0.126853 0.022727 0.052718
0 0.724432 0.148270 0.016098 0.032949
0 0.451705 0.222405 0.025568 0.047776
0 0.340909 0.276771 0.019886 0.044481
0 0.464015 0.149918 0.016098 0.028007
0 0.632576 0.237232 0.029356 0.051071
0 0.356061 0.260297 0.018939 0.036244
0 0.766098 0.103789 0.013258 0.026359
0 0.827652 0.130148 0.016098 0.036244
0 0.740530 0.074135 0.014205 0.029654
0 0.573864 0.115321 0.016098 0.028007
0 0.730114 0.278418 0.034091 0.059308
0 0.517992 0.172982 0.017992 0.031301
0 0.813447 0.181219 0.018939 0.041186
