0 0.490547 0.198962 0.026866 0.055363
0 0.901493 0.278547 0.028856 0.058824
0 0.562189 0.197232 0.020896 0.041522
0 0.830846 0.259516 0.020896 0.050173
0 0.778109 0.290657 0.037811 0.074394
0 0.914428 0.323529 0.035821 0.074394
0 0.814925 0.217993 0.023881 0.053633
0 0.349254 0.153979 0.020896 0.036332
0 0.743284 0.273356 0.029851 0.053633
0 0.324378 0.197232 0.017910 0.034602
0 0.678607 0.212803 0.023881 0.050173
0 0.605970 0.245675 0.025871 0.046713
0 0.609950 0.197232 0.020896 0.041522
0 0.653731 0.174740 0.028856 0.065744
0 0.794030 0.257785 0.024876 0.051903
