0 0.697883 0.259259 0.013029 0.031339
0 0.381107 0.339031 0.013844 0.038462
0 0.573290 0.460114 0.027687 0.065527
0 0.807003 0.358974 0.023616 0.049858
0 0.461726 0.320513 0.019544 0.039886
0 0.758958 0.256410 0.012215 0.029915
0 0.662866 0.366097 0.021987 0.047009
0 0.468241 0.413105 0.028502 0.062678
0 0.663681 0.280627 0.014658 0.038462
0 0.225570 0.344729 0.013844 0.034188
0 0.443811 0.350427 0.020358 0.041311
0 0.386808 0.267806 0.015472 0.034188
0 0.770358 0.435897 0.024430 0.064103
0 0.456840 0.247863 0.013844 0.028490
0 0.566775 0.247863 0.013844 0.037037
0 0.763029 0.284900 0.013029 0.041311
0 0.833062 0.257835 0.012215 0.028490
0 0.526873 0.384615 0.021173 0.051282
0 0.313518 0.390313 0.022801 0.047009
0 0.925081 0.350427 0.013844 0.042735
0 0.798046 0.292023 0.014658 0.034188
0 0.257329 0.361823 0.017915 0.044160
0 0.404723 0.334758 0.017915 0.037037
0 0.842020 0.462963 0.024430 0.055556
0 0.706026 0.299145 0.016287 0.042735
0 0.802932 0.243590 0.009772 0.029915
0 0.684039 0.358974 0.019544 0.048433
0 0.776059 0.237892 0.012215 0.024217
0 0.503257 0.269231 0.013029 0.029915
0 0.817590 0.343305 0.017101 0.044160
0 0.593648 0.252137 0.011401 0.028490
0 0.626221 0.481481 0.028502 0.069801
0 0.539088 0.410256 0.026873 0.056980
0 0.293160 0.360399 0.018730 0.045584
0 0.675081 0.320513 0.020358 0.037037
0 0.283388 0.316239 0.014658 0.031339
0 0.401466 0.301994 0.011401 0.028490
0 0.828990 0.396011 0.020358 0.054131
0 0.930782 0.284900 0.009772 0.027066
0 0.864007 0.333333 0.013844 0.041311
0 0.544788 0.245014 0.011401 0.035613
0 0.662052 0.209402 0.009772 0.019943
0 0.593648 0.398860 0.021987 0.049858
0 0.559446 0.217949 0.009772 0.024217
0 0.851792 0.267806 0.013029 0.031339
0 0.907166 0.480057 0.024430 0.066952
0 0.514658 0.279202 0.016287 0.038462
0 0.453583 0.277778 0.015472 0.034188
0 0.814332 0.509972 0.025244 0.066952
0 0.815961 0.272080 0.011401 0.029915
0 0.882736 0.336182 0.014658 0.038462
0 0.870521 0.260684 0.010586 0.031339
0 0.605049 0.207977 0.008958 0.022792
0 0.632736 0.222222 0.012215 0.027066
0 0.714169 0.414530 0.024430 0.059829
0 0.438111 0.263533 0.012215 0.029915
0 0.496743 0.327635 0.014658 0.042735
0 0.842020 0.280627 0.013844 0.032764
0 0.428339 0.313390 0.017101 0.044160
0 0.888436 0.277778 0.014658 0.035613
0 0.347720 0.299145 0.012215 0.027066
0 0.142508 0.542735 0.033388 0.075499
0 0.548860 0.274929 0.013844 0.038462
0 0.636808 0.353276 0.017101 0.042735
0 0.736971 0.253561 0.013844 0.032764
0 0.675896 0.216524 0.012215 0.024217
0 0.597720 0.230769 0.010586 0.027066
0 0.929967 0.316239 0.012215 0.028490
0 0.691368 0.527066 0.030945 0.075499
