0 0.515000 0.282500 0.021667 0.037500
0 0.258333 0.552500 0.078333 0.140000
0 0.398333 0.300000 0.023333 0.040000
0 0.381667 0.370000 0.035000 0.047500
0 0.651667 0.322500 0.028333 0.047500
0 0.296667 0.415000 0.040000 0.065000
0 0.158333 0.535000 0.073333 0.112500
0 0.813333 0.525000 0.063333 0.125000
0 0.103333 0.385000 0.035000 0.060000
0 0.758333 0.307500 0.035000 0.062500
0 0.348333 0.382500 0.031667 0.052500
0 0.075000 0.397500 0.038333 0.062500
0 0.773333 0.660000 0.101667 0.180000
0 0.476667 0.295000 0.026667 0.037500
0 0.250000 0.330000 0.033333 0.047500
0 0.613333 0.570000 0.078333 0.115000
0 0.530000 0.332500 0.023333 0.035000
0 0.160000 0.340000 0.031667 0.047500
0 0.143333 0.460000 0.055000 0.082500
0 0.438333 0.345000 0.025000 0.042500
0 0.471667 0.497500 0.061667 0.107500
0 0.301667 0.317500 0.033333 0.040000
0 0.493333 0.345000 0.026667 0.045000
0 0.373333 0.690000 0.103333 0.162500
0 0.355000 0.320000 0.026667 0.035000
0 0.593333 0.312500 0.020000 0.040000
