0 0.510689 0.181818 0.014252 0.039161
0 0.469517 0.211189 0.018211 0.037762
0 0.798100 0.170629 0.020586 0.041958
0 0.762470 0.274126 0.022169 0.051748
0 0.918448 0.233566 0.016627 0.053147
0 0.851940 0.159441 0.012668 0.029371
0 0.756928 0.158042 0.015044 0.034965
0 0.561362 0.243357 0.022961 0.041958
0 0.704671 0.223776 0.019002 0.048951
0 0.185273 0.479720 0.038005 0.071329
0 0.598575 0.100699 0.009501 0.022378
0 0.905780 0.289510 0.018211 0.046154
0 0.842439 0.183217 0.014252 0.037762
0 0.337292 0.220979 0.012668 0.029371
0 0.812352 0.324476 0.032462 0.078322
0 0.889945 0.176224 0.015044 0.034965
0 0.456849 0.208392 0.015835 0.033566
0 0.842439 0.296503 0.022169 0.061538
0 0.720507 0.146853 0.015044 0.039161
0 0.821853 0.213986 0.016627 0.044755
0 0.676168 0.232168 0.019002 0.050350
0 0.399050 0.222378 0.015835 0.034965
0 0.867775 0.213986 0.021378 0.050350
0 0.651623 0.205594 0.019002 0.044755
0 0.610451 0.234965 0.018211 0.050350
0 0.585907 0.158042 0.016627 0.040559
0 0.384006 0.220979 0.015044 0.037762
0 0.873317 0.358042 0.030879 0.064336
0 0.403009 0.200000 0.016627 0.027972
