0 0.119518 0.508224 0.049890 0.074013
0 0.052906 0.471217 0.030976 0.041118
0 0.292489 0.489309 0.042489 0.055510
0 0.173794 0.462582 0.028783 0.043174
0 0.573739 0.560855 0.041941 0.058799
0 0.954496 0.592105 0.082237 0.133635
0 0.532072 0.445312 0.024123 0.037007
0 0.029605 0.463816 0.029331 0.049342
0 0.595121 0.463816 0.024123 0.045230
0 0.151590 0.443257 0.030976 0.039062
0 0.185307 0.552220 0.049890 0.071957
0 0.416118 0.525905 0.050164 0.067023
0 0.091557 0.497122 0.042489 0.056332
0 0.707237 0.420230 0.027412 0.044408
0 0.344572 0.503289 0.043860 0.058799
