0 0.641758 0.047059 0.012088 0.029412
0 0.627473 0.249020 0.024176 0.056863
0 0.265934 0.227451 0.019780 0.037255
0 0.818681 0.133333 0.016484 0.035294
0 0.787912 0.154902 0.013187 0.035294
0 0.741758 0.262745 0.026374 0.058824
0 0.918681 0.247059 0.019780 0.052941
0 0.671429 0.254902 0.024176 0.050980
0 0.698901 0.156863 0.015385 0.033333
0 0.929670 0.223529 0.014286 0.037255
0 0.536264 0.133333 0.014286 0.025490
0 0.786813 0.213725 0.019780 0.043137
0 0.659341 0.100000 0.009890 0.025490
0 0.465934 0.135294 0.013187 0.023529
0 0.716484 0.233333 0.020879 0.049020
0 0.928571 0.188235 0.016484 0.039216
0 0.598901 0.131373 0.015385 0.027451
0 0.601099 0.162745 0.015385 0.033333
0 0.638462 0.196078 0.019780 0.043137
0 0.661538 0.190196 0.016484 0.035294
0 0.864835 0.282353 0.024176 0.056863
0 0.630769 0.113725 0.007692 0.021569
0 0.428571 0.215686 0.018681 0.039216
0 0.835165 0.160784 0.012088 0.031373
0 0.575824 0.115686 0.012088 0.023529
0 0.679121 0.107843 0.013187 0.027451
0 0.497802 0.127451 0.010989 0.021569
0 0.690110 0.115686 0.010989 0.029412
0 0.735165 0.054902 0.015385 0.035294
0 0.567033 0.135294 0.012088 0.023529
0 0.337363 0.247059 0.019780 0.045098
0 0.523077 0.182353 0.017582 0.041176
0 0.941758 0.207843 0.013187 0.033333
0 0.841758 0.168627 0.014286 0.035294
0 0.873626 0.160784 0.013187 0.031373
0 0.408791 0.160784 0.013187 0.029412
0 0.536264 0.162745 0.015385 0.033333
0 0.439560 0.141176 0.012088 0.023529
0 0.623077 0.117647 0.009890 0.027451
0 0.845055 0.194118 0.016484 0.037255
0 0.497802 0.207843 0.019780 0.047059
0 0.437363 0.252941 0.023077 0.043137
0 0.749451 0.207843 0.021978 0.043137
0 0.736264 0.190196 0.015385 0.031373
0 0.950549 0.164706 0.014286 0.035294
0 0.600000 0.107843 0.012088 0.029412
0 0.910989 0.152941 0.015385 0.033333
0 0.885714 0.225490 0.018681 0.037255
0 0.381319 0.174510 0.017582 0.037255
0 0.759341 0.131373 0.013187 0.029412
0 0.557143 0.178431 0.018681 0.035294
0 0.846154 0.145098 0.015385 0.035294
0 0.789011 0.278431 0.030769 0.060784
0 0.745055 0.133333 0.015385 0.031373
0 0.663736 0.113725 0.012088 0.025490
0 0.473626 0.178431 0.015385 0.029412
0 0.762637 0.264706 0.019780 0.047059
0 0.481319 0.150980 0.012088 0.027451
0 0.843956 0.317647 0.024176 0.068627
0 0.391209 0.196078 0.018681 0.039216
0 0.509890 0.135294 0.012088 0.033333
0 0.183516 0.390196 0.050549 0.100000
0 0.407692 0.239216 0.020879 0.043137
0 0.370330 0.192157 0.014286 0.033333
0 0.838462 0.231373 0.018681 0.045098
0 0.931868 0.272549 0.020879 0.058824
0 0.617582 0.135294 0.012088 0.035294
0 0.779121 0.143137 0.012088 0.025490
0 0.713187 0.180392 0.019780 0.039216
0 0.634066 0.141176 0.013187 0.027451
0 0.730769 0.137255 0.016484 0.029412
0 0.565934 0.243137 0.020879 0.045098
0 0.547253 0.141176 0.010989 0.019608
0 0.791209 0.125490 0.013187 0.029412
0 0.467033 0.207843 0.017582 0.043137
0 0.435165 0.170588 0.015385 0.035294
