0 0.131213 0.375415 0.073559 0.162791
0 0.027833 0.166113 0.053678 0.169435
0 0.542744 0.342193 0.065606 0.136213
0 0.349901 0.481728 0.101392 0.196013
0 0.934394 0.448505 0.129225 0.498339
0 0.624254 0.598007 0.107356 0.179402
0 0.850895 0.521595 0.075547 0.152824
0 0.449304 0.514950 0.077535 0.149502
0 0.222664 0.255814 0.073559 0.149502
0 0.703777 0.488372 0.089463 0.176080
0 0.049702 0.471761 0.083499 0.169435
0 0.359841 0.322259 0.069583 0.132890
0 0.677932 0.282392 0.085487 0.159468
0 0.612326 0.355482 0.059642 0.119601
