0 0.642188 0.378125 0.035937 0.076042
0 0.677344 0.420833 0.059375 0.086458
0 0.430469 0.466667 0.075000 0.114583
0 0.485938 0.409375 0.054688 0.079167
0 0.460938 0.372917 0.042969 0.061458
0 0.381250 0.370833 0.045312 0.064583
0 0.331250 0.407292 0.056250 0.083333
0 0.543750 0.387500 0.055469 0.081250
0 0.385156 0.433333 0.049219 0.084375
0 0.854688 0.409375 0.062500 0.090625
0 0.783594 0.501042 0.131250 0.192708
0 0.060156 0.306250 0.117188 0.223958
0 0.743750 0.391667 0.050000 0.077083
0 0.534375 0.485417 0.085938 0.141667
