0 0.661667 0.290404 0.025000 0.042929
0 0.133333 0.275253 0.025000 0.030303
0 0.448333 0.308081 0.035000 0.060606
0 0.408333 0.290404 0.028333 0.045455
0 0.788333 0.356061 0.058333 0.098485
0 0.726667 0.345960 0.043333 0.068182
0 0.163333 0.295455 0.025000 0.042929
0 0.136667 0.388889 0.058333 0.095960
0 0.188333 0.272727 0.026667 0.042929
0 0.051667 0.303030 0.025000 0.050505
0 0.483333 0.270202 0.025000 0.042929
0 0.068333 0.338384 0.038333 0.073232
0 0.095000 0.338384 0.048333 0.078283
0 0.598333 0.303030 0.025000 0.050505
0 0.650000 0.401515 0.063333 0.121212
0 0.356667 0.351010 0.045000 0.075758
0 0.521667 0.383838 0.081667 0.131313
0 0.180000 0.328283 0.035000 0.055556
0 0.341667 0.282828 0.023333 0.050505
0 0.225000 0.441919 0.095000 0.169192
0 0.831667 0.315657 0.036667 0.065657
0 0.278333 0.275253 0.020000 0.037879
