0 0.305293 0.235974 0.018904 0.036304
0 0.624764 0.115512 0.011342 0.021452
0 0.724953 0.295380 0.028355 0.059406
0 0.525520 0.143564 0.013233 0.031353
0 0.746692 0.179868 0.021739 0.046205
0 0.716446 0.141914 0.017013 0.036304
0 0.491493 0.130363 0.009452 0.021452
0 0.784499 0.293729 0.027410 0.062706
0 0.772212 0.125413 0.014178 0.033003
0 0.509452 0.174917 0.015123 0.033003
0 0.819471 0.127063 0.013233 0.026403
0 0.565217 0.288779 0.027410 0.061056
0 0.666352 0.260726 0.025520 0.049505
0 0.551040 0.150165 0.017013 0.039604
0 0.763705 0.216172 0.024575 0.054455
0 0.686200 0.118812 0.016068 0.033003
0 0.470699 0.155116 0.013233 0.024752
0 0.350662 0.272277 0.023629 0.046205
0 0.568053 0.113861 0.014178 0.026403
0 0.391304 0.216172 0.017958 0.039604
0 0.826087 0.227723 0.022684 0.042904
0 0.567108 0.244224 0.022684 0.047855
0 0.807183 0.132013 0.017958 0.031353
0 0.579395 0.169967 0.014178 0.042904
0 0.456522 0.151815 0.013233 0.026403
0 0.499055 0.282178 0.025520 0.052805
0 0.893195 0.189769 0.017958 0.044554
0 0.622873 0.143564 0.018904 0.033003
0 0.828922 0.174917 0.017958 0.034653
0 0.929112 0.278878 0.024575 0.062706
0 0.419660 0.229373 0.021739 0.042904
0 0.450851 0.193069 0.017013 0.036304
0 0.933837 0.161716 0.016068 0.037954
0 0.383743 0.301980 0.027410 0.057756
0 0.487713 0.224422 0.021739 0.042904
0 0.620983 0.257426 0.025520 0.056106
0 0.690926 0.105611 0.013233 0.028053
0 0.620983 0.099010 0.010397 0.021452
0 0.655955 0.171617 0.018904 0.042904
0 0.478261 0.171617 0.014178 0.028053
0 0.422495 0.189769 0.017958 0.031353
0 0.483932 0.160066 0.016068 0.033003
0 0.284499 0.259076 0.021739 0.039604
0 0.475425 0.194719 0.018904 0.028053
0 0.877127 0.206271 0.016068 0.047855
0 0.655955 0.103960 0.012287 0.026403
0 0.410208 0.173267 0.015123 0.028053
0 0.590737 0.125413 0.015123 0.034653
0 0.645558 0.123762 0.017013 0.031353
0 0.700378 0.216172 0.022684 0.047855
0 0.876181 0.125413 0.014178 0.037954
0 0.535917 0.132013 0.013233 0.026403
0 0.495274 0.196370 0.017013 0.036304
0 0.667297 0.209571 0.020794 0.041254
0 0.604915 0.339934 0.029301 0.067657
0 0.605860 0.099010 0.015123 0.029703
0 0.693762 0.153465 0.018904 0.042904
0 0.459357 0.176568 0.014178 0.026403
0 0.852552 0.188119 0.020794 0.042904
0 0.844045 0.140264 0.012287 0.033003
0 0.764650 0.158416 0.017013 0.031353
0 0.857278 0.148515 0.017958 0.037954
0 0.752363 0.136964 0.016068 0.033003
0 0.670132 0.348185 0.034026 0.070957
0 0.052930 0.367987 0.031191 0.064356
0 0.706994 0.174917 0.018904 0.034653
0 0.525520 0.209571 0.019849 0.041254
0 0.814745 0.173267 0.018904 0.037954
0 0.737240 0.125413 0.014178 0.039604
0 0.448015 0.226073 0.019849 0.034653
