0 0.587678 0.167219 0.016114 0.036424
0 0.329858 0.213576 0.013270 0.028146
0 0.923223 0.271523 0.019905 0.056291
0 0.273934 0.274834 0.018957 0.044702
0 0.853081 0.197020 0.018009 0.041391
0 0.823697 0.150662 0.013270 0.031457
0 0.466351 0.163907 0.016114 0.036424
0 0.337441 0.220199 0.018009 0.034768
0 0.473934 0.241722 0.022749 0.038079
0 0.613270 0.216887 0.023697 0.046358
0 0.375355 0.266556 0.020853 0.049669
0 0.431280 0.261589 0.027488 0.052980
0 0.622749 0.142384 0.016114 0.029801
0 0.303318 0.253311 0.021801 0.051325
0 0.694787 0.187086 0.022749 0.043046
0 0.358294 0.231788 0.018009 0.036424
0 0.766825 0.223510 0.021801 0.048013
0 0.854028 0.327815 0.024645 0.059603
0 0.774408 0.137417 0.015166 0.034768
0 0.732701 0.158940 0.018957 0.036424
0 0.636019 0.246689 0.023697 0.054636
0 0.566825 0.147351 0.014218 0.028146
0 0.524171 0.210265 0.020853 0.044702
0 0.860664 0.273179 0.021801 0.048013
0 0.449289 0.162252 0.014218 0.024834
0 0.638863 0.144040 0.014218 0.024834
0 0.763033 0.326159 0.029384 0.054636
0 0.930806 0.236755 0.020853 0.046358
0 0.399052 0.182119 0.013270 0.036424
0 0.254976 0.268212 0.017062 0.036424
0 0.509953 0.296358 0.029384 0.056291
0 0.645498 0.119205 0.015166 0.028146
0 0.512796 0.160596 0.014218 0.029801
0 0.414218 0.195364 0.018009 0.034768
0 0.393365 0.220199 0.018009 0.039735
0 0.567773 0.293046 0.031280 0.048013
0 0.658768 0.218543 0.023697 0.046358
0 0.569668 0.120861 0.012322 0.024834
0 0.835071 0.238411 0.018957 0.039735
0 0.486256 0.144040 0.015166 0.033113
0 0.662559 0.178808 0.018009 0.043046
0 0.709005 0.223510 0.022749 0.048013
0 0.677725 0.117550 0.016114 0.031457
0 0.612322 0.130795 0.016114 0.029801
0 0.738389 0.197020 0.020853 0.036424
0 0.743128 0.117550 0.016114 0.034768
0 0.049289 0.365894 0.026540 0.046358
0 0.333649 0.259934 0.022749 0.044702
0 0.813270 0.162252 0.017062 0.039735
0 0.893839 0.168874 0.015166 0.033113
0 0.453081 0.193709 0.015166 0.033113
0 0.792417 0.152318 0.017062 0.039735
0 0.716588 0.147351 0.017062 0.034768
0 0.673934 0.250000 0.023697 0.051325
0 0.901422 0.157285 0.016114 0.034768
0 0.763981 0.165563 0.018957 0.036424
0 0.891943 0.203642 0.018957 0.041391
0 0.511848 0.185430 0.016114 0.026490
0 0.485308 0.203642 0.015166 0.033113
0 0.701422 0.150662 0.016114 0.034768
0 0.554502 0.160596 0.019905 0.038079
0 0.562085 0.245033 0.029384 0.049669
0 0.725118 0.286424 0.024645 0.052980
0 0.774408 0.203642 0.022749 0.041391
