0 0.526267 0.138386 0.013825 0.024712
0 0.764055 0.317957 0.025806 0.052718
0 0.524424 0.209226 0.016590 0.024712
0 0.561290 0.255354 0.019355 0.041186
0 0.467281 0.166392 0.014747 0.031301
0 0.743779 0.194399 0.017512 0.039539
0 0.589862 0.345964 0.023963 0.047776
0 0.658986 0.205931 0.017512 0.041186
0 0.420276 0.285008 0.023963 0.037891
0 0.603687 0.121911 0.013825 0.021417
0 0.810138 0.166392 0.012903 0.031301
0 0.694009 0.186161 0.014747 0.034596
0 0.703226 0.210873 0.018433 0.036244
0 0.479263 0.133443 0.010138 0.024712
0 0.379724 0.200988 0.015668 0.031301
0 0.439631 0.164745 0.011060 0.026359
0 0.505069 0.146623 0.012903 0.028007
0 0.743779 0.107084 0.012903 0.028007
0 0.611060 0.212521 0.023963 0.042834
0 0.862673 0.136738 0.011060 0.024712
0 0.825806 0.143328 0.012903 0.028007
0 0.542857 0.311367 0.023963 0.051071
0 0.329032 0.283361 0.020276 0.037891
0 0.837788 0.184514 0.013825 0.031301
0 0.600000 0.257002 0.021198 0.039539
0 0.758525 0.135091 0.012903 0.032949
0 0.704147 0.283361 0.024885 0.057661
0 0.474654 0.327842 0.024885 0.042834
0 0.483871 0.174629 0.013825 0.031301
0 0.894931 0.136738 0.013825 0.029654
0 0.726267 0.131796 0.010138 0.024712
0 0.789862 0.141680 0.014747 0.031301
0 0.883871 0.149918 0.012903 0.028007
0 0.214747 0.352554 0.042396 0.084020
0 0.449770 0.168040 0.012903 0.028007
0 0.741935 0.153213 0.011060 0.026359
0 0.376037 0.225700 0.013825 0.032949
0 0.800922 0.133443 0.011982 0.026359
0 0.583410 0.112026 0.012903 0.021417
0 0.699539 0.148270 0.017512 0.029654
0 0.537327 0.168040 0.012903 0.028007
0 0.674654 0.321252 0.027650 0.059308
0 0.829493 0.080725 0.011982 0.031301
0 0.278341 0.265239 0.019355 0.034596
0 0.361290 0.215815 0.016590 0.034596
0 0.562212 0.168040 0.014747 0.032949
0 0.854378 0.153213 0.013825 0.024712
0 0.790783 0.189456 0.017512 0.037891
0 0.462673 0.196046 0.018433 0.029654
0 0.909677 0.186161 0.016590 0.034596
0 0.679263 0.107084 0.012903 0.028007
0 0.837788 0.149918 0.013825 0.029654
0 0.435023 0.192751 0.014747 0.029654
0 0.418433 0.182867 0.015668 0.026359
0 0.550230 0.126853 0.011982 0.026359
0 0.458986 0.220758 0.011060 0.029654
