0 0.279687 0.369955 0.060937 0.082960
0 0.887500 0.367713 0.068750 0.078475
0 0.842187 0.334081 0.040625 0.071749
0 0.235937 0.468610 0.093750 0.116592
0 0.518750 0.331839 0.042188 0.067265
0 0.625000 0.293722 0.037500 0.049327
0 0.112500 0.320628 0.062500 0.073991
0 0.354687 0.331839 0.059375 0.073991
0 0.423438 0.316143 0.043750 0.062780
0 0.696875 0.291480 0.051562 0.082960
0 0.693750 0.360987 0.078125 0.112108
0 0.445312 0.410314 0.092188 0.107623
0 0.018750 0.322870 0.034375 0.067265
0 0.798438 0.302691 0.062500 0.087444
0 0.525000 0.298206 0.034375 0.044843
