0 0.808590 0.291391 0.025210 0.057947
0 0.405229 0.213576 0.015873 0.028146
0 0.615313 0.256623 0.021475 0.043046
0 0.906629 0.139073 0.011204 0.024834
0 0.772176 0.269868 0.027077 0.057947
0 0.658263 0.213576 0.023343 0.044702
0 0.463119 0.215232 0.019608 0.038079
0 0.701214 0.304636 0.027077 0.057947
0 0.355742 0.241722 0.017740 0.028146
0 0.393091 0.263245 0.023343 0.036424
0 0.826331 0.057947 0.012138 0.028146
0 0.567694 0.172185 0.014939 0.034768
0 0.572362 0.120861 0.011204 0.026490
0 0.419234 0.153974 0.014939 0.031457
0 0.473389 0.117550 0.012138 0.026490
0 0.907563 0.311258 0.022409 0.064570
0 0.713352 0.250000 0.023343 0.054636
0 0.536881 0.115894 0.014006 0.024834
0 0.934641 0.147351 0.012138 0.024834
0 0.093371 0.317881 0.018674 0.043046
0 0.589169 0.119205 0.011204 0.026490
0 0.605976 0.233444 0.019608 0.019868
0 0.182073 0.471854 0.038282 0.066225
0 0.479925 0.324503 0.025210 0.046358
0 0.539683 0.322848 0.026144 0.049669
0 0.521008 0.117550 0.013072 0.026490
0 0.364146 0.188742 0.013072 0.028146
