0 0.584362 0.086059 0.012346 0.025818
0 0.879835 0.289157 0.017284 0.044750
0 0.696296 0.189329 0.015638 0.037866
0 0.823868 0.225473 0.013169 0.032702
0 0.244444 0.113597 0.013992 0.029260
0 0.167901 0.254733 0.022222 0.048193
0 0.733333 0.209983 0.013992 0.037866
0 0.235391 0.352840 0.024691 0.060241
0 0.117695 0.581756 0.035391 0.080895
0 0.186008 0.191050 0.019753 0.039587
0 0.360494 0.074010 0.016461 0.039587
0 0.420576 0.156627 0.015638 0.043029
0 0.072428 0.473322 0.025514 0.077453
0 0.484774 0.065404 0.012346 0.027539
0 0.511111 0.172117 0.013169 0.032702
0 0.041975 0.230637 0.022222 0.048193
0 0.459259 0.115318 0.015638 0.037866
0 0.467490 0.144578 0.015638 0.027539
0 0.796708 0.354561 0.018930 0.051635
0 0.349794 0.215146 0.017284 0.043029
0 0.546502 0.074010 0.013169 0.034423
0 0.784362 0.194492 0.015638 0.037866
0 0.471605 0.110155 0.014815 0.034423
0 0.426337 0.075731 0.013169 0.030981
0 0.151440 0.149742 0.020576 0.041308
0 0.562963 0.297762 0.021399 0.055077
0 0.613992 0.222031 0.015638 0.041308
0 0.548971 0.454389 0.031276 0.070568
0 0.287243 0.194492 0.022222 0.051635
0 0.651852 0.135972 0.013992 0.030981
0 0.069136 0.407917 0.028807 0.063683
0 0.940741 0.347676 0.020576 0.051635
0 0.679012 0.328744 0.023868 0.049914
0 0.221399 0.134251 0.013992 0.032702
0 0.585185 0.191050 0.014815 0.046472
0 0.511934 0.096386 0.010700 0.030981
0 0.116872 0.201377 0.023045 0.046472
0 0.604115 0.129088 0.011523 0.037866
0 0.246091 0.273666 0.025514 0.058520
0 0.560494 0.172117 0.015638 0.039587
0 0.476543 0.247849 0.021399 0.055077
0 0.712757 0.237522 0.016461 0.041308
0 0.861728 0.259897 0.014815 0.043029
0 0.581893 0.127367 0.013169 0.032702
0 0.191770 0.423408 0.029630 0.060241
0 0.623045 0.094664 0.017284 0.032702
0 0.487243 0.203098 0.014815 0.041308
0 0.313580 0.208262 0.018930 0.043029
0 0.295473 0.149742 0.018930 0.044750
0 0.403292 0.082616 0.013169 0.030981
0 0.187654 0.129088 0.017284 0.036145
0 0.381893 0.165232 0.015638 0.039587
