0 0.246250 0.483264 0.082500 0.133891
0 0.401250 0.449791 0.047500 0.087866
0 0.766250 0.523013 0.070000 0.125523
0 0.860000 0.500000 0.047500 0.104603
0 0.472500 0.531381 0.057500 0.135983
0 0.833750 0.468619 0.031250 0.066946
0 0.988750 0.443515 0.022500 0.046025
0 0.907500 0.543933 0.083750 0.163180
0 0.112500 0.418410 0.060000 0.098326
0 0.618750 0.426778 0.045000 0.075314
0 0.682500 0.441423 0.031250 0.069038
0 0.611250 0.518828 0.071250 0.115063
0 0.138750 0.476987 0.058750 0.112971
0 0.471250 0.481172 0.050000 0.092050
0 0.317500 0.481172 0.062500 0.098326
0 0.686250 0.600418 0.093750 0.165272
0 0.366250 0.263598 0.035000 0.066946
0 0.968750 0.500000 0.048750 0.098326
0 0.282500 0.253138 0.032500 0.075314
0 0.595000 0.470711 0.060000 0.087866
0 0.361250 0.615063 0.107500 0.190377
0 0.522500 0.443515 0.048750 0.085774
0 0.911250 0.447699 0.035000 0.069038
