0 0.511161 0.451720 0.077381 0.120370
0 0.534722 0.269180 0.019593 0.030093
0 0.823165 0.388889 0.027778 0.059193
0 0.250744 0.431217 0.078125 0.089286
0 0.231151 0.296958 0.019593 0.031085
0 0.094742 0.436177 0.080357 0.123016
0 0.460069 0.353836 0.032242 0.051257
0 0.174355 0.318783 0.042907 0.053241
0 0.724950 0.354828 0.025546 0.037037
0 0.164683 0.272156 0.017361 0.022156
0 0.767857 0.387566 0.040675 0.060185
0 0.511161 0.335317 0.027778 0.045966
0 0.324405 0.421296 0.065972 0.096230
0 0.433780 0.326720 0.020337 0.043320
0 0.849702 0.380291 0.021081 0.047950
0 0.728423 0.393519 0.033730 0.052249
0 0.068452 0.561839 0.122520 0.190476
0 0.091766 0.321429 0.044395 0.058201
0 0.174107 0.369709 0.040675 0.075066
0 0.139137 0.253638 0.032242 0.044974
0 0.799107 0.395833 0.032242 0.059193
0 0.194196 0.296296 0.025546 0.040344
0 0.250744 0.547288 0.117063 0.151455
0 0.017361 0.296627 0.032242 0.057209
0 0.413690 0.400132 0.061756 0.087302
0 0.512897 0.283730 0.013641 0.021164
0 0.092510 0.292328 0.036706 0.044312
0 0.680308 0.373347 0.024802 0.049934
0 0.478423 0.261574 0.015129 0.026786
0 0.276786 0.307209 0.018849 0.038029
0 0.312748 0.318122 0.021825 0.036045
0 0.926339 0.374008 0.016617 0.035053
0 0.379216 0.268188 0.042163 0.062169
0 0.600942 0.358796 0.028522 0.039352
0 0.647569 0.376323 0.043651 0.068452
0 0.219990 0.375992 0.057044 0.093254
0 0.012153 0.333664 0.021825 0.061177
0 0.416667 0.330357 0.028522 0.048280
0 0.945437 0.355820 0.017113 0.024802
0 0.212302 0.287037 0.021081 0.030093
0 0.865079 0.376323 0.021825 0.040013
0 0.281498 0.370701 0.051091 0.073082
0 0.083085 0.367394 0.061756 0.088294
0 0.619792 0.360780 0.017857 0.037368
0 0.416419 0.494709 0.092510 0.136243
0 0.883185 0.372024 0.024802 0.046958
0 0.366567 0.361772 0.057044 0.081019
0 0.906498 0.373016 0.021825 0.035053
0 0.616815 0.465278 0.055556 0.093254
0 0.293155 0.307209 0.018849 0.041997
0 0.051091 0.244709 0.031002 0.039021
0 0.556548 0.360450 0.032986 0.050265
0 0.253720 0.311839 0.027034 0.042989
