0 0.769086 0.160000 0.018850 0.041667
0 0.344958 0.233333 0.019793 0.036667
0 0.376060 0.236667 0.020735 0.043333
0 0.519321 0.170000 0.019793 0.033333
0 0.907634 0.313333 0.051838 0.111667
0 0.487276 0.196667 0.024505 0.045000
0 0.654100 0.271667 0.024505 0.055000
0 0.460886 0.231667 0.023563 0.051667
0 0.588124 0.166667 0.019793 0.030000
0 0.708765 0.275000 0.023563 0.045000
0 0.619227 0.245000 0.025448 0.051667
0 0.181904 0.276667 0.020735 0.041667
0 0.695570 0.161667 0.016023 0.033333
0 0.760603 0.306667 0.024505 0.058333
0 0.754948 0.240000 0.025448 0.048333
0 0.624882 0.205000 0.017908 0.040000
0 0.395853 0.181667 0.015080 0.036667
0 0.574929 0.130000 0.015080 0.031667
0 0.414703 0.196667 0.016023 0.036667
0 0.664467 0.211667 0.019793 0.045000
0 0.457116 0.198333 0.019793 0.026667
0 0.922714 0.235000 0.019793 0.056667
0 0.699340 0.228333 0.023563 0.046667
0 0.732328 0.198333 0.022620 0.046667
0 0.491989 0.298333 0.029218 0.055000
0 0.390198 0.286667 0.025448 0.046667
0 0.358153 0.300000 0.021678 0.041667
0 0.960415 0.200000 0.032045 0.078333
0 0.448633 0.176667 0.016023 0.033333
0 0.325165 0.228333 0.015080 0.031667
0 0.547597 0.163333 0.019793 0.038333
0 0.379830 0.186667 0.016023 0.033333
0 0.231857 0.236667 0.016965 0.036667
0 0.835061 0.323333 0.028275 0.065000
