0 0.038182 0.286885 0.041818 0.071038
0 0.018182 0.174863 0.030909 0.054645
0 0.561818 0.442623 0.041818 0.084699
0 0.152727 0.333333 0.038182 0.073770
0 0.290909 0.336066 0.027273 0.051913
0 0.507273 0.371585 0.029091 0.068306
0 0.298182 0.453552 0.058182 0.112022
0 0.103636 0.393443 0.056364 0.098361
0 0.681818 0.442623 0.043636 0.073770
0 0.105455 0.295082 0.032727 0.060109
0 0.827273 0.428962 0.036364 0.073770
0 0.443636 0.459016 0.050909 0.090164
0 0.569091 0.322404 0.023636 0.049180
0 0.796364 0.390710 0.032727 0.062842
0 0.229091 0.295082 0.025455 0.060109
0 0.200000 0.300546 0.030909 0.060109
0 0.527273 0.385246 0.032727 0.065574
0 0.729091 0.341530 0.029091 0.054645
0 0.660000 0.338798 0.027273 0.049180
0 0.310909 0.297814 0.029091 0.043716
0 0.941818 0.300546 0.029091 0.049180
0 0.416364 0.401639 0.043636 0.081967
0 0.685455 0.360656 0.029091 0.057377
0 0.698182 0.382514 0.030909 0.060109
0 0.045455 0.333333 0.050909 0.079235
0 0.603636 0.377049 0.032727 0.065574
0 0.481818 0.341530 0.023636 0.049180
0 0.374545 0.360656 0.036364 0.060109
0 0.381818 0.314208 0.030909 0.054645
0 0.781818 0.355191 0.032727 0.051913
