0 0.618073 0.198601 0.011935 0.027972
0 0.704177 0.346853 0.027280 0.053147
0 0.860188 0.251748 0.014493 0.029371
0 0.699062 0.215385 0.017050 0.036364
0 0.722080 0.293706 0.019608 0.043357
0 0.473146 0.222378 0.014493 0.026573
0 0.950554 0.352448 0.023870 0.046154
0 0.779199 0.275524 0.016198 0.043357
0 0.866155 0.433566 0.030691 0.062937
0 0.952259 0.299301 0.017903 0.033566
0 0.462063 0.239161 0.016198 0.034965
0 0.685422 0.222378 0.011083 0.027972
0 0.509804 0.367832 0.040921 0.053147
0 0.830350 0.289510 0.017903 0.030769
0 0.408355 0.292308 0.018755 0.030769
0 0.554135 0.395804 0.030691 0.051748
0 0.674339 0.372028 0.030691 0.062937
0 0.351236 0.318881 0.018755 0.032168
0 0.283035 0.353846 0.022165 0.037762
0 0.526002 0.269930 0.017050 0.034965
0 0.475703 0.254545 0.013640 0.030769
0 0.613811 0.212587 0.011083 0.023776
0 0.256607 0.334266 0.022165 0.040559
0 0.547315 0.248951 0.017050 0.034965
0 0.639386 0.293706 0.021313 0.040559
0 0.832907 0.260140 0.017903 0.032168
0 0.792839 0.260140 0.017050 0.030769
0 0.761296 0.223776 0.014493 0.033566
0 0.679454 0.269930 0.020460 0.041958
0 0.716965 0.243357 0.015345 0.030769
0 0.225064 0.331469 0.021313 0.037762
0 0.797101 0.232168 0.016198 0.033566
0 0.942029 0.454545 0.033248 0.060140
0 0.329923 0.363636 0.023018 0.050350
0 0.620631 0.418182 0.032396 0.062937
0 0.498721 0.254545 0.013640 0.026573
0 0.520887 0.234965 0.014493 0.026573
0 0.709292 0.527273 0.043478 0.074126
0 0.594203 0.226573 0.013640 0.025175
0 0.543052 0.353846 0.026428 0.051748
0 0.410060 0.321678 0.023870 0.037762
0 0.435635 0.299301 0.020460 0.037762
0 0.739130 0.393007 0.028986 0.053147
0 0.828645 0.351049 0.023018 0.050350
0 0.476556 0.302098 0.019608 0.036364
0 0.353794 0.283916 0.019608 0.034965
0 0.697357 0.282517 0.017903 0.039161
0 0.885763 0.327273 0.020460 0.037762
0 0.459506 0.330070 0.022165 0.043357
0 0.605286 0.320280 0.023018 0.043357
0 0.933504 0.299301 0.015345 0.030769
0 0.936061 0.381818 0.027280 0.051748
0 0.510656 0.251748 0.011935 0.025175
0 0.848252 0.502098 0.039216 0.067133
0 0.563512 0.267133 0.017903 0.040559
0 0.892583 0.247552 0.017050 0.032168
0 0.132140 0.509091 0.048593 0.085315
0 0.799659 0.411189 0.032396 0.057343
0 0.427110 0.251748 0.016198 0.026573
0 0.862745 0.309091 0.018755 0.047552
0 0.601876 0.359441 0.028133 0.054545
0 0.388747 0.324476 0.019608 0.036364
0 0.283887 0.300699 0.019608 0.036364
0 0.649616 0.453147 0.038363 0.062937
0 0.928389 0.321678 0.018755 0.046154
0 0.953964 0.262937 0.014493 0.032168
0 0.643649 0.241958 0.015345 0.033566
0 0.753623 0.246154 0.015345 0.032168
0 0.583120 0.248951 0.013640 0.032168
0 0.826087 0.237762 0.015345 0.032168
0 0.642796 0.212587 0.015345 0.027972
0 0.878090 0.367832 0.022165 0.053147
0 0.397272 0.253147 0.017903 0.030769
0 0.445865 0.254545 0.014493 0.026573
0 0.913896 0.271329 0.019608 0.041958
0 0.655584 0.328671 0.024723 0.044755
