0 0.788000 0.581333 0.030000 0.053333
0 0.294000 0.618667 0.044000 0.064000
0 0.110000 0.648000 0.052000 0.077333
0 0.402000 0.578667 0.020000 0.032000
0 0.916000 0.570667 0.026000 0.056000
0 0.680000 0.632000 0.044000 0.056000
0 0.234000 0.669333 0.068000 0.082667
0 0.812000 0.589333 0.036000 0.048000
0 0.968000 0.789333 0.062000 0.197333
0 0.048000 0.634667 0.044000 0.069333
0 0.370000 0.576000 0.032000 0.050667
0 0.750000 0.698667 0.070000 0.114667
0 0.206000 0.573333 0.032000 0.042667
0 0.192000 0.624000 0.048000 0.061333
0 0.640000 0.546667 0.024000 0.029333
0 0.042000 0.818667 0.080000 0.157333
0 0.252000 0.629333 0.054000 0.058667
0 0.952000 0.584000 0.034000 0.045333
0 0.628000 0.597333 0.038000 0.050667
0 0.028000 0.576000 0.036000 0.050667
0 0.924000 0.637333 0.040000 0.061333
0 0.890000 0.677333 0.054000 0.072000
0 0.882000 0.578667 0.032000 0.050667
0 0.230000 0.560000 0.030000 0.040000
0 0.718000 0.578667 0.034000 0.042667
0 0.158000 0.573333 0.028000 0.050667
0 0.828000 0.650667 0.054000 0.069333
0 0.310000 0.581333 0.028000 0.037333
0 0.600000 0.573333 0.022000 0.026667
0 0.054000 0.576000 0.034000 0.045333
0 0.676000 0.570667 0.028000 0.032000
0 0.560000 0.498667 0.026000 0.026667
0 0.786000 0.554667 0.026000 0.037333
0 0.848000 0.573333 0.040000 0.061333
