1 0.527112 0.220000 0.070618 0.166667
0 0.577554 0.255556 0.013871 0.033333
1 0.366961 0.188889 0.080706 0.197778
1 0.616646 0.217778 0.059269 0.155556
1 0.422446 0.260000 0.073140 0.166667
0 0.973518 0.244444 0.046658 0.153333
1 0.731400 0.202222 0.054224 0.137778
0 0.047919 0.204444 0.016393 0.035556
0 0.489281 0.244444 0.031526 0.091111
0 0.036570 0.213333 0.018916 0.037778
0 0.784363 0.260000 0.047919 0.111111
1 0.148802 0.222222 0.179067 0.306667
0 0.915511 0.271111 0.016393 0.044444
1 0.320303 0.208889 0.112232 0.235556
0 0.255990 0.242222 0.013871 0.028889
