0 0.638000 0.584000 0.088000 0.120000
0 0.808000 0.672000 0.114000 0.178667
0 0.160000 0.472000 0.032000 0.048000
0 0.332000 0.530667 0.044000 0.074667
0 0.316000 0.610667 0.074000 0.125333
0 0.404000 0.514667 0.048000 0.085333
0 0.022000 0.578667 0.040000 0.104000
0 0.444000 0.496000 0.038000 0.085333
0 0.352000 0.781333 0.140000 0.213333
0 0.540000 0.877333 0.208000 0.229333
0 0.122000 0.490667 0.038000 0.056000
0 0.738000 0.400000 0.046000 0.069333
0 0.048000 0.493333 0.054000 0.080000
0 0.528000 0.573333 0.068000 0.093333
