0 0.491487 0.155870 0.013621 0.032389
0 0.658343 0.178138 0.017026 0.034413
0 0.342792 0.224696 0.015891 0.038462
0 0.493757 0.117409 0.009081 0.018219
0 0.607264 0.228745 0.018161 0.040486
0 0.684449 0.119433 0.015891 0.038462
0 0.801362 0.137652 0.007946 0.022267
0 0.855846 0.147773 0.012486 0.032389
0 0.684449 0.259109 0.019296 0.046559
0 0.928490 0.261134 0.015891 0.042510
0 0.362089 0.186235 0.013621 0.034413
0 0.275823 0.220648 0.013621 0.036437
0 0.758229 0.354251 0.024972 0.070850
0 0.479001 0.155870 0.012486 0.024291
0 0.439274 0.234818 0.021566 0.038462
0 0.837684 0.149798 0.010216 0.020243
0 0.552781 0.182186 0.013621 0.042510
0 0.824064 0.172065 0.014756 0.034413
0 0.586833 0.216599 0.022701 0.048583
0 0.841090 0.220648 0.015891 0.042510
0 0.401816 0.236842 0.017026 0.042510
0 0.877412 0.230769 0.020431 0.048583
0 0.866061 0.180162 0.015891 0.038462
0 0.594779 0.111336 0.011351 0.022267
0 0.668558 0.230769 0.011351 0.046559
0 0.602724 0.155870 0.014756 0.044534
0 0.757094 0.240891 0.019296 0.044534
0 0.548241 0.135628 0.011351 0.026316
0 0.660613 0.111336 0.012486 0.032389
0 0.520999 0.172065 0.012486 0.038462
0 0.382520 0.212551 0.011351 0.030364
0 0.437003 0.159919 0.015891 0.030364
0 0.311010 0.226721 0.014756 0.038462
0 0.562997 0.157895 0.014756 0.032389
0 0.435868 0.202429 0.019296 0.040486
0 0.614075 0.105263 0.011351 0.022267
0 0.391600 0.208502 0.014756 0.026316
0 0.701476 0.115385 0.011351 0.028340
0 0.811578 0.255061 0.020431 0.054656
0 0.733258 0.188259 0.014756 0.040486
0 0.784336 0.137652 0.009081 0.030364
0 0.524404 0.123482 0.009081 0.026316
0 0.930760 0.212551 0.011351 0.036437
0 0.366629 0.238866 0.015891 0.040486
0 0.632236 0.234818 0.018161 0.044534
0 0.725312 0.143725 0.012486 0.028340
0 0.637911 0.155870 0.014756 0.032389
0 0.295119 0.228745 0.012486 0.030364
0 0.535755 0.161943 0.015891 0.022267
0 0.786606 0.165992 0.014756 0.028340
0 0.906924 0.180162 0.011351 0.028340
0 0.717367 0.228745 0.019296 0.046559
0 0.912599 0.317814 0.022701 0.054656
0 0.765040 0.123482 0.010216 0.022267
0 0.620885 0.135628 0.017026 0.034413
0 0.793417 0.202429 0.017026 0.038462
