0 0.373750 0.288136 0.013750 0.022599
0 0.450000 0.295669 0.016250 0.020716
0 0.345000 0.301318 0.020000 0.030132
0 0.057500 0.440678 0.045000 0.054614
0 0.092500 0.316384 0.025000 0.043315
0 0.142500 0.273070 0.018750 0.033898
0 0.273750 0.367232 0.020000 0.035782
0 0.057500 0.497175 0.053750 0.062147
0 0.328750 0.265537 0.013750 0.020716
0 0.728750 0.370998 0.025000 0.043315
0 0.025000 0.229755 0.020000 0.030132
0 0.635000 0.350282 0.022500 0.045198
0 0.468750 0.295669 0.015000 0.024482
0 0.583750 0.410546 0.031250 0.043315
0 0.078750 0.222222 0.016250 0.022599
0 0.585000 0.361582 0.018750 0.039548
0 0.682500 0.355932 0.020000 0.045198
0 0.028750 0.615819 0.052500 0.141243
0 0.121250 0.299435 0.023750 0.030132
0 0.163750 0.427495 0.030000 0.050847
0 0.421250 0.310734 0.018750 0.020716
0 0.127500 0.623352 0.091250 0.128060
0 0.138750 0.372881 0.028750 0.043315
0 0.272500 0.271186 0.015000 0.026365
0 0.276250 0.446328 0.032500 0.060264
0 0.928750 0.401130 0.045000 0.084746
0 0.023750 0.352166 0.032500 0.043315
0 0.217500 0.461394 0.037500 0.052731
0 0.707500 0.323917 0.027500 0.035782
0 0.307500 0.446328 0.047500 0.077213
0 0.340000 0.386064 0.020000 0.033898
0 0.278750 0.322034 0.021250 0.026365
0 0.373750 0.310734 0.016250 0.028249
0 0.016250 0.378531 0.026250 0.045198
0 0.041250 0.282486 0.018750 0.028249
0 0.970000 0.320151 0.033750 0.052731
0 0.626250 0.435028 0.042500 0.064030
0 0.300000 0.265537 0.017500 0.020716
0 0.398750 0.397363 0.021250 0.030132
0 0.011250 0.293785 0.020000 0.033898
0 0.712500 0.348399 0.018750 0.033898
0 0.236250 0.284369 0.018750 0.028249
0 0.171250 0.259887 0.020000 0.022599
0 0.115000 0.414313 0.022500 0.037665
0 0.360000 0.329567 0.020000 0.024482
0 0.011250 0.419962 0.021250 0.062147
0 0.820000 0.448211 0.055000 0.077213
0 0.766250 0.329567 0.020000 0.035782
0 0.673750 0.391714 0.031250 0.060264
0 0.397500 0.291902 0.013750 0.016949
0 0.205000 0.291902 0.017500 0.024482
0 0.871250 0.325800 0.031250 0.041431
0 0.423750 0.278719 0.013750 0.016949
0 0.512500 0.280603 0.017500 0.026365
0 0.751250 0.354049 0.018750 0.028249
0 0.311250 0.310734 0.022500 0.032015
