0 0.522581 0.412621 0.022581 0.033981
0 0.774194 0.364078 0.025806 0.029126
0 0.703226 0.548544 0.038710 0.058252
0 0.738710 0.262136 0.022581 0.029126
0 0.916129 0.373786 0.022581 0.043689
0 0.935484 0.398058 0.022581 0.033981
0 0.738710 0.349515 0.022581 0.038835
0 0.754839 0.466019 0.025806 0.043689
0 0.777419 0.300971 0.019355 0.029126
0 0.951613 0.252427 0.019355 0.043689
0 0.774194 0.529126 0.032258 0.058252
0 0.935484 0.640777 0.051613 0.082524
0 0.825806 0.330097 0.022581 0.033981
0 0.696774 0.315534 0.016129 0.019417
0 0.629032 0.524272 0.032258 0.058252
0 0.574194 0.475728 0.022581 0.043689
0 0.500000 0.402913 0.016129 0.029126
0 0.877419 0.446602 0.041935 0.048544
0 0.796774 0.286408 0.022581 0.033981
