0 0.624652 0.260656 0.019462 0.042623
0 0.617238 0.104918 0.010195 0.021311
0 0.587581 0.122951 0.011121 0.024590
0 0.902688 0.324590 0.020389 0.059016
0 0.820204 0.140984 0.012975 0.032787
0 0.449490 0.165574 0.012975 0.024590
0 0.680259 0.186885 0.016682 0.042623
0 0.483781 0.196721 0.015755 0.037705
0 0.851715 0.173770 0.014829 0.031148
0 0.563485 0.134426 0.012048 0.026230
0 0.906395 0.436066 0.029657 0.077049
0 0.443003 0.227869 0.018536 0.039344
0 0.757183 0.332787 0.029657 0.065574
0 0.600556 0.329508 0.023170 0.063934
0 0.395737 0.198361 0.013902 0.029508
0 0.595922 0.108197 0.009268 0.026230
0 0.299351 0.273770 0.013902 0.024590
0 0.780352 0.208197 0.015755 0.039344
0 0.524560 0.173770 0.014829 0.032787
0 0.513438 0.150820 0.012975 0.026230
0 0.511585 0.209836 0.016682 0.037705
0 0.660797 0.173770 0.014829 0.032787
0 0.484708 0.324590 0.030584 0.055738
0 0.303985 0.240984 0.011121 0.032787
0 0.874884 0.204918 0.018536 0.045902
0 0.281742 0.249180 0.012048 0.026230
0 0.765524 0.218033 0.013902 0.044262
0 0.823911 0.211475 0.017609 0.042623
0 0.568119 0.252459 0.018536 0.045902
0 0.644115 0.137705 0.008341 0.027869
0 0.908248 0.272131 0.016682 0.049180
0 0.413346 0.175410 0.010195 0.022951
0 0.566265 0.300000 0.020389 0.054098
0 0.923077 0.157377 0.012048 0.021311
0 0.741427 0.119672 0.012048 0.031148
0 0.158480 0.352459 0.030584 0.063934
0 0.377201 0.285246 0.019462 0.042623
0 0.641335 0.106557 0.012048 0.024590
0 0.367006 0.196721 0.015755 0.029508
0 0.793327 0.396721 0.024096 0.070492
0 0.797034 0.157377 0.015755 0.031148
0 0.720111 0.275410 0.021316 0.052459
0 0.725672 0.195082 0.021316 0.049180
0 0.833179 0.142623 0.011121 0.032787
0 0.867470 0.263934 0.018536 0.042623
0 0.765524 0.131148 0.011121 0.031148
0 0.789620 0.283607 0.018536 0.049180
0 0.860056 0.136066 0.012048 0.034426
0 0.698795 0.104918 0.011121 0.024590
0 0.627433 0.211475 0.014829 0.034426
0 0.613531 0.140984 0.012975 0.029508
0 0.556070 0.122951 0.010195 0.026230
0 0.384615 0.229508 0.016682 0.031148
0 0.686747 0.314754 0.032437 0.062295
0 0.926784 0.247541 0.021316 0.036066
0 0.900834 0.149180 0.011121 0.026230
0 0.596849 0.165574 0.015755 0.029508
0 0.753475 0.145902 0.015755 0.037705
0 0.487488 0.172131 0.013902 0.031148
0 0.355885 0.268852 0.017609 0.039344
0 0.471733 0.232787 0.019462 0.037705
0 0.774791 0.160656 0.015755 0.034426
0 0.575533 0.168852 0.013902 0.032787
0 0.673772 0.104918 0.011121 0.026230
0 0.916589 0.216393 0.013902 0.032787
0 0.544022 0.183607 0.013902 0.029508
0 0.805375 0.240984 0.015755 0.047541
