0 0.363559 0.330472 0.018644 0.034335
0 0.655085 0.300429 0.022881 0.041488
0 0.494068 0.400572 0.029661 0.061516
0 0.488983 0.306152 0.021186 0.032904
0 0.363559 0.297568 0.016102 0.028612
0 0.752542 0.250358 0.016102 0.037196
0 0.554237 0.354793 0.027119 0.050072
0 0.940678 0.323319 0.017797 0.035765
0 0.693220 0.227468 0.012712 0.027182
0 0.881356 0.270386 0.016102 0.040057
0 0.622881 0.326180 0.025424 0.048641
0 0.922881 0.277539 0.015254 0.031474
0 0.724576 0.542203 0.034746 0.070100
0 0.870339 0.444921 0.028814 0.064378
0 0.436441 0.296137 0.014407 0.025751
0 0.959322 0.304721 0.016949 0.034335
0 0.522881 0.261803 0.016102 0.031474
0 0.680508 0.360515 0.024576 0.050072
0 0.599153 0.264664 0.018644 0.034335
0 0.692373 0.277539 0.018644 0.038627
0 0.394915 0.333333 0.020339 0.037196
0 0.950000 0.460658 0.030508 0.077253
0 0.613559 0.453505 0.033051 0.052933
0 0.564407 0.409156 0.042373 0.062947
0 0.811017 0.261803 0.015254 0.028612
0 0.658475 0.217454 0.014407 0.030043
0 0.867797 0.253219 0.014407 0.035765
0 0.654237 0.463519 0.033898 0.068670
0 0.266102 0.344778 0.021186 0.045780
0 0.717797 0.298999 0.019492 0.038627
0 0.836441 0.360515 0.023729 0.044349
0 0.572034 0.226037 0.015254 0.025751
0 0.961864 0.351931 0.020339 0.045780
0 0.835593 0.246066 0.016102 0.028612
0 0.537288 0.247496 0.014407 0.027182
0 0.588136 0.217454 0.013559 0.024320
0 0.938983 0.397711 0.020339 0.050072
0 0.843220 0.506438 0.032203 0.067239
0 0.485593 0.260372 0.016949 0.030043
0 0.402542 0.261803 0.017797 0.034335
0 0.939831 0.298999 0.015254 0.028612
0 0.761864 0.238913 0.014407 0.032904
0 0.661864 0.246066 0.015254 0.031474
0 0.103390 0.559371 0.042373 0.071531
0 0.838136 0.276109 0.014407 0.025751
0 0.521186 0.314735 0.020339 0.035765
0 0.894915 0.336195 0.022034 0.042918
0 0.557627 0.251788 0.015254 0.031474
0 0.343220 0.356223 0.027966 0.047210
0 0.884746 0.396280 0.019492 0.055794
0 0.864407 0.297568 0.019492 0.038627
0 0.482203 0.240343 0.015254 0.028612
0 0.690678 0.206009 0.012712 0.025751
0 0.537288 0.274678 0.016949 0.035765
0 0.743220 0.400572 0.029661 0.048641
0 0.728814 0.297568 0.018644 0.048641
0 0.618644 0.206009 0.015254 0.024320
0 0.798305 0.273247 0.017797 0.032904
0 0.622034 0.246066 0.011017 0.027182
0 0.726271 0.247496 0.014407 0.030043
0 0.286441 0.371960 0.017797 0.040057
0 0.837288 0.298999 0.017797 0.038627
0 0.804237 0.236052 0.016949 0.028612
0 0.808475 0.420601 0.028814 0.058655
0 0.704237 0.224607 0.012712 0.032904
0 0.572034 0.278970 0.016102 0.027182
0 0.668644 0.339056 0.019492 0.038627
0 0.418644 0.294707 0.019492 0.035765
0 0.438983 0.257511 0.019492 0.028612
0 0.236441 0.337625 0.018644 0.038627
0 0.602542 0.236052 0.013559 0.025751
0 0.914407 0.316166 0.020339 0.037196
0 0.423729 0.327611 0.021186 0.040057
0 0.622881 0.220315 0.014407 0.027182
0 0.769492 0.233190 0.015254 0.028612
0 0.457627 0.323319 0.022881 0.040057
0 0.966949 0.271817 0.014407 0.032904
