0 0.715278 0.426543 0.056713 0.078704
0 0.170833 0.436728 0.058102 0.092593
0 0.929630 0.689815 0.130093 0.205247
0 0.558102 0.812037 0.211343 0.351235
0 0.681019 0.459877 0.058333 0.093519
0 0.461806 0.234877 0.102315 0.153395
0 0.925463 0.456481 0.056019 0.072531
0 0.938194 0.556481 0.103704 0.159568
0 0.142130 0.400309 0.057407 0.097531
0 0.302546 0.623765 0.151620 0.247840
0 0.806713 0.458025 0.054398 0.095679
0 0.222685 0.455556 0.087269 0.134568
0 0.264583 0.408025 0.039583 0.075617
0 0.307870 0.409259 0.046991 0.077778
