0 0.921277 0.367412 0.020213 0.039936
0 0.896809 0.376997 0.036170 0.063898
0 0.798936 0.415335 0.040426 0.070288
0 0.793617 0.335463 0.020213 0.039936
0 0.805319 0.359425 0.019149 0.046326
0 0.985106 0.361022 0.022340 0.043131
0 0.446809 0.325879 0.135106 0.252396
0 0.953191 0.373802 0.024468 0.041534
0 0.936170 0.333866 0.015957 0.036741
0 0.772340 0.359425 0.025532 0.046326
0 0.856383 0.361022 0.028723 0.049521
0 0.893617 0.440895 0.040426 0.070288
0 0.915957 0.337061 0.024468 0.033546
0 0.747872 0.322684 0.021277 0.039936
0 0.837234 0.340256 0.017021 0.038339
0 0.634043 0.298722 0.015957 0.028754
0 0.876596 0.325879 0.012766 0.027157
0 0.868085 0.337061 0.017021 0.028754
0 0.686170 0.271565 0.048936 0.081470
0 0.818085 0.369010 0.028723 0.049521
0 0.335106 0.364217 0.055319 0.083067
0 0.646809 0.305112 0.017021 0.036741
0 0.985106 0.423323 0.028723 0.071885
0 0.661702 0.330671 0.020213 0.041534
0 0.370213 0.321086 0.031915 0.062300
0 0.942553 0.428115 0.057447 0.075080
0 0.577660 0.231629 0.026596 0.036741
