0 0.769231 0.478702 0.067476 0.115619
0 0.333333 0.249493 0.018893 0.030426
0 0.337382 0.217039 0.013495 0.030426
0 0.686910 0.302231 0.025641 0.036511
0 0.487179 0.310345 0.021592 0.036511
0 0.720648 0.430020 0.048583 0.101420
0 0.547908 0.365112 0.032389 0.054767
0 0.445344 0.356998 0.035088 0.062880
0 0.244265 0.350913 0.032389 0.048682
0 0.614035 0.166329 0.016194 0.030426
0 0.650472 0.432049 0.048583 0.091278
0 0.574899 0.176471 0.020243 0.028398
0 0.531714 0.348884 0.026991 0.044625
0 0.369771 0.229209 0.014845 0.028398
0 0.086370 0.336714 0.037787 0.070994
0 0.690958 0.417850 0.039136 0.093306
0 0.172740 0.306288 0.028340 0.052738
0 0.039136 0.263692 0.028340 0.040568
0 0.419703 0.281947 0.024291 0.046653
0 0.773279 0.397566 0.052632 0.087221
0 0.665317 0.131846 0.021592 0.028398
0 0.349528 0.292089 0.016194 0.030426
0 0.275304 0.316430 0.021592 0.036511
0 0.103914 0.306288 0.032389 0.052738
0 0.493927 0.350913 0.033738 0.050710
0 0.599190 0.229209 0.016194 0.038540
0 0.541161 0.468560 0.049933 0.097363
0 0.693657 0.342799 0.025641 0.036511
0 0.565452 0.135903 0.018893 0.034483
0 0.261808 0.263692 0.017544 0.030426
0 0.717949 0.133874 0.017544 0.024341
0 0.657220 0.255578 0.020243 0.038540
0 0.307692 0.322515 0.022942 0.038540
0 0.411606 0.221095 0.020243 0.032454
0 0.238866 0.308316 0.025641 0.040568
0 0.581646 0.223124 0.017544 0.030426
0 0.381916 0.310345 0.021592 0.044625
0 0.264507 0.294118 0.016194 0.036511
0 0.457490 0.298174 0.022942 0.038540
0 0.322537 0.486815 0.053981 0.093306
0 0.730094 0.188641 0.018893 0.032454
0 0.140351 0.245436 0.021592 0.034483
0 0.496626 0.212982 0.018893 0.032454
0 0.149798 0.399594 0.048583 0.083164
0 0.627530 0.326572 0.020243 0.034483
0 0.217274 0.322515 0.026991 0.054767
0 0.951417 0.511156 0.097166 0.158215
0 0.519568 0.403651 0.045884 0.087221
0 0.275304 0.348884 0.031039 0.056795
0 0.593792 0.397566 0.045884 0.087221
0 0.469636 0.344828 0.024291 0.044625
0 0.916329 0.215010 0.024291 0.046653
0 0.290148 0.472617 0.043185 0.085193
0 0.350877 0.401623 0.037787 0.073022
0 0.769231 0.227181 0.017544 0.032454
0 0.207827 0.283976 0.018893 0.032454
0 0.309042 0.383367 0.044534 0.077079
0 0.696356 0.261663 0.018893 0.034483
0 0.790823 0.158215 0.014845 0.028398
0 0.493927 0.263692 0.017544 0.034483
0 0.453441 0.251521 0.018893 0.026369
0 0.217274 0.247465 0.020243 0.032454
0 0.931174 0.267748 0.039136 0.060852
0 0.801619 0.237323 0.022942 0.042596
0 0.172740 0.247465 0.024291 0.038540
0 0.337382 0.322515 0.020243 0.038540
0 0.774629 0.115619 0.016194 0.028398
0 0.757085 0.204868 0.017544 0.032454
0 0.549258 0.251521 0.014845 0.030426
0 0.663968 0.507099 0.059379 0.105477
0 0.796221 0.563895 0.079622 0.123732
0 0.291498 0.253550 0.020243 0.032454
0 0.121457 0.350913 0.029690 0.056795
0 0.423752 0.178499 0.014845 0.030426
0 0.452092 0.271805 0.020243 0.030426
0 0.237517 0.251521 0.017544 0.034483
0 0.515520 0.328600 0.020243 0.036511
0 0.512821 0.271805 0.021592 0.038540
0 0.546559 0.322515 0.017544 0.034483
0 0.380567 0.235294 0.017544 0.034483
0 0.742240 0.326572 0.047233 0.083164
0 0.848853 0.359026 0.066127 0.097363
0 0.812416 0.131846 0.017544 0.028398
0 0.229420 0.413793 0.047233 0.085193
0 0.415655 0.387424 0.047233 0.093306
0 0.326586 0.283976 0.018893 0.034483
0 0.213225 0.215010 0.014845 0.028398
0 0.361673 0.306288 0.018893 0.036511
0 0.360324 0.482759 0.052632 0.105477
0 0.572200 0.359026 0.041835 0.085193
0 0.257760 0.229209 0.020243 0.030426
0 0.642375 0.221095 0.018893 0.032454
0 0.638327 0.354970 0.026991 0.056795
0 0.228070 0.283976 0.021592 0.038540
0 0.457490 0.210953 0.024291 0.036511
0 0.616734 0.141988 0.016194 0.028398
0 0.390013 0.419878 0.040486 0.066937
0 0.458839 0.442191 0.043185 0.089249
0 0.122807 0.494929 0.052632 0.087221
0 0.295547 0.219067 0.014845 0.028398
0 0.696356 0.221095 0.014845 0.030426
0 0.113360 0.245436 0.026991 0.040568
