0 0.045113 0.367720 0.022556 0.041597
0 0.584586 0.138103 0.015977 0.031614
0 0.540414 0.128120 0.015977 0.033278
0 0.809211 0.128120 0.015977 0.036606
0 0.745301 0.119800 0.013158 0.031614
0 0.352444 0.284526 0.023496 0.041597
0 0.542293 0.166389 0.016917 0.034942
0 0.352444 0.207987 0.016917 0.034942
0 0.704887 0.206323 0.025376 0.046589
0 0.574248 0.176373 0.017857 0.039933
0 0.617481 0.209651 0.028195 0.054908
0 0.937030 0.196339 0.020677 0.048253
0 0.748120 0.098170 0.011278 0.026622
0 0.218045 0.351082 0.048872 0.091514
0 0.480263 0.083195 0.013158 0.031614
0 0.481203 0.241265 0.029135 0.046589
0 0.667293 0.292845 0.030075 0.063228
0 0.335526 0.239601 0.019737 0.038270
0 0.391917 0.196339 0.019737 0.039933
0 0.800752 0.179700 0.020677 0.044925
0 0.500000 0.309484 0.031955 0.066556
0 0.427632 0.262895 0.025376 0.053245
0 0.901316 0.128120 0.011278 0.029950
0 0.429511 0.221298 0.025376 0.036606
0 0.682331 0.337770 0.029135 0.061564
0 0.715226 0.139767 0.015977 0.043261
0 0.484023 0.164725 0.015977 0.031614
0 0.668233 0.211314 0.025376 0.056572
0 0.562030 0.141431 0.015977 0.034942
0 0.685150 0.091514 0.013158 0.024958
0 0.752820 0.279534 0.025376 0.051581
0 0.765977 0.129784 0.015038 0.033278
0 0.749060 0.191348 0.017857 0.036606
0 0.908835 0.189684 0.018797 0.044925
0 0.714286 0.181364 0.019737 0.043261
0 0.457707 0.168053 0.021617 0.033278
0 0.463346 0.209651 0.016917 0.043261
0 0.523496 0.148087 0.015038 0.036606
0 0.301692 0.254576 0.021617 0.041597
0 0.851504 0.196339 0.018797 0.034942
0 0.321429 0.276206 0.021617 0.043261
0 0.876880 0.234609 0.024436 0.048253
0 0.415414 0.169717 0.016917 0.036606
0 0.046992 0.354409 0.015038 0.028286
0 0.612782 0.267887 0.030075 0.059900
0 0.760338 0.161398 0.018797 0.044925
0 0.381579 0.217970 0.016917 0.039933
0 0.614662 0.327787 0.031015 0.071547
0 0.936090 0.149750 0.015977 0.036606
0 0.781015 0.126456 0.013158 0.029950
0 0.262218 0.281198 0.020677 0.039933
0 0.828008 0.161398 0.015977 0.031614
0 0.507519 0.146423 0.015038 0.028286
0 0.647556 0.106489 0.013158 0.029950
0 0.789474 0.302829 0.031955 0.063228
0 0.620301 0.101498 0.013158 0.028286
0 0.789474 0.111481 0.011278 0.028286
0 0.655075 0.164725 0.023496 0.044925
0 0.604323 0.149750 0.018797 0.038270
0 0.839286 0.131448 0.016917 0.043261
0 0.677632 0.118136 0.013158 0.031614
0 0.544173 0.201331 0.023496 0.036606
0 0.701128 0.156406 0.016917 0.038270
0 0.736842 0.161398 0.020677 0.036606
0 0.933271 0.272879 0.021617 0.049917
0 0.447368 0.191348 0.014098 0.036606
0 0.602444 0.118136 0.023496 0.031614
