0 0.934055 0.222222 0.013780 0.028219
0 0.609252 0.264550 0.021654 0.037037
0 0.629921 0.255732 0.018701 0.040564
0 0.791339 0.282187 0.023622 0.051146
0 0.160433 0.349206 0.030512 0.072310
0 0.760827 0.266314 0.020669 0.040564
0 0.586614 0.171076 0.016732 0.031746
0 0.739173 0.181658 0.015748 0.031746
0 0.734252 0.137566 0.013780 0.029982
0 0.911417 0.349206 0.019685 0.063492
0 0.729331 0.261023 0.022638 0.049383
0 0.497047 0.223986 0.022638 0.040564
0 0.428150 0.179894 0.013780 0.029982
0 0.927165 0.312169 0.019685 0.049383
0 0.542323 0.126984 0.012795 0.019400
0 0.522638 0.123457 0.010827 0.021164
0 0.469488 0.186949 0.020669 0.031746
0 0.632874 0.107584 0.011811 0.022928
0 0.603346 0.109347 0.011811 0.024691
0 0.471457 0.130511 0.011811 0.024691
0 0.635827 0.135802 0.014764 0.029982
0 0.887795 0.229277 0.015748 0.037037
0 0.409449 0.269841 0.019685 0.042328
0 0.943898 0.208113 0.013780 0.029982
0 0.543307 0.199295 0.017717 0.037037
0 0.581693 0.273369 0.022638 0.042328
0 0.919291 0.257496 0.015748 0.040564
0 0.187992 0.326279 0.027559 0.067019
0 0.113189 0.255732 0.016732 0.028219
0 0.686024 0.100529 0.011811 0.021164
0 0.192913 0.435626 0.040354 0.079365
0 0.863189 0.276896 0.017717 0.049383
0 0.341535 0.209877 0.015748 0.024691
0 0.844488 0.211640 0.014764 0.031746
0 0.145669 0.232804 0.016732 0.029982
0 0.700787 0.209877 0.018701 0.033510
0 0.656496 0.262787 0.023622 0.045855
0 0.439961 0.215168 0.018701 0.042328
0 0.680118 0.118166 0.012795 0.024691
0 0.577756 0.123457 0.011811 0.024691
0 0.393701 0.194004 0.015748 0.031746
0 0.345472 0.241623 0.017717 0.033510
0 0.846457 0.319224 0.022638 0.049383
0 0.717520 0.222222 0.016732 0.035273
0 0.752953 0.132275 0.010827 0.022928
0 0.829724 0.169312 0.013780 0.029982
0 0.526575 0.063492 0.011811 0.024691
0 0.510827 0.181658 0.015748 0.033510
0 0.832677 0.232804 0.014764 0.035273
0 0.850394 0.188713 0.014764 0.031746
0 0.702756 0.167549 0.015748 0.031746
0 0.594488 0.116402 0.010827 0.022928
0 0.643701 0.190476 0.018701 0.040564
0 0.423228 0.141093 0.012795 0.022928
0 0.938976 0.188713 0.013780 0.029982
0 0.593504 0.142857 0.012795 0.026455
0 0.279528 0.220459 0.013780 0.026455
0 0.493110 0.123457 0.011811 0.021164
0 0.379921 0.179894 0.028543 0.056437
