0 0.100000 0.587692 0.013333 0.027692
0 0.076667 0.596923 0.015000 0.024615
0 0.413333 0.563077 0.010000 0.018462
0 0.815000 0.581538 0.021667 0.043077
0 0.168333 0.578462 0.013333 0.027692
0 0.115000 0.575385 0.011667 0.033846
0 0.900000 0.550769 0.026667 0.052308
0 0.470000 0.581538 0.010000 0.021538
0 0.456667 0.578462 0.010000 0.018462
0 0.931667 0.596923 0.016667 0.043077
0 0.840000 0.600000 0.021667 0.046154
0 0.648333 0.553846 0.015000 0.027692
0 0.028333 0.572308 0.015000 0.027692
0 0.128333 0.572308 0.013333 0.027692
0 0.438333 0.566154 0.010000 0.024615
0 0.491667 0.566154 0.013333 0.024615
0 0.275000 0.575385 0.021667 0.040000
0 0.761667 0.563077 0.028333 0.055385
0 0.556667 0.556923 0.018333 0.036923
0 0.401667 0.566154 0.010000 0.018462
0 0.860000 0.544615 0.020000 0.046154
0 0.548333 0.572308 0.015000 0.024615
