0 0.687791 0.143573 0.016775 0.036728
0 0.632805 0.131886 0.013048 0.031720
0 0.666356 0.198664 0.018639 0.040067
0 0.703635 0.212020 0.018639 0.045075
0 0.554520 0.243740 0.020503 0.051753
0 0.769804 0.287145 0.024231 0.053422
0 0.483691 0.297162 0.024231 0.055092
0 0.888164 0.191987 0.014911 0.040067
0 0.732526 0.110184 0.011184 0.028381
0 0.643989 0.118531 0.012116 0.030050
0 0.479963 0.186978 0.013979 0.041736
0 0.332712 0.218698 0.013048 0.030050
0 0.281454 0.238731 0.013979 0.036728
0 0.438956 0.233723 0.021435 0.050083
0 0.803355 0.160267 0.013979 0.033389
0 0.753961 0.166945 0.013048 0.030050
0 0.734390 0.193656 0.016775 0.035058
0 0.507922 0.166945 0.013048 0.030050
0 0.655172 0.168614 0.014911 0.040067
0 0.316869 0.230384 0.013979 0.030050
0 0.717614 0.130217 0.013979 0.035058
0 0.710158 0.175292 0.014911 0.041736
0 0.638397 0.293823 0.026095 0.058431
0 0.408201 0.186978 0.013979 0.030050
0 0.453868 0.196995 0.011184 0.033389
0 0.578751 0.151920 0.017707 0.036728
0 0.368127 0.250417 0.021435 0.043406
0 0.471575 0.227045 0.019571 0.048414
0 0.790308 0.141903 0.012116 0.033389
0 0.681267 0.115192 0.013979 0.030050
0 0.292637 0.265442 0.019571 0.043406
0 0.567568 0.278798 0.022367 0.056761
0 0.390494 0.280467 0.020503 0.045075
0 0.346692 0.248748 0.016775 0.040067
0 0.807083 0.123539 0.011184 0.028381
0 0.443616 0.171953 0.013979 0.028381
0 0.767008 0.198664 0.018639 0.048414
0 0.383038 0.186978 0.013048 0.028381
0 0.495806 0.150250 0.012116 0.030050
0 0.463187 0.138564 0.010252 0.026711
0 0.859273 0.227045 0.017707 0.051753
0 0.724138 0.156928 0.014911 0.031720
0 0.922647 0.233723 0.014911 0.048414
0 0.541473 0.183639 0.016775 0.043406
0 0.844362 0.180301 0.013979 0.040067
0 0.401678 0.210351 0.013048 0.035058
0 0.838770 0.308848 0.022367 0.063439
0 0.667288 0.255426 0.022367 0.046745
0 0.827586 0.150250 0.013979 0.028381
0 0.853681 0.148581 0.014911 0.033389
0 0.555452 0.146912 0.011184 0.031720
0 0.890028 0.153589 0.011184 0.026711
0 0.562908 0.120200 0.012116 0.026711
0 0.930103 0.260434 0.017707 0.058431
0 0.762349 0.222037 0.018639 0.050083
0 0.567568 0.165275 0.014911 0.036728
0 0.630009 0.198664 0.016775 0.053422
0 0.827586 0.207012 0.017707 0.046745
0 0.707363 0.275459 0.025163 0.060100
0 0.771668 0.130217 0.011184 0.030050
0 0.492078 0.190317 0.016775 0.036728
0 0.614166 0.120200 0.012116 0.033389
0 0.611370 0.250417 0.018639 0.056761
