1 0.912000 0.650943 0.022000 0.050314
0 0.578000 0.644654 0.022000 0.040881
1 0.590000 0.528302 0.016000 0.031447
1 0.644000 0.490566 0.018000 0.034591
0 0.440000 0.839623 0.170000 0.213836
0 0.456000 0.591195 0.018000 0.031447
1 0.464000 0.613208 0.022000 0.037736
0 0.556000 0.638365 0.018000 0.031447
1 0.590000 0.594340 0.016000 0.034591
1 0.196000 0.402516 0.330000 0.588050
0 0.888000 0.638365 0.024000 0.037736
1 0.546000 0.600629 0.018000 0.034591
0 0.552000 0.493711 0.012000 0.025157
0 0.832000 0.402516 0.016000 0.034591
0 0.526000 0.625786 0.020000 0.031447
1 0.460000 0.566038 0.016000 0.034591
0 0.334000 0.515723 0.016000 0.031447
1 0.292000 0.628931 0.022000 0.037736
1 0.540000 0.547170 0.018000 0.034591
0 0.402000 0.606918 0.016000 0.031447
0 0.852000 0.399371 0.016000 0.031447
0 0.502000 0.723270 0.086000 0.147799
0 0.874000 0.786164 0.136000 0.245283
0 0.428000 0.594340 0.016000 0.031447
0 0.874000 0.377358 0.018000 0.031447
1 0.710000 0.732704 0.270000 0.455975
