0 0.880000 0.945882 0.040000 0.098824
0 0.691765 0.703529 0.029412 0.068235
0 0.572941 0.324706 0.018824 0.058824
0 0.962353 0.891765 0.032941 0.065882
0 0.103529 0.903529 0.030588 0.056471
0 0.751765 0.336471 0.018824 0.044706
0 0.050588 0.757647 0.021176 0.054118
0 0.816471 0.694118 0.027059 0.051765
0 0.204706 0.727059 0.021176 0.047059
0 0.631765 0.571765 0.022353 0.063529
0 0.649412 0.294118 0.020000 0.049412
0 0.745882 0.618824 0.024706 0.061176
0 0.344706 0.745882 0.023529 0.042353
0 0.468235 0.877647 0.020000 0.042353
0 0.204706 0.802353 0.021176 0.047059
0 0.551765 0.950588 0.024706 0.058824
0 0.324706 0.811765 0.024706 0.058824
0 0.769412 0.362353 0.020000 0.061176
0 0.121176 0.816471 0.025882 0.061176
0 0.160000 0.734118 0.025882 0.042353
0 0.027059 0.840000 0.024706 0.051765
