0 0.346154 0.216306 0.017824 0.034942
0 0.581614 0.124792 0.012195 0.026622
0 0.711069 0.276206 0.028143 0.056572
0 0.211069 0.367720 0.030019 0.078203
0 0.893996 0.143095 0.015009 0.024958
0 0.892120 0.169717 0.016886 0.041597
0 0.455910 0.176373 0.018762 0.031614
0 0.753283 0.171381 0.015009 0.039933
0 0.666041 0.361065 0.030019 0.064892
0 0.603189 0.309484 0.026266 0.059900
0 0.865854 0.143095 0.015947 0.033278
0 0.766417 0.133111 0.014071 0.038270
0 0.386492 0.199667 0.017824 0.033278
0 0.774859 0.224626 0.023452 0.054908
0 0.574109 0.178037 0.017824 0.034942
0 0.745779 0.103161 0.015947 0.031614
0 0.616323 0.143095 0.017824 0.038270
0 0.928705 0.156406 0.017824 0.034942
0 0.327392 0.254576 0.018762 0.041597
0 0.484991 0.134775 0.015009 0.026622
0 0.376173 0.227953 0.017824 0.036606
0 0.662289 0.299501 0.031895 0.054908
0 0.471857 0.148087 0.013133 0.024958
0 0.429644 0.217970 0.015009 0.036606
0 0.787992 0.281198 0.023452 0.051581
0 0.632270 0.096506 0.011257 0.023295
0 0.172608 0.341098 0.035647 0.079867
0 0.558161 0.108153 0.014071 0.028286
0 0.926829 0.251248 0.027205 0.048253
0 0.314259 0.272879 0.019700 0.033278
0 0.806754 0.257903 0.023452 0.053245
0 0.784240 0.124792 0.012195 0.029950
0 0.572233 0.239601 0.022514 0.048253
0 0.257974 0.282862 0.022514 0.041597
0 0.662289 0.207987 0.019700 0.044925
0 0.817073 0.168053 0.020638 0.043261
0 0.924015 0.194676 0.017824 0.041597
0 0.553471 0.156406 0.018762 0.044925
0 0.751407 0.143095 0.015009 0.034942
0 0.689493 0.096506 0.014071 0.036606
0 0.452158 0.143095 0.015947 0.029950
0 0.417448 0.166389 0.015009 0.029950
0 0.426829 0.186356 0.016886 0.029950
0 0.479362 0.198003 0.022514 0.041597
0 0.670732 0.178037 0.015947 0.036606
0 0.517824 0.201331 0.022514 0.043261
0 0.509381 0.296173 0.024390 0.048253
0 0.621951 0.109817 0.015009 0.029950
0 0.737336 0.123128 0.017824 0.034942
0 0.539400 0.126456 0.013133 0.026622
0 0.472795 0.249584 0.024390 0.039933
0 0.691370 0.222962 0.028143 0.046589
0 0.636023 0.206323 0.024390 0.041597
0 0.889306 0.216306 0.021576 0.046589
0 0.454972 0.224626 0.022514 0.039933
0 0.313321 0.224626 0.017824 0.029950
0 0.445591 0.188020 0.019700 0.036606
0 0.847092 0.171381 0.016886 0.044925
0 0.790807 0.188020 0.016886 0.034942
0 0.649156 0.098170 0.011257 0.026622
0 0.509381 0.163062 0.013133 0.031614
0 0.724203 0.144759 0.020638 0.043261
0 0.532833 0.337770 0.023452 0.049917
0 0.694184 0.184692 0.021576 0.041597
0 0.672608 0.119800 0.013133 0.024958
0 0.847092 0.138103 0.013133 0.026622
0 0.596623 0.119800 0.012195 0.029950
0 0.294559 0.262895 0.020638 0.033278
