0 0.538967 0.202003 0.016901 0.035058
0 0.709859 0.145242 0.017840 0.033389
0 0.813146 0.126878 0.011268 0.026711
0 0.746479 0.111853 0.013146 0.026711
0 0.487324 0.207012 0.015023 0.026711
0 0.637559 0.105175 0.012207 0.021703
0 0.592488 0.100167 0.012207 0.025042
0 0.447887 0.146912 0.011268 0.020033
0 0.822535 0.161937 0.011268 0.033389
0 0.406573 0.175292 0.013146 0.025042
0 0.897653 0.130217 0.013146 0.028381
0 0.632864 0.125209 0.012207 0.025042
0 0.924883 0.267112 0.018779 0.046745
0 0.674178 0.245409 0.017840 0.041736
0 0.738028 0.125209 0.011268 0.030050
0 0.364319 0.218698 0.016901 0.028381
0 0.603756 0.252087 0.021596 0.041736
0 0.761502 0.228715 0.019718 0.040067
0 0.605634 0.158598 0.015023 0.030050
0 0.380282 0.230384 0.016901 0.035058
0 0.585915 0.138564 0.015023 0.028381
0 0.876056 0.191987 0.018779 0.036728
0 0.893897 0.168614 0.018779 0.038397
0 0.800000 0.138564 0.013146 0.035058
0 0.715493 0.282137 0.021596 0.048414
0 0.690141 0.101836 0.013146 0.026711
0 0.341784 0.218698 0.014085 0.035058
0 0.062911 0.439065 0.032864 0.075125
0 0.564319 0.283806 0.023474 0.048414
0 0.670423 0.123539 0.015962 0.030050
0 0.859155 0.153589 0.015023 0.031720
0 0.391549 0.196995 0.015962 0.031720
0 0.842254 0.193656 0.016901 0.043406
0 0.615023 0.100167 0.010329 0.018364
0 0.764319 0.138564 0.012207 0.026711
0 0.609390 0.210351 0.018779 0.036728
0 0.753052 0.143573 0.012207 0.025042
0 0.453521 0.158598 0.013146 0.025042
0 0.291080 0.263773 0.016901 0.033389
0 0.301408 0.257095 0.018779 0.035058
0 0.534272 0.136895 0.015023 0.023372
0 0.478873 0.228715 0.021596 0.038397
0 0.446948 0.188648 0.017840 0.026711
0 0.399061 0.297162 0.023474 0.045075
0 0.829108 0.141903 0.014085 0.030050
0 0.318310 0.277129 0.017840 0.036728
0 0.644131 0.180301 0.018779 0.035058
0 0.422535 0.185309 0.015962 0.030050
0 0.491080 0.292154 0.024413 0.046745
0 0.472300 0.161937 0.015962 0.036728
0 0.255399 0.285476 0.017840 0.033389
0 0.792488 0.188648 0.015023 0.040067
0 0.415023 0.223706 0.018779 0.031720
0 0.929577 0.151920 0.014085 0.033389
0 0.780282 0.116861 0.012207 0.026711
0 0.338028 0.285476 0.020657 0.035058
0 0.696714 0.220367 0.019718 0.043406
0 0.552113 0.160267 0.015023 0.031720
0 0.515493 0.156928 0.015023 0.030050
0 0.866667 0.146912 0.013146 0.030050
0 0.481690 0.138564 0.012207 0.020033
0 0.870423 0.230384 0.017840 0.046745
0 0.743662 0.185309 0.015023 0.031720
0 0.320188 0.220367 0.015962 0.033389
0 0.665728 0.203673 0.015962 0.035058
0 0.426291 0.243740 0.023474 0.040067
0 0.569953 0.113523 0.013146 0.026711
0 0.610329 0.328881 0.020657 0.051753
0 0.872300 0.131886 0.014085 0.028381
0 0.687324 0.185309 0.016901 0.031720
0 0.770892 0.282137 0.025352 0.050083
0 0.612207 0.118531 0.012207 0.026711
0 0.574648 0.166945 0.016901 0.033389
0 0.728638 0.163606 0.011268 0.025042
0 0.759624 0.161937 0.012207 0.026711
