0 0.227634 0.399648 0.040755 0.045775
0 0.751491 0.267606 0.019881 0.056338
0 0.679920 0.114437 0.010934 0.022887
0 0.848907 0.320423 0.021869 0.047535
0 0.660040 0.105634 0.011928 0.022887
0 0.515905 0.121479 0.011928 0.019366
0 0.425447 0.267606 0.019881 0.033451
0 0.445328 0.213028 0.016899 0.040493
0 0.754473 0.133803 0.010934 0.026408
0 0.420477 0.161972 0.011928 0.026408
0 0.859841 0.197183 0.015905 0.028169
0 0.480119 0.170775 0.015905 0.033451
0 0.367793 0.257042 0.020875 0.044014
0 0.765408 0.271127 0.017893 0.035211
0 0.797217 0.153169 0.013917 0.029930
0 0.179920 0.325704 0.033797 0.080986
0 0.850895 0.149648 0.013917 0.026408
0 0.744533 0.188380 0.018887 0.029930
0 0.720676 0.232394 0.017893 0.031690
0 0.486083 0.135563 0.011928 0.024648
0 0.868787 0.286972 0.021869 0.049296
0 0.502982 0.207746 0.015905 0.033451
0 0.514911 0.183099 0.014911 0.033451
0 0.576541 0.281690 0.024851 0.054577
0 0.751491 0.198944 0.021869 0.033451
0 0.531809 0.156690 0.012922 0.026408
0 0.915507 0.346831 0.021869 0.051056
0 0.848907 0.207746 0.015905 0.026408
0 0.392644 0.193662 0.015905 0.031690
0 0.586481 0.250000 0.018887 0.038732
0 0.780318 0.077465 0.010934 0.022887
0 0.940358 0.186620 0.014911 0.028169
0 0.340954 0.214789 0.019881 0.033451
0 0.613320 0.156690 0.015905 0.026408
0 0.710736 0.195423 0.016899 0.035211
0 0.581511 0.121479 0.010934 0.028169
0 0.610338 0.257042 0.022863 0.047535
0 0.802187 0.281690 0.023857 0.045775
0 0.422465 0.142606 0.012922 0.019366
0 0.522863 0.126761 0.010934 0.022887
0 0.931412 0.311620 0.022863 0.047535
0 0.541750 0.130282 0.012922 0.024648
0 0.687873 0.255282 0.019881 0.040493
0 0.924453 0.248239 0.015905 0.044014
0 0.537773 0.195423 0.016899 0.035211
0 0.842942 0.235915 0.017893 0.038732
0 0.583499 0.174296 0.017893 0.026408
0 0.701789 0.167254 0.015905 0.031690
0 0.466203 0.132042 0.010934 0.024648
0 0.625249 0.110915 0.012922 0.022887
0 0.682903 0.103873 0.009940 0.017606
0 0.945328 0.214789 0.014911 0.024648
0 0.610338 0.112676 0.009940 0.017606
0 0.441352 0.174296 0.013917 0.029930
0 0.784294 0.218310 0.016899 0.031690
0 0.942346 0.239437 0.013917 0.033451
0 0.907555 0.172535 0.014911 0.029930
0 0.297217 0.213028 0.017893 0.033451
0 0.638171 0.096831 0.010934 0.022887
0 0.660040 0.200704 0.015905 0.033451
0 0.617296 0.133803 0.013917 0.028169
