0 0.318182 0.206667 0.024119 0.045000
0 0.376623 0.216667 0.027829 0.058333
0 0.554731 0.210000 0.029685 0.060000
0 0.516698 0.071667 0.013915 0.033333
0 0.064007 0.415000 0.041744 0.091667
0 0.394249 0.193333 0.016698 0.035000
0 0.099258 0.405000 0.043599 0.090000
0 0.195733 0.270000 0.024119 0.046667
0 0.616883 0.126667 0.023191 0.048333
0 0.697588 0.186667 0.024119 0.036667
0 0.612245 0.180000 0.028757 0.056667
0 0.577922 0.145000 0.024119 0.053333
0 0.651206 0.136667 0.025974 0.060000
0 0.645640 0.193333 0.026902 0.063333
0 0.613173 0.285000 0.027829 0.065000
0 0.353432 0.230000 0.022263 0.046667
