0 0.745375 0.159844 0.018498 0.042885
0 0.698585 0.171540 0.020675 0.044834
0 0.323177 0.196881 0.019587 0.040936
0 0.717084 0.181287 0.018498 0.040936
0 0.332971 0.218324 0.020675 0.040936
0 0.941240 0.255361 0.021763 0.052632
0 0.910773 0.144250 0.016322 0.038986
0 0.898803 0.235867 0.017410 0.042885
0 0.856366 0.148148 0.014146 0.037037
0 0.537541 0.189084 0.018498 0.040936
0 0.652884 0.138402 0.013058 0.033138
0 0.376496 0.200780 0.018498 0.040936
0 0.426551 0.150097 0.015234 0.033138
0 0.449402 0.179337 0.015234 0.031189
0 0.708379 0.105263 0.014146 0.037037
0 0.381937 0.452242 0.064200 0.118908
0 0.729053 0.230019 0.023939 0.044834
0 0.702938 0.107212 0.003264 0.038986
0 0.480958 0.144250 0.014146 0.031189
0 0.538629 0.152047 0.014146 0.037037
0 0.439608 0.157895 0.015234 0.031189
0 0.393906 0.161793 0.018498 0.035088
0 0.800871 0.128655 0.014146 0.033138
0 0.556039 0.157895 0.014146 0.038986
0 0.281828 0.214425 0.021763 0.037037
0 0.663765 0.191033 0.016322 0.037037
0 0.910773 0.335283 0.028292 0.068226
0 0.475517 0.128655 0.011970 0.025341
0 0.413493 0.155945 0.016322 0.037037
0 0.394995 0.204678 0.020675 0.038986
0 0.549510 0.132554 0.013058 0.033138
0 0.900979 0.177388 0.013058 0.029240
0 0.636561 0.241715 0.027203 0.054581
0 0.443961 0.237817 0.021763 0.048733
0 0.953210 0.177388 0.016322 0.031189
0 0.510337 0.148148 0.011970 0.033138
0 0.357998 0.243665 0.020675 0.044834
0 0.286181 0.235867 0.016322 0.031189
0 0.522307 0.128655 0.014146 0.029240
0 0.929271 0.218324 0.014146 0.038986
0 0.596300 0.153996 0.016322 0.029240
0 0.868335 0.171540 0.019587 0.044834
0 0.554951 0.122807 0.014146 0.027290
0 0.451578 0.208577 0.019587 0.040936
0 0.841132 0.152047 0.015234 0.031189
0 0.781284 0.122807 0.013058 0.037037
0 0.578890 0.231969 0.027203 0.048733
0 0.347116 0.192982 0.018498 0.044834
0 0.609358 0.107212 0.010881 0.029240
0 0.661589 0.107212 0.010881 0.027290
0 0.597388 0.115010 0.013058 0.025341
0 0.624592 0.216374 0.020675 0.037037
0 0.830250 0.251462 0.021763 0.048733
0 0.439608 0.196881 0.018498 0.044834
0 0.621328 0.130604 0.016322 0.029240
0 0.804135 0.206628 0.021763 0.046784
0 0.507073 0.187135 0.019587 0.040936
0 0.408052 0.241715 0.022851 0.046784
0 0.935800 0.192982 0.011970 0.029240
0 0.700762 0.315789 0.039173 0.077973
0 0.498368 0.120858 0.016322 0.031189
0 0.731230 0.146199 0.016322 0.040936
0 0.688792 0.249513 0.021763 0.048733
0 0.678999 0.120858 0.014146 0.031189
0 0.819369 0.200780 0.016322 0.037037
0 0.770403 0.249513 0.030468 0.058480
0 0.357998 0.212476 0.016322 0.031189
0 0.820457 0.128655 0.017410 0.031189
0 0.749728 0.391813 0.039173 0.077973
0 0.682263 0.220273 0.021763 0.040936
0 0.797606 0.163743 0.017410 0.033138
0 0.801959 0.286550 0.029380 0.054581
0 0.474429 0.192982 0.020675 0.044834
0 0.755169 0.200780 0.018498 0.040936
0 0.828074 0.165692 0.016322 0.031189
0 0.947769 0.196881 0.013058 0.029240
0 0.853101 0.220273 0.019587 0.042885
0 0.579978 0.138402 0.015234 0.031189
