0 0.481081 0.194847 0.024324 0.053140
0 0.321622 0.206119 0.023423 0.051530
0 0.284685 0.473430 0.043243 0.101449
0 0.248649 0.244767 0.022523 0.049919
0 0.229730 0.235105 0.016216 0.037037
0 0.308108 0.228663 0.015315 0.035427
0 0.749550 0.123994 0.016216 0.035427
0 0.200901 0.479871 0.039640 0.091787
0 0.600901 0.072464 0.014414 0.037037
0 0.536036 0.156200 0.013514 0.025765
0 0.496396 0.078905 0.009910 0.025765
0 0.381982 0.111111 0.010811 0.033816
0 0.433333 0.135266 0.010811 0.027375
0 0.966667 0.186795 0.016216 0.043478
0 0.563964 0.156200 0.014414 0.035427
0 0.420721 0.170692 0.014414 0.033816
0 0.484685 0.151369 0.012613 0.022544
0 0.445946 0.180354 0.016216 0.032206
0 0.507207 0.156200 0.015315 0.027375
0 0.153153 0.236715 0.016216 0.038647
