0 0.371914 0.522552 0.079861 0.140464
0 0.769290 0.527706 0.064043 0.133376
0 0.015432 0.508376 0.030478 0.075387
0 0.444830 0.465206 0.041281 0.084407
0 0.509645 0.488402 0.042824 0.106959
0 0.822145 0.487113 0.046296 0.086340
0 0.746914 0.480026 0.050926 0.093428
0 0.341049 0.431057 0.043596 0.072165
0 0.951003 0.521263 0.060185 0.110825
0 0.086034 0.456186 0.048225 0.086340
0 0.912809 0.476804 0.050926 0.120490
0 0.023534 0.448454 0.038580 0.065722
0 0.093364 0.556057 0.072917 0.132088
0 0.479552 0.470361 0.052855 0.095361
0 0.307870 0.496134 0.060571 0.105026
0 0.134645 0.448454 0.043210 0.077320
0 0.537809 0.373067 0.032407 0.061211
