0 0.528000 0.353333 0.013000 0.021333
0 0.439000 0.344000 0.020000 0.026667
0 0.423000 0.350667 0.012000 0.028000
0 0.602000 0.412000 0.052000 0.064000
0 0.102000 0.406667 0.065000 0.100000
0 0.666000 0.356000 0.023000 0.025333
0 0.242000 0.321333 0.020000 0.030667
0 0.654000 0.344000 0.017000 0.026667
0 0.716000 0.357333 0.026000 0.042667
0 0.292000 0.350667 0.021000 0.037333
0 0.715000 0.309333 0.023000 0.038667
0 0.923000 0.361333 0.023000 0.044000
0 0.847000 0.452000 0.073000 0.092000
0 0.037000 0.369333 0.030000 0.057333
0 0.680000 0.460000 0.076000 0.108000
0 0.610000 0.352000 0.023000 0.042667
0 0.239000 0.361333 0.021000 0.040000
0 0.881000 0.417333 0.050000 0.065333
0 0.809000 0.374667 0.030000 0.050667
0 0.906000 0.606667 0.175000 0.261333
0 0.747000 0.349333 0.019000 0.032000
0 0.839000 0.354667 0.020000 0.041333
0 0.554000 0.349333 0.025000 0.030667
0 0.394000 0.405333 0.039000 0.057333
0 0.565000 0.369333 0.026000 0.040000
0 0.206000 0.368000 0.036000 0.053333
0 0.881000 0.362667 0.019000 0.036000
0 0.188000 0.461333 0.078000 0.122667
0 0.035000 0.458667 0.069000 0.118667
0 0.316000 0.373333 0.031000 0.045333
0 0.455000 0.314667 0.014000 0.030667
0 0.363000 0.308000 0.014000 0.036000
0 0.398000 0.349333 0.026000 0.029333
0 0.341000 0.374667 0.019000 0.036000
0 0.726000 0.394667 0.047000 0.053333
0 0.253000 0.353333 0.019000 0.036000
0 0.536000 0.350667 0.015000 0.020000
0 0.689000 0.336000 0.015000 0.025333
0 0.156000 0.314667 0.019000 0.034667
0 0.771000 0.312000 0.023000 0.036000
0 0.676000 0.344000 0.018000 0.022667
0 0.174000 0.370667 0.026000 0.028000
0 0.740000 0.340000 0.014000 0.017333
0 0.276000 0.365333 0.023000 0.040000
0 0.643000 0.370667 0.031000 0.044000
0 0.233000 0.414667 0.043000 0.058667
0 0.961000 0.416000 0.064000 0.086667
0 0.596000 0.352000 0.018000 0.029333
0 0.367000 0.346667 0.018000 0.029333
0 0.334000 0.318667 0.021000 0.030667
0 0.771000 0.386667 0.037000 0.058667
