0 0.328333 0.435556 0.026667 0.031111
0 0.885000 0.384444 0.031667 0.048889
0 0.940000 0.473333 0.051667 0.093333
0 0.855000 0.428889 0.031667 0.053333
0 0.443333 0.544444 0.076667 0.124444
0 0.108333 0.455556 0.026667 0.040000
0 0.420000 0.451111 0.040000 0.053333
0 0.358333 0.466667 0.033333 0.055556
0 0.676667 0.437778 0.041667 0.062222
0 0.821667 0.446667 0.031667 0.046667
0 0.593333 0.508889 0.061667 0.106667
0 0.263333 0.468889 0.033333 0.053333
0 0.456667 0.433333 0.021667 0.040000
0 0.895000 0.573333 0.078333 0.097778
0 0.716667 0.586667 0.080000 0.131111
0 0.488333 0.444444 0.028333 0.040000
0 0.231667 0.444444 0.036667 0.060000
