0 0.360938 0.536719 0.029687 0.032031
0 0.428906 0.492969 0.024219 0.026562
0 0.499219 0.503906 0.020313 0.027344
0 0.407031 0.508594 0.019531 0.031250
0 0.062500 0.500000 0.033594 0.041406
0 0.492969 0.532813 0.025781 0.032031
0 0.328125 0.517188 0.025000 0.035937
0 0.828125 0.532031 0.038281 0.041406
0 0.782031 0.508594 0.026562 0.031250
0 0.761719 0.533594 0.034375 0.039844
0 0.651563 0.514844 0.028125 0.032031
0 0.271875 0.520312 0.028125 0.032031
0 0.870313 0.519531 0.032813 0.037500
0 0.253125 0.546094 0.032031 0.039062
0 0.208594 0.509375 0.028906 0.029687
0 0.702344 0.629687 0.035937 0.046094
0 0.242969 0.525781 0.022656 0.029687
0 0.239844 0.484375 0.029687 0.034375
0 0.907031 0.526563 0.028906 0.038281
0 0.304688 0.508594 0.025000 0.025781
0 0.521875 0.504687 0.030469 0.030469
0 0.553906 0.526563 0.035937 0.040625
0 0.782031 0.539062 0.023438 0.033594
0 0.293750 0.526563 0.028125 0.032031
0 0.466406 0.540625 0.035937 0.039062
0 0.589063 0.495312 0.025781 0.026562
0 0.938281 0.521875 0.030469 0.036719
0 0.872656 0.636719 0.049219 0.051562
0 0.853125 0.528125 0.025000 0.035937
0 0.201563 0.530469 0.026562 0.033594
0 0.453125 0.504687 0.029687 0.031250
0 0.564063 0.505469 0.024219 0.029687
0 0.632812 0.544531 0.029687 0.039062
0 0.689063 0.533594 0.026562 0.033594
0 0.778125 0.625000 0.039844 0.043750
0 0.127344 0.491406 0.035937 0.037500
0 0.688281 0.510938 0.025000 0.027344
0 0.092969 0.523438 0.026562 0.039062
0 0.357031 0.504687 0.026562 0.031250
0 0.428125 0.528906 0.035156 0.035937
0 0.719531 0.528906 0.021875 0.036719
0 0.387500 0.517188 0.023438 0.028906
0 0.146875 0.517969 0.031250 0.035937
0 0.966406 0.541406 0.038281 0.039062
0 0.586719 0.520312 0.025781 0.038281
0 0.171875 0.524219 0.027344 0.032813
0 0.676562 0.500000 0.021875 0.029687
0 0.805469 0.533594 0.024219 0.041406
0 0.625781 0.627344 0.035156 0.041406
0 0.030469 0.520312 0.042188 0.046094
0 0.185156 0.549219 0.033594 0.042188
0 0.614844 0.517188 0.032031 0.036719
0 0.403125 0.544531 0.030469 0.037500
