0 0.487500 0.503745 0.022500 0.037453
0 0.907500 0.426966 0.021250 0.033708
0 0.523750 0.455056 0.011250 0.022472
0 0.603750 0.447566 0.013750 0.024345
0 0.648750 0.535581 0.036250 0.056180
0 0.425000 0.447566 0.011250 0.024345
0 0.880000 0.561798 0.048750 0.084270
0 0.561250 0.509363 0.016250 0.035581
0 0.415000 0.503745 0.021250 0.043071
0 0.305000 0.509363 0.020000 0.033708
0 0.435000 0.505618 0.016250 0.029963
0 0.250000 0.477528 0.015000 0.028090
0 0.371250 0.464419 0.010000 0.022472
0 0.512500 0.526217 0.030000 0.046816
0 0.370000 0.524345 0.023750 0.041199
0 0.330000 0.509363 0.018750 0.031835
0 0.825000 0.563670 0.043750 0.084270
0 0.522500 0.438202 0.013750 0.018727
0 0.578750 0.516854 0.026250 0.052434
0 0.972500 0.522472 0.041250 0.056180
0 0.455000 0.468165 0.013750 0.026217
0 0.650000 0.447566 0.016250 0.028090
0 0.352500 0.513109 0.017500 0.035581
0 0.452500 0.507491 0.022500 0.043071
0 0.612500 0.550562 0.030000 0.048689
0 0.786250 0.500000 0.028750 0.052434
0 0.491250 0.466292 0.010000 0.018727
0 0.061250 0.451311 0.047500 0.078652
0 0.787500 0.447566 0.018750 0.031835
0 0.692500 0.501873 0.022500 0.050562
0 0.641250 0.496255 0.021250 0.039326
0 0.806250 0.441948 0.018750 0.029963
0 0.723750 0.505618 0.023750 0.043071
0 0.927500 0.421348 0.027500 0.041199
0 0.756250 0.440075 0.032500 0.050562
0 0.856250 0.518727 0.035000 0.063670
0 0.671250 0.434457 0.017500 0.031835
0 0.296250 0.511236 0.010000 0.020599
0 0.670000 0.514981 0.026250 0.041199
0 0.741250 0.526217 0.043750 0.069288
0 0.582500 0.449438 0.015000 0.022472
0 0.953750 0.550562 0.041250 0.061798
0 0.406250 0.468165 0.012500 0.020599
0 0.840000 0.428839 0.023750 0.035581
0 0.461250 0.451311 0.015000 0.031835
0 0.567500 0.451311 0.018750 0.028090
0 0.618750 0.443820 0.013750 0.024345
0 0.293750 0.449438 0.015000 0.022472
0 0.327500 0.468165 0.016250 0.031835
