0 0.106000 0.435435 0.042000 0.087087
0 0.650000 0.393393 0.036000 0.063063
0 0.770000 0.417417 0.042000 0.072072
0 0.720000 0.435435 0.048000 0.078078
0 0.412000 0.402402 0.038000 0.057057
0 0.582000 0.474474 0.048000 0.087087
0 0.188000 0.441441 0.044000 0.090090
0 0.372000 0.450450 0.044000 0.081081
0 0.474000 0.474474 0.042000 0.087087
0 0.238000 0.363363 0.042000 0.075075
0 0.650000 0.444444 0.042000 0.087087
0 0.424000 0.471471 0.046000 0.078078
0 0.854000 0.408408 0.044000 0.081081
0 0.290000 0.435435 0.042000 0.075075
0 0.496000 0.408408 0.036000 0.066066
0 0.336000 0.384384 0.036000 0.066066
0 0.574000 0.378378 0.042000 0.063063
0 0.788000 0.477477 0.050000 0.078078
