0 0.896833 0.194763 0.011765 0.029460
0 0.159276 0.464812 0.047964 0.090016
0 0.607240 0.103110 0.012670 0.021277
0 0.416290 0.209493 0.013575 0.027823
0 0.445249 0.152209 0.011765 0.021277
0 0.899548 0.171849 0.010860 0.027823
0 0.805430 0.199673 0.012670 0.034370
0 0.843439 0.306056 0.019910 0.045827
0 0.413575 0.180033 0.014480 0.024550
0 0.714027 0.142390 0.013575 0.026187
0 0.476923 0.150573 0.009955 0.022913
0 0.873303 0.232406 0.013575 0.036007
0 0.461538 0.129296 0.009955 0.024550
0 0.646154 0.140753 0.012670 0.031097
0 0.581900 0.168576 0.015385 0.027823
0 0.865158 0.273322 0.019910 0.045827
0 0.342986 0.183306 0.013575 0.034370
0 0.619910 0.206219 0.016290 0.040917
0 0.884163 0.211129 0.015385 0.036007
0 0.569231 0.253682 0.019910 0.039280
0 0.533937 0.186579 0.014480 0.031097
0 0.674208 0.124386 0.010860 0.019640
0 0.631674 0.250409 0.015385 0.042553
0 0.466968 0.186579 0.015385 0.031097
0 0.776471 0.135843 0.011765 0.032733
0 0.866063 0.157119 0.012670 0.034370
0 0.444344 0.219313 0.017195 0.032733
0 0.841629 0.198036 0.014480 0.029460
0 0.520362 0.124386 0.010860 0.026187
0 0.627149 0.101473 0.009955 0.019640
0 0.514027 0.283142 0.028959 0.047463
0 0.905882 0.337152 0.020814 0.052373
0 0.765611 0.183306 0.015385 0.036007
0 0.786425 0.202946 0.014480 0.036007
0 0.666063 0.219313 0.016290 0.034370
0 0.479638 0.220949 0.018100 0.034370
0 0.938462 0.211129 0.012670 0.031097
0 0.654299 0.104746 0.009050 0.026187
0 0.612670 0.116203 0.008145 0.024550
0 0.559276 0.162029 0.014480 0.026187
0 0.711312 0.227496 0.019005 0.040917
0 0.617195 0.145663 0.012670 0.036007
0 0.549321 0.291326 0.026244 0.047463
0 0.504977 0.148936 0.012670 0.024550
0 0.749321 0.157119 0.013575 0.029460
0 0.597285 0.142390 0.013575 0.027823
0 0.789140 0.171849 0.016290 0.021277
0 0.600905 0.307692 0.028054 0.065466
0 0.837104 0.217676 0.015385 0.036007
0 0.757466 0.127660 0.012670 0.026187
0 0.704072 0.162029 0.014480 0.026187
0 0.339367 0.222586 0.014480 0.034370
0 0.770136 0.266776 0.020814 0.050736
0 0.919457 0.238953 0.009955 0.031097
0 0.757466 0.340426 0.025339 0.058920
0 0.802715 0.273322 0.019910 0.040917
0 0.747511 0.126023 0.009955 0.022913
0 0.839819 0.152209 0.013575 0.032733
0 0.821719 0.175123 0.011765 0.026187
0 0.422624 0.152209 0.011765 0.021277
0 0.661538 0.256956 0.019910 0.047463
0 0.602715 0.121113 0.009050 0.022913
0 0.737557 0.175123 0.013575 0.034370
0 0.872398 0.147300 0.013575 0.024550
0 0.695023 0.122750 0.010860 0.021277
0 0.450679 0.180033 0.014480 0.031097
0 0.925792 0.225859 0.011765 0.031097
0 0.583710 0.111293 0.010860 0.021277
0 0.930317 0.175123 0.013575 0.034370
0 0.672398 0.342062 0.029864 0.067103
0 0.695023 0.209493 0.014480 0.031097
0 0.916742 0.283142 0.018100 0.042553
0 0.906787 0.160393 0.010860 0.024550
0 0.856109 0.183306 0.012670 0.027823
0 0.827149 0.366612 0.026244 0.055646
0 0.498643 0.121113 0.011765 0.018003
0 0.541176 0.127660 0.010860 0.019640
