0 0.455272 0.210379 0.019968 0.035063
0 0.316294 0.252454 0.016773 0.040673
0 0.571885 0.159888 0.016773 0.039271
0 0.531150 0.130435 0.013578 0.022440
0 0.883387 0.187938 0.015176 0.043478
0 0.761182 0.171108 0.017572 0.035063
0 0.611821 0.123422 0.017572 0.026648
0 0.326677 0.274895 0.025559 0.046283
0 0.691693 0.187938 0.019968 0.039271
0 0.740415 0.143058 0.015974 0.022440
0 0.721246 0.148668 0.014377 0.033661
0 0.406550 0.169705 0.012780 0.023843
0 0.833866 0.218794 0.017572 0.037868
0 0.605431 0.089762 0.013578 0.026648
0 0.813099 0.251052 0.025559 0.050491
0 0.864217 0.252454 0.019169 0.057504
0 0.537540 0.159888 0.015176 0.032258
0 0.496006 0.294530 0.031150 0.051893
0 0.848243 0.141655 0.013578 0.030856
0 0.745208 0.179523 0.017572 0.035063
0 0.613419 0.201964 0.023163 0.037868
0 0.597444 0.099579 0.014377 0.023843
0 0.520767 0.117812 0.012780 0.029453
0 0.742013 0.357644 0.035144 0.068724
0 0.662141 0.301543 0.031150 0.058906
0 0.854633 0.304348 0.027157 0.058906
0 0.431310 0.155680 0.018371 0.029453
0 0.650160 0.223001 0.023962 0.049088
0 0.397764 0.249649 0.019968 0.044881
0 0.643770 0.175316 0.020767 0.044881
0 0.456869 0.182328 0.016773 0.029453
0 0.565495 0.244039 0.023962 0.047686
0 0.421725 0.175316 0.016773 0.036466
0 0.269968 0.258065 0.018371 0.036466
0 0.330671 0.214586 0.019169 0.043478
0 0.837061 0.180926 0.015176 0.036466
0 0.800319 0.131837 0.014377 0.029453
0 0.646166 0.113604 0.014377 0.028050
0 0.705272 0.221599 0.023163 0.046283
0 0.507987 0.178121 0.016773 0.036466
0 0.877796 0.143058 0.012780 0.030856
0 0.620607 0.141655 0.017572 0.029453
0 0.550319 0.140252 0.013578 0.033661
0 0.796326 0.152875 0.015974 0.033661
0 0.884185 0.231417 0.020767 0.042076
0 0.615815 0.248247 0.026358 0.057504
0 0.762780 0.126227 0.014377 0.029453
0 0.583067 0.148668 0.016773 0.033661
0 0.395367 0.187938 0.019968 0.035063
0 0.285942 0.251052 0.016773 0.037868
0 0.666933 0.123422 0.019169 0.030856
0 0.702875 0.276297 0.025559 0.057504
0 0.476837 0.215989 0.021565 0.040673
0 0.415335 0.262272 0.023962 0.046283
0 0.488019 0.131837 0.013578 0.022440
0 0.219649 0.424965 0.051917 0.098177
0 0.753994 0.221599 0.020767 0.042076
0 0.915335 0.265077 0.019968 0.047686
0 0.535144 0.309958 0.028754 0.061711
0 0.459265 0.157083 0.016773 0.025245
0 0.782748 0.208976 0.020767 0.039271
0 0.654153 0.255259 0.027955 0.050491
