0 0.795569 0.286726 0.033233 0.074336
0 0.461229 0.242478 0.022155 0.040708
0 0.864048 0.269027 0.022155 0.047788
0 0.713998 0.274336 0.021148 0.047788
0 0.823766 0.253097 0.032226 0.054867
0 0.668681 0.210619 0.022155 0.046018
0 0.549849 0.123894 0.020141 0.040708
0 0.803625 0.233628 0.023162 0.053097
0 0.613293 0.200000 0.017120 0.038938
0 0.619335 0.290265 0.047331 0.088496
0 0.955690 0.258407 0.026183 0.070796
0 0.425982 0.226549 0.023162 0.044248
0 0.852971 0.175221 0.018127 0.044248
0 0.575025 0.127434 0.017120 0.046018
