0 0.800000 0.485000 0.040000 0.061250
0 0.850833 0.442500 0.040833 0.062500
0 0.901667 0.510000 0.050000 0.067500
0 0.656667 0.530000 0.040833 0.083750
0 0.712500 0.576250 0.054167 0.115000
0 0.378333 0.778750 0.100000 0.162500
0 0.034167 0.593750 0.064167 0.077500
0 0.120000 0.531250 0.047500 0.085000
0 0.947500 0.650000 0.097500 0.130000
0 0.741667 0.550000 0.060000 0.097500
0 0.623333 0.488750 0.026667 0.060000
0 0.531667 0.395000 0.090000 0.151250
0 0.100000 0.665000 0.074167 0.133750
0 0.602500 0.490000 0.042500 0.072500
0 0.688333 0.501250 0.038333 0.060000
0 0.930833 0.756250 0.127500 0.227500
0 0.913333 0.475000 0.035000 0.062500
0 0.147500 0.556250 0.051667 0.102500
0 0.183333 0.588750 0.061667 0.106250
0 0.285833 0.527500 0.050000 0.072500
0 0.383333 0.646250 0.068333 0.101250
0 0.334167 0.548750 0.051667 0.096250
0 0.401667 0.598750 0.060833 0.090000
0 0.436667 0.518750 0.036667 0.068750
0 0.223333 0.665000 0.084167 0.131250
0 0.047500 0.722500 0.093333 0.163750
0 0.032500 0.553750 0.045833 0.065000
0 0.400000 0.520000 0.043333 0.070000
