0 0.496094 0.115587 0.010742 0.022767
0 0.908203 0.178634 0.010742 0.026270
0 0.794922 0.280210 0.022461 0.050788
0 0.369141 0.201401 0.014648 0.035026
0 0.599609 0.150613 0.016602 0.033275
0 0.820312 0.252189 0.017578 0.049037
0 0.462891 0.122592 0.011719 0.029772
0 0.341797 0.164623 0.012695 0.033275
0 0.621094 0.126095 0.013672 0.026270
0 0.839844 0.217163 0.018555 0.047285
0 0.400391 0.164623 0.015625 0.031524
0 0.682617 0.096322 0.011719 0.029772
0 0.760742 0.243433 0.022461 0.043783
0 0.699219 0.171629 0.014648 0.031524
0 0.428711 0.180385 0.013672 0.031524
0 0.626953 0.112084 0.010742 0.022767
0 0.352539 0.185639 0.011719 0.033275
0 0.814453 0.190893 0.014648 0.035026
0 0.851562 0.208406 0.013672 0.035026
0 0.517578 0.120841 0.010742 0.019264
0 0.937500 0.194396 0.013672 0.036778
0 0.866211 0.169877 0.013672 0.038529
0 0.894531 0.178634 0.010742 0.028021
0 0.645508 0.106830 0.011719 0.029772
0 0.530273 0.159370 0.016602 0.031524
0 0.122070 0.415061 0.053711 0.106830
0 0.462891 0.196147 0.015625 0.035026
0 0.890625 0.225919 0.016602 0.040280
0 0.396484 0.154116 0.016602 0.026270
0 0.733398 0.136602 0.011719 0.028021
0 0.837891 0.145359 0.009766 0.031524
0 0.533203 0.124343 0.011719 0.026270
0 0.435547 0.155867 0.015625 0.026270
0 0.573242 0.127846 0.011719 0.029772
0 0.481445 0.138354 0.009766 0.029772
0 0.929688 0.252189 0.016602 0.040280
0 0.714844 0.180385 0.016602 0.042032
0 0.498047 0.140105 0.014648 0.028021
0 0.544922 0.117338 0.010742 0.028021
0 0.560547 0.229422 0.021484 0.052539
0 0.388672 0.201401 0.016602 0.038529
0 0.822266 0.131349 0.010742 0.026270
0 0.499023 0.173380 0.016602 0.036778
0 0.658203 0.234676 0.016602 0.045534
0 0.789062 0.161121 0.013672 0.031524
0 0.732422 0.166375 0.011719 0.035026
0 0.325195 0.210158 0.013672 0.031524
0 0.930664 0.210158 0.013672 0.036778
0 0.346680 0.201401 0.014648 0.036778
0 0.503906 0.190893 0.018555 0.031524
0 0.624023 0.203152 0.015625 0.038529
0 0.735352 0.231173 0.018555 0.038529
0 0.551758 0.176883 0.014648 0.042032
0 0.684570 0.106830 0.011719 0.029772
0 0.873047 0.159370 0.014648 0.036778
0 0.795898 0.199650 0.016602 0.033275
0 0.601562 0.099825 0.008789 0.021016
0 0.945312 0.182137 0.010742 0.035026
0 0.439453 0.192644 0.018555 0.031524
0 0.684570 0.252189 0.021484 0.047285
0 0.699219 0.101576 0.011719 0.024518
0 0.788086 0.131349 0.009766 0.021016
0 0.638672 0.148862 0.012695 0.024518
0 0.828125 0.164623 0.013672 0.026270
0 0.553711 0.145359 0.013672 0.028021
0 0.917969 0.339755 0.023438 0.056042
0 0.668945 0.329247 0.028320 0.070053
0 0.659180 0.164623 0.012695 0.029772
0 0.340820 0.232925 0.018555 0.040280
0 0.401367 0.248687 0.019531 0.045534
0 0.750000 0.187391 0.018555 0.040280
0 0.635742 0.238179 0.021484 0.042032
0 0.747070 0.374781 0.026367 0.063047
0 0.309570 0.210158 0.011719 0.033275
