0 0.897227 0.292614 0.013866 0.039773
0 0.872757 0.258523 0.013051 0.032670
0 0.427406 0.262784 0.013866 0.022727
0 0.637031 0.311080 0.021207 0.042614
0 0.503263 0.259943 0.014682 0.029830
0 0.716150 0.286932 0.016313 0.038352
0 0.472268 0.305398 0.016313 0.032670
0 0.411909 0.339489 0.020392 0.038352
0 0.266721 0.350852 0.021207 0.046875
0 0.473083 0.268466 0.016313 0.032670
0 0.858891 0.265625 0.015498 0.028409
0 0.581566 0.420455 0.024470 0.046875
0 0.922512 0.328125 0.017129 0.035511
0 0.689233 0.348011 0.022838 0.048295
0 0.658238 0.220170 0.011419 0.025568
0 0.516313 0.276989 0.017129 0.028409
0 0.541599 0.375000 0.029364 0.041193
0 0.414356 0.299716 0.016313 0.036932
0 0.683524 0.268466 0.013051 0.031250
0 0.387439 0.340909 0.017945 0.034091
0 0.446982 0.313920 0.021207 0.038352
0 0.602773 0.254261 0.017129 0.028409
0 0.711256 0.501420 0.036705 0.079545
0 0.811582 0.306818 0.017945 0.038352
0 0.747961 0.269886 0.018760 0.032670
0 0.765905 0.285511 0.012235 0.031250
0 0.237357 0.343750 0.017945 0.036932
0 0.853997 0.286932 0.013866 0.034091
0 0.375204 0.325284 0.013866 0.038352
0 0.673736 0.232955 0.013866 0.026989
0 0.916803 0.399148 0.024470 0.052557
0 0.926591 0.357955 0.020392 0.046875
0 0.295269 0.367898 0.024470 0.046875
0 0.601958 0.225852 0.013051 0.025568
0 0.433116 0.282670 0.013051 0.032670
0 0.553834 0.227273 0.014682 0.026989
0 0.873573 0.350852 0.021207 0.038352
0 0.743883 0.224432 0.013866 0.031250
0 0.566884 0.257102 0.018760 0.035511
0 0.883361 0.321023 0.019576 0.041193
0 0.862969 0.414773 0.025285 0.059659
0 0.549755 0.276989 0.016313 0.034091
0 0.431485 0.350852 0.018760 0.046875
0 0.403752 0.282670 0.013866 0.031250
0 0.833605 0.511364 0.035073 0.078125
0 0.626427 0.215909 0.012235 0.026989
0 0.933116 0.316761 0.014682 0.036932
0 0.646819 0.342330 0.019576 0.051136
0 0.599511 0.326705 0.025285 0.048295
0 0.358075 0.295455 0.015498 0.032670
0 0.538336 0.251420 0.017129 0.032670
0 0.501631 0.370739 0.029364 0.061080
0 0.822186 0.340909 0.017129 0.039773
0 0.663948 0.455966 0.031811 0.072443
0 0.933116 0.285511 0.013866 0.029830
0 0.523654 0.312500 0.020392 0.041193
0 0.646819 0.251420 0.014682 0.028409
0 0.547308 0.404830 0.026101 0.052557
0 0.783034 0.414773 0.028548 0.059659
0 0.470636 0.242898 0.014682 0.025568
0 0.906199 0.471591 0.028548 0.068182
0 0.666395 0.367898 0.027732 0.053977
0 0.703915 0.262784 0.015498 0.034091
0 0.399674 0.257102 0.014682 0.032670
0 0.338499 0.376420 0.023654 0.049716
0 0.290375 0.309659 0.019576 0.039773
0 0.520392 0.251420 0.014682 0.026989
0 0.808320 0.370739 0.024470 0.048295
0 0.163948 0.468750 0.044861 0.092330
0 0.572594 0.227273 0.013866 0.025568
0 0.460033 0.251420 0.015498 0.026989
0 0.842577 0.308239 0.017129 0.034091
0 0.688418 0.232955 0.013051 0.031250
0 0.840131 0.258523 0.015498 0.034091
0 0.809951 0.250000 0.014682 0.032670
0 0.741436 0.404830 0.026917 0.048295
0 0.615824 0.433239 0.030995 0.071023
