0 0.941000 0.587706 0.031000 0.049475
0 0.108000 0.188906 0.016000 0.028486
0 0.931000 0.512744 0.018000 0.026987
0 0.747000 0.400300 0.009000 0.019490
0 0.134000 0.215892 0.020000 0.034483
0 0.649000 0.445277 0.016000 0.026987
0 0.362000 0.286357 0.012000 0.022489
0 0.138000 0.140930 0.014000 0.020990
0 0.412000 0.259370 0.014000 0.019490
0 0.169000 0.166417 0.017000 0.017991
0 0.487000 0.376312 0.013000 0.023988
0 0.631000 0.358321 0.012000 0.017991
0 0.232000 0.232384 0.016000 0.026987
0 0.373000 0.248876 0.013000 0.025487
0 0.093000 0.266867 0.036000 0.043478
0 0.416000 0.361319 0.019000 0.025487
0 0.193000 0.209895 0.016000 0.028486
0 0.783000 0.479760 0.012000 0.026987
0 0.091000 0.197901 0.021000 0.031484
0 0.694000 0.389805 0.012000 0.019490
0 0.169000 0.271364 0.024000 0.032984
0 0.960000 0.542729 0.026000 0.041979
0 0.071000 0.124438 0.020000 0.028486
0 0.835000 0.434783 0.012000 0.020990
0 0.203000 0.287856 0.020000 0.038981
0 0.810000 0.461769 0.013000 0.023988
0 0.265000 0.292354 0.023000 0.029985
0 0.162000 0.209895 0.019000 0.023988
0 0.216000 0.169415 0.011000 0.022489
0 0.053000 0.115442 0.017000 0.023988
0 0.219000 0.661169 0.148000 0.172414
0 0.777000 0.434783 0.014000 0.028486
0 0.206000 0.241379 0.018000 0.026987
0 0.701000 0.446777 0.012000 0.025487
0 0.731000 0.610195 0.055000 0.100450
0 0.718000 0.466267 0.017000 0.029985
0 0.422000 0.337331 0.011000 0.023988
0 0.354000 0.302849 0.016000 0.028486
0 0.184000 0.157421 0.013000 0.020990
0 0.726000 0.409295 0.012000 0.019490
0 0.832000 0.571214 0.047000 0.070465
0 0.690000 0.293853 0.010000 0.020990
0 0.497000 0.409295 0.023000 0.035982
0 0.222000 0.197901 0.015000 0.023988
0 0.723000 0.509745 0.025000 0.040480
0 0.318000 0.281859 0.013000 0.025487
0 0.762000 0.488756 0.017000 0.026987
0 0.620000 0.460270 0.019000 0.029985
0 0.392000 0.310345 0.013000 0.022489
0 0.057000 0.499250 0.101000 0.115442
0 0.625000 0.428786 0.010000 0.017991
0 0.441000 0.257871 0.012000 0.020990
0 0.460000 0.392804 0.019000 0.029985
0 0.378000 0.334333 0.018000 0.023988
0 0.835000 0.487256 0.015000 0.035982
0 0.455000 0.506747 0.062000 0.107946
0 0.658000 0.509745 0.038000 0.061469
0 0.257000 0.319340 0.027000 0.035982
0 0.392000 0.281859 0.011000 0.023988
0 0.539000 0.520240 0.047000 0.086957
0 0.641000 0.424288 0.014000 0.028486
0 0.289000 0.235382 0.016000 0.026987
0 0.886000 0.566717 0.033000 0.055472
0 0.774000 0.524738 0.026000 0.041979
0 0.869000 0.509745 0.017000 0.029985
0 0.663000 0.401799 0.008000 0.016492
