0 0.725639 0.142379 0.013245 0.033501
0 0.423841 0.177554 0.017029 0.031826
0 0.733207 0.180905 0.016083 0.033501
0 0.879849 0.155779 0.017029 0.035176
0 0.682119 0.132328 0.013245 0.030151
0 0.807947 0.154104 0.014191 0.030151
0 0.873226 0.264657 0.023652 0.061977
0 0.423841 0.145729 0.014191 0.031826
0 0.741722 0.264657 0.030274 0.061977
0 0.847682 0.147404 0.014191 0.031826
0 0.667928 0.214405 0.021760 0.043551
0 0.796594 0.162479 0.015137 0.031826
0 0.479659 0.180905 0.018921 0.041876
0 0.687796 0.256281 0.021760 0.050251
0 0.269631 0.222781 0.014191 0.033501
0 0.393567 0.192630 0.017029 0.033501
0 0.537370 0.197655 0.020814 0.038526
0 0.655629 0.105528 0.013245 0.035176
0 0.773888 0.157454 0.012299 0.030151
0 0.531693 0.160804 0.017029 0.031826
0 0.378430 0.249581 0.017975 0.043551
0 0.403027 0.167504 0.016083 0.030151
0 0.756859 0.154104 0.017975 0.030151
0 0.857143 0.170854 0.014191 0.033501
0 0.840114 0.311558 0.032167 0.058626
0 0.516556 0.125628 0.014191 0.031826
0 0.498581 0.132328 0.015137 0.033501
0 0.599811 0.105528 0.009461 0.023451
0 0.707663 0.112228 0.013245 0.025126
0 0.469253 0.159129 0.016083 0.036851
0 0.623463 0.130653 0.015137 0.028476
0 0.377483 0.179229 0.016083 0.036851
0 0.814570 0.137353 0.014191 0.028476
0 0.906339 0.204355 0.017975 0.038526
0 0.758751 0.199330 0.020814 0.041876
0 0.701987 0.174204 0.017975 0.040201
0 0.760643 0.251256 0.019868 0.048576
0 0.577105 0.122278 0.015137 0.030151
0 0.753075 0.123953 0.014191 0.030151
0 0.412488 0.264657 0.021760 0.048576
0 0.642384 0.237856 0.023652 0.051926
0 0.945128 0.212730 0.013245 0.033501
0 0.555345 0.123953 0.013245 0.030151
0 0.695364 0.160804 0.014191 0.031826
0 0.532640 0.127303 0.014191 0.028476
0 0.935667 0.194305 0.014191 0.025126
0 0.840114 0.232831 0.019868 0.045226
0 0.605487 0.120603 0.013245 0.028476
0 0.418165 0.212730 0.019868 0.041876
0 0.567644 0.135678 0.015137 0.025126
0 0.473037 0.135678 0.011353 0.026801
0 0.900662 0.351759 0.031220 0.078727
0 0.835383 0.164154 0.016083 0.031826
0 0.614948 0.164154 0.015137 0.028476
0 0.704825 0.229481 0.018921 0.045226
0 0.590350 0.135678 0.012299 0.026801
0 0.335856 0.231156 0.018921 0.040201
0 0.625355 0.112228 0.011353 0.021776
0 0.457900 0.197655 0.019868 0.038526
0 0.840114 0.192630 0.017029 0.031826
0 0.654683 0.139028 0.014191 0.033501
0 0.581835 0.165829 0.017029 0.038526
0 0.791864 0.289782 0.024598 0.065327
0 0.778619 0.219430 0.023652 0.043551
0 0.577105 0.271357 0.023652 0.063652
0 0.674551 0.105528 0.016083 0.025126
0 0.908231 0.150754 0.016083 0.035176
0 0.789026 0.137353 0.015137 0.030151
0 0.939451 0.170854 0.013245 0.028476
0 0.633869 0.195980 0.021760 0.045226
0 0.624409 0.097152 0.008515 0.021776
0 0.926206 0.247906 0.017975 0.038526
0 0.500473 0.180905 0.019868 0.040201
0 0.557237 0.278057 0.033113 0.087102
0 0.656575 0.180905 0.021760 0.048576
0 0.918638 0.301508 0.018921 0.050251
0 0.495743 0.212730 0.023652 0.038526
0 0.324503 0.199330 0.014191 0.035176
