0 0.020450 0.287390 0.038855 0.067449
0 0.717791 0.255132 0.038855 0.070381
0 0.204499 0.237537 0.173824 0.269795
0 0.934560 0.337243 0.069530 0.111437
0 0.094070 0.354839 0.067485 0.108504
0 0.470348 0.281525 0.096115 0.170088
0 0.648262 0.334311 0.145194 0.228739
0 0.020450 0.340176 0.038855 0.079179
0 0.801636 0.246334 0.030675 0.064516
0 0.539877 0.252199 0.044990 0.067449
0 0.384458 0.222874 0.051125 0.067449
0 0.768916 0.348974 0.040900 0.079179
0 0.402863 0.307918 0.049080 0.079179
0 0.310838 0.258065 0.042945 0.076246
0 0.862986 0.328446 0.040900 0.064516
