0 0.476667 0.207500 0.072500 0.133750
0 0.164167 0.087500 0.051667 0.073750
0 0.296667 0.118750 0.047500 0.087500
0 0.825000 0.445000 0.109167 0.201250
0 0.125000 0.373750 0.123333 0.192500
0 0.736667 0.196250 0.055000 0.116250
0 0.549167 0.501250 0.111667 0.192500
0 0.437500 0.132500 0.051667 0.091250
0 0.741667 0.116250 0.045000 0.081250
0 0.294167 0.387500 0.094167 0.182500
0 0.809167 0.646250 0.120833 0.237500
0 0.864167 0.238750 0.081667 0.143750
0 0.970833 0.178750 0.050000 0.103750
0 0.579167 0.127500 0.048333 0.098750
0 0.175000 0.181250 0.072500 0.111250
0 0.480833 0.598750 0.140000 0.256250
0 0.633333 0.157500 0.055000 0.107500
0 0.379167 0.173750 0.065000 0.121250
0 0.649167 0.497500 0.110000 0.185000
0 0.543333 0.160000 0.055000 0.106250
0 0.205833 0.258750 0.089167 0.162500
0 0.675000 0.192500 0.083333 0.146250
