0 0.914585 0.325843 0.018533 0.064607
0 0.663175 0.223315 0.017728 0.030899
0 0.403707 0.331461 0.016116 0.030899
0 0.735697 0.276685 0.018533 0.026685
0 0.351330 0.324438 0.016922 0.030899
0 0.664786 0.265449 0.016922 0.035112
0 0.587429 0.321629 0.027397 0.042135
0 0.794521 0.241573 0.016116 0.029494
0 0.544722 0.216292 0.016922 0.033708
0 0.283642 0.299157 0.015310 0.033708
0 0.293312 0.356742 0.016922 0.043539
0 0.877518 0.282303 0.016922 0.036517
0 0.464142 0.266854 0.019339 0.035112
0 0.558421 0.257022 0.014504 0.030899
0 0.701048 0.467697 0.037067 0.078652
0 0.740532 0.231742 0.016116 0.029494
0 0.448832 0.241573 0.015310 0.023876
0 0.315068 0.386236 0.020145 0.047753
0 0.893634 0.456461 0.031426 0.068820
0 0.442385 0.335674 0.020951 0.040730
0 0.494762 0.268258 0.021757 0.029494
0 0.564061 0.241573 0.012087 0.030899
0 0.651894 0.212079 0.008864 0.025281
0 0.801773 0.292135 0.022562 0.032303
0 0.681708 0.342697 0.021757 0.042135
0 0.756648 0.441011 0.032232 0.053371
0 0.670427 0.228933 0.014504 0.029494
0 0.629331 0.221910 0.021757 0.030899
0 0.848509 0.262640 0.015310 0.040730
0 0.713135 0.282303 0.014504 0.042135
0 0.916197 0.264045 0.020145 0.037921
0 0.624496 0.286517 0.031426 0.043539
0 0.902498 0.359551 0.016116 0.050562
0 0.615633 0.209270 0.017728 0.029494
0 0.601934 0.200843 0.016116 0.032303
0 0.834005 0.306180 0.018533 0.039326
0 0.648670 0.367978 0.027397 0.049157
0 0.535858 0.393258 0.025786 0.056180
0 0.222401 0.338483 0.012087 0.030899
0 0.542305 0.282303 0.017728 0.044944
0 0.832393 0.443820 0.027397 0.063202
0 0.801773 0.480337 0.029815 0.070225
0 0.422240 0.282303 0.017728 0.043539
0 0.856567 0.252809 0.014504 0.047753
0 0.435939 0.303371 0.019339 0.039326
0 0.804996 0.271067 0.016116 0.036517
0 0.656728 0.435393 0.035455 0.068820
0 0.405318 0.293539 0.016116 0.036517
0 0.735697 0.401685 0.035455 0.043539
0 0.847703 0.365169 0.024980 0.054775
0 0.601934 0.422753 0.036261 0.061798
0 0.257051 0.341292 0.016116 0.043539
0 0.916197 0.310393 0.016116 0.022472
0 0.351330 0.292135 0.012893 0.039326
0 0.501209 0.320225 0.024980 0.040730
0 0.493956 0.380618 0.024980 0.057584
0 0.182111 0.470506 0.050766 0.103933
0 0.867849 0.320225 0.017728 0.039326
0 0.587429 0.235955 0.022562 0.032303
0 0.823529 0.258427 0.020951 0.033708
0 0.507655 0.247191 0.020951 0.022472
0 0.787268 0.359551 0.021757 0.042135
0 0.388396 0.250000 0.016116 0.022472
0 0.874295 0.391854 0.023368 0.046348
0 0.638195 0.330056 0.023368 0.033708
0 0.377921 0.332865 0.013699 0.030899
0 0.726027 0.251404 0.018533 0.037921
0 0.756648 0.285112 0.018533 0.042135
0 0.806608 0.337079 0.017728 0.042135
