0 0.765000 0.621399 0.115000 0.185185
0 0.620000 0.390947 0.052500 0.094650
0 0.242500 0.469136 0.085000 0.135802
0 0.482500 0.358025 0.045000 0.090535
0 0.545000 0.411523 0.052500 0.098765
0 0.635000 0.790123 0.155000 0.283951
0 0.395000 0.534979 0.105000 0.181070
0 0.830000 0.477366 0.087500 0.144033
0 0.120000 0.362140 0.050000 0.094650
0 0.215000 0.349794 0.037500 0.061728
0 0.397500 0.399177 0.057500 0.098765
0 0.345000 0.370370 0.050000 0.090535
0 0.860000 0.423868 0.072500 0.123457
0 0.100000 0.477366 0.087500 0.139918
0 0.167500 0.337449 0.042500 0.074074
0 0.737500 0.172840 0.060000 0.098765
0 0.042500 0.308642 0.045000 0.057613
0 0.690000 0.349794 0.050000 0.090535
0 0.255000 0.345679 0.037500 0.065844
0 0.900000 0.370370 0.065000 0.111111
