0 0.471429 0.520436 0.044898 0.070845
0 0.597959 0.512262 0.059184 0.087193
0 0.855102 0.572207 0.077551 0.108992
0 0.287755 0.536785 0.065306 0.100817
0 0.363265 0.534060 0.040816 0.057221
0 0.120408 0.506812 0.044898 0.062670
0 0.695918 0.550409 0.067347 0.106267
0 0.436735 0.787466 0.157143 0.228883
0 0.381633 0.561308 0.061224 0.079019
0 0.912245 0.850136 0.175510 0.277929
0 0.526531 0.569482 0.059184 0.092643
0 0.179592 0.555858 0.075510 0.106267
0 0.046939 0.506812 0.048980 0.065395
0 0.536735 0.444142 0.042857 0.073569
