0 0.816250 0.446352 0.032500 0.075107
0 0.641250 0.444206 0.030000 0.066524
0 0.166250 0.427039 0.042500 0.083691
0 0.206250 0.416309 0.031250 0.068670
0 0.253750 0.416309 0.026250 0.057940
0 0.747500 0.422747 0.018750 0.030043
0 0.382500 0.409871 0.018750 0.034335
0 0.717500 0.517167 0.076250 0.137339
0 0.355000 0.409871 0.025000 0.047210
0 0.965000 0.287554 0.065000 0.128755
0 0.451250 0.399142 0.025000 0.045064
0 0.715000 0.437768 0.025000 0.055794
0 0.935000 0.783262 0.130000 0.384120
0 0.083750 0.484979 0.068750 0.130901
0 0.527500 0.463519 0.027500 0.072961
0 0.332500 0.412017 0.032500 0.057940
0 0.293750 0.465665 0.061250 0.115880
0 0.760000 0.446352 0.018750 0.045064
0 0.532500 0.360515 0.023750 0.036481
0 0.847500 0.377682 0.026250 0.036481
0 0.410000 0.429185 0.023750 0.045064
0 0.497500 0.519313 0.077500 0.163090
0 0.370000 0.392704 0.021250 0.040773
0 0.671250 0.463519 0.030000 0.070815
0 0.786250 0.448498 0.033750 0.064378
0 0.473750 0.405579 0.016250 0.038627
0 0.392500 0.386266 0.022500 0.040773
0 0.842500 0.472103 0.037500 0.068670
