0 0.658192 0.189684 0.017891 0.036606
0 0.518832 0.292845 0.025424 0.054908
0 0.293785 0.262895 0.018832 0.038270
0 0.631827 0.121464 0.013183 0.026622
0 0.403013 0.199667 0.019774 0.031614
0 0.749529 0.133111 0.016008 0.034942
0 0.540490 0.312812 0.032957 0.063228
0 0.452919 0.151414 0.015066 0.026622
0 0.610169 0.221298 0.021657 0.044925
0 0.385122 0.259567 0.020716 0.036606
0 0.617702 0.143095 0.012241 0.029950
0 0.356874 0.259567 0.024482 0.034942
0 0.656309 0.261231 0.024482 0.061564
0 0.709040 0.151414 0.013183 0.033278
0 0.856874 0.251248 0.027307 0.043261
0 0.175141 0.475874 0.038606 0.083195
0 0.793785 0.138103 0.016949 0.038270
0 0.665725 0.121464 0.011299 0.029950
0 0.320151 0.224626 0.019774 0.029950
0 0.347458 0.204659 0.016008 0.034942
0 0.457627 0.217970 0.017891 0.039933
0 0.493409 0.201331 0.018832 0.036606
0 0.555556 0.252912 0.025424 0.048253
0 0.774011 0.201331 0.021657 0.048253
0 0.716573 0.284526 0.027307 0.051581
0 0.916196 0.241265 0.024482 0.054908
0 0.478343 0.227953 0.018832 0.039933
0 0.892655 0.158070 0.013183 0.036606
0 0.605461 0.329451 0.032957 0.058236
0 0.306026 0.284526 0.020716 0.034942
0 0.935970 0.262895 0.025424 0.063228
0 0.435028 0.198003 0.019774 0.038270
0 0.522599 0.204659 0.019774 0.039933
0 0.551789 0.129784 0.011299 0.023295
0 0.555556 0.144759 0.010358 0.024958
0 0.820151 0.227953 0.023540 0.046589
0 0.618644 0.247920 0.027307 0.051581
0 0.693974 0.146423 0.016008 0.031614
0 0.387006 0.186356 0.015066 0.033278
0 0.420904 0.246256 0.021657 0.046589
0 0.764595 0.129784 0.014124 0.034942
0 0.846516 0.193012 0.017891 0.034942
0 0.756121 0.231281 0.027307 0.061564
0 0.767420 0.161398 0.018832 0.033278
0 0.806968 0.169717 0.016949 0.048253
0 0.534840 0.166389 0.015066 0.038270
0 0.498117 0.129784 0.014124 0.026622
0 0.837100 0.324459 0.027307 0.063228
0 0.518832 0.166389 0.018832 0.031614
0 0.873823 0.161398 0.014124 0.034942
0 0.268362 0.261231 0.019774 0.041597
0 0.771186 0.291181 0.028249 0.058236
0 0.894539 0.204659 0.019774 0.043261
0 0.879473 0.191348 0.016949 0.036606
0 0.737288 0.144759 0.016008 0.034942
0 0.847458 0.136439 0.019774 0.036606
0 0.252354 0.254576 0.016949 0.036606
0 0.505650 0.154742 0.016008 0.024958
0 0.354049 0.227953 0.018832 0.033278
0 0.715631 0.204659 0.022599 0.051581
0 0.610169 0.124792 0.015066 0.033278
0 0.690207 0.174709 0.016008 0.039933
0 0.595104 0.141431 0.016008 0.033278
0 0.391714 0.216306 0.019774 0.036606
0 0.582863 0.131448 0.012241 0.026622
0 0.488701 0.163062 0.016949 0.028286
0 0.728814 0.161398 0.015066 0.041597
0 0.446328 0.176373 0.016949 0.029950
0 0.670433 0.214642 0.020716 0.046589
