0 0.522417 0.278443 0.033138 0.068862
0 0.341131 0.074850 0.033138 0.062874
0 0.060429 0.538922 0.083821 0.140719
0 0.797271 0.326347 0.040936 0.080838
0 0.840156 0.332335 0.048733 0.086826
0 0.384016 0.748503 0.138402 0.218563
0 0.647173 0.314371 0.040936 0.065868
0 0.600390 0.643713 0.111111 0.188623
0 0.606238 0.311377 0.040936 0.059880
0 0.890838 0.544910 0.101365 0.167665
0 0.719298 0.317365 0.044834 0.071856
0 0.927875 0.386228 0.060429 0.098802
0 0.545809 0.305389 0.048733 0.065868
0 0.181287 0.649701 0.118908 0.158683
0 0.134503 0.538922 0.087719 0.137725
