0 0.743993 0.228995 0.023105 0.051071
0 0.704251 0.227348 0.022181 0.042834
0 0.804067 0.154860 0.017560 0.037891
0 0.466728 0.227348 0.021257 0.041186
0 0.721811 0.196046 0.024030 0.047776
0 0.828096 0.306425 0.027726 0.057661
0 0.651571 0.131796 0.014787 0.029654
0 0.477819 0.146623 0.012015 0.023064
0 0.689464 0.141680 0.020333 0.036244
0 0.722736 0.247117 0.024030 0.049423
0 0.893715 0.138386 0.012015 0.026359
0 0.402033 0.182867 0.014787 0.029654
0 0.442699 0.161450 0.011091 0.024712
0 0.707948 0.313015 0.029575 0.064250
0 0.157116 0.350906 0.032348 0.065898
0 0.446396 0.184514 0.012015 0.031301
0 0.287431 0.286656 0.021257 0.034596
0 0.850277 0.141680 0.012939 0.031301
0 0.702403 0.177924 0.020333 0.046129
0 0.365065 0.253707 0.012939 0.037891
0 0.660813 0.112026 0.012939 0.031301
0 0.509242 0.149918 0.017560 0.031301
0 0.373383 0.281713 0.017560 0.041186
0 0.547135 0.128501 0.017560 0.029654
0 0.896488 0.329489 0.030499 0.059308
0 0.609057 0.260297 0.023105 0.049423
0 0.804991 0.245470 0.023105 0.049423
0 0.881701 0.154860 0.013863 0.034596
0 0.378928 0.182867 0.012939 0.028007
0 0.909427 0.261944 0.024954 0.046129
0 0.611830 0.140033 0.019409 0.032949
0 0.378004 0.235585 0.014787 0.039539
0 0.861368 0.265239 0.018484 0.047776
0 0.776340 0.207578 0.017560 0.047776
0 0.559150 0.179572 0.019409 0.039539
0 0.872458 0.210873 0.020333 0.042834
0 0.355823 0.232290 0.013863 0.029654
0 0.589649 0.115321 0.015712 0.026359
0 0.556377 0.135091 0.015712 0.029654
0 0.770795 0.143328 0.016636 0.037891
0 0.608133 0.321252 0.032348 0.060956
0 0.440850 0.228995 0.019409 0.039539
0 0.543438 0.189456 0.018484 0.047776
0 0.484288 0.306425 0.025878 0.060956
0 0.728281 0.116969 0.016636 0.031301
0 0.850277 0.172982 0.016636 0.034596
0 0.342884 0.276771 0.021257 0.041186
0 0.636784 0.103789 0.012939 0.026359
0 0.521257 0.140033 0.012939 0.026359
0 0.825323 0.118616 0.014787 0.031301
0 0.820702 0.141680 0.014787 0.034596
0 0.728281 0.138386 0.014787 0.031301
0 0.555453 0.250412 0.027726 0.057661
0 0.856747 0.133443 0.011091 0.028007
0 0.655268 0.217463 0.023105 0.046129
0 0.652495 0.171334 0.018484 0.044481
0 0.742144 0.354201 0.035120 0.075783
0 0.495379 0.141680 0.011091 0.028007
0 0.819778 0.210873 0.019409 0.046129
0 0.462107 0.191104 0.017560 0.039539
0 0.275416 0.255354 0.020333 0.044481
0 0.524954 0.326194 0.034196 0.059308
0 0.415896 0.176277 0.014787 0.039539
0 0.767098 0.270181 0.025878 0.047776
0 0.697782 0.105437 0.014787 0.029654
0 0.610906 0.108731 0.015712 0.029654
0 0.476895 0.172982 0.016636 0.037891
0 0.244917 0.283361 0.017560 0.037891
0 0.620148 0.202636 0.019409 0.042834
0 0.507394 0.182867 0.015712 0.034596
