0 0.078125 0.314815 0.025000 0.042593
0 0.427083 0.362963 0.020833 0.046296
0 0.148958 0.353704 0.028125 0.042593
0 0.169792 0.400000 0.039583 0.075926
0 0.046875 0.312963 0.026042 0.046296
0 0.381250 0.440741 0.045833 0.096296
0 0.361458 0.337037 0.015625 0.033333
0 0.566667 0.377778 0.028125 0.051852
0 0.216667 0.337037 0.020833 0.035185
0 0.257292 0.370370 0.026042 0.061111
0 0.020833 0.318519 0.026042 0.048148
0 0.196875 0.338889 0.020833 0.042593
0 0.379167 0.366667 0.025000 0.046296
0 0.107292 0.396296 0.048958 0.072222
0 0.048958 0.366667 0.034375 0.061111
0 0.226042 0.442593 0.056250 0.092593
0 0.281250 0.333333 0.017708 0.042593
0 0.618750 0.390741 0.019792 0.048148
0 0.330208 0.405556 0.032292 0.070370
0 0.486458 0.346296 0.020833 0.042593
0 0.237500 0.340741 0.021875 0.035185
0 0.230208 0.387037 0.032292 0.064815
0 0.689583 0.327778 0.018750 0.046296
0 0.430208 0.427778 0.037500 0.083333
0 0.120833 0.340741 0.031250 0.050000
0 0.396875 0.381481 0.029167 0.068519
0 0.570833 0.438889 0.035417 0.070370
0 0.470833 0.387037 0.030208 0.066667
0 0.312500 0.366667 0.028125 0.053704
0 0.498958 0.375926 0.021875 0.042593
0 0.341667 0.362963 0.021875 0.059259
0 0.095833 0.309259 0.023958 0.040741
0 0.371875 0.346296 0.016667 0.029630
0 0.008333 0.348148 0.014583 0.051852
0 0.073958 0.344444 0.028125 0.050000
0 0.903125 0.270370 0.067708 0.112963
0 0.481250 0.427778 0.038542 0.070370
0 0.177083 0.375926 0.032292 0.064815
0 0.651042 0.414815 0.027083 0.053704
