0 0.150672 0.300987 0.021113 0.044408
0 0.642994 0.241776 0.020154 0.036184
0 0.470250 0.225329 0.022073 0.046053
0 0.546065 0.144737 0.017274 0.029605
0 0.956814 0.156250 0.015355 0.034539
0 0.865643 0.314145 0.036468 0.062500
0 0.926104 0.151316 0.012476 0.024671
0 0.498081 0.315789 0.026871 0.059211
0 0.807102 0.277961 0.024952 0.059211
0 0.583493 0.138158 0.015355 0.036184
0 0.386756 0.268092 0.023033 0.042763
0 0.606526 0.120066 0.011516 0.026316
0 0.087332 0.317434 0.021113 0.044408
0 0.357006 0.243421 0.022073 0.041118
0 0.659309 0.228618 0.020154 0.042763
0 0.547985 0.333882 0.031670 0.055921
