0 0.446667 0.478378 0.060000 0.108108
0 0.526667 0.451351 0.050000 0.118919
0 0.870000 0.491892 0.031667 0.062162
0 0.765000 0.445946 0.038333 0.070270
0 0.581667 0.467568 0.041667 0.113514
0 0.976667 0.475676 0.035000 0.054054
0 0.270000 0.454054 0.066667 0.143243
0 0.721667 0.467568 0.050000 0.102703
0 0.066667 0.454054 0.053333 0.113514
0 0.836667 0.483784 0.035000 0.081081
0 0.658333 0.440541 0.055000 0.105405
0 0.335000 0.467568 0.023333 0.062162
0 0.928333 0.489189 0.036667 0.083784
0 0.130000 0.443243 0.040000 0.081081
