0 0.791667 0.360947 0.018333 0.044379
0 0.531667 0.301775 0.020000 0.032544
0 0.336667 0.266272 0.013333 0.023669
0 0.471667 0.272189 0.020000 0.032544
0 0.698333 0.284024 0.013333 0.035503
0 0.591667 0.334320 0.018333 0.029586
0 0.290000 0.328402 0.018333 0.035503
0 0.343333 0.571006 0.033333 0.059172
0 0.620000 0.281065 0.020000 0.032544
0 0.218333 0.313609 0.015000 0.026627
0 0.388333 0.307692 0.015000 0.038462
0 0.595000 0.375740 0.020000 0.035503
0 0.283333 0.423077 0.028333 0.050296
0 0.543333 0.331361 0.020000 0.047337
0 0.505000 0.366864 0.021667 0.041420
0 0.178333 0.343195 0.018333 0.038462
0 0.443333 0.254438 0.013333 0.023669
0 0.190000 0.393491 0.020000 0.038462
0 0.485000 0.278107 0.016667 0.029586
0 0.648333 0.292899 0.018333 0.035503
0 0.713333 0.340237 0.021667 0.041420
0 0.656667 0.257396 0.016667 0.032544
0 0.531667 0.704142 0.043333 0.088757
0 0.385000 0.284024 0.016667 0.035503
0 0.700000 0.357988 0.016667 0.032544
0 0.325000 0.357988 0.025000 0.038462
0 0.570000 0.227811 0.015000 0.032544
0 0.263333 0.352071 0.021667 0.041420
0 0.233333 0.387574 0.020000 0.044379
0 0.680000 0.298817 0.018333 0.041420
0 0.271667 0.289941 0.018333 0.032544
0 0.480000 0.227811 0.015000 0.023669
0 0.681667 0.529586 0.040000 0.065089
0 0.361667 0.239645 0.015000 0.035503
0 0.430000 0.289941 0.013333 0.026627
0 0.755000 0.313609 0.021667 0.053254
0 0.253333 0.514793 0.031667 0.059172
0 0.570000 0.390533 0.020000 0.041420
0 0.541667 0.207101 0.011667 0.029586
0 0.393333 0.263314 0.018333 0.032544
0 0.341667 0.393491 0.020000 0.047337
0 0.426667 0.325444 0.020000 0.044379
0 0.461667 0.349112 0.023333 0.041420
0 0.615000 0.378698 0.021667 0.035503
0 0.565000 0.260355 0.011667 0.023669
0 0.620000 0.414201 0.026667 0.050296
0 0.376667 0.446746 0.030000 0.062130
0 0.635000 0.251479 0.013333 0.026627
0 0.568333 0.313609 0.018333 0.035503
0 0.518333 0.210059 0.013333 0.035503
0 0.195000 0.458580 0.026667 0.053254
