0 0.040000 0.586667 0.075000 0.133333
0 0.610000 0.390000 0.027500 0.043333
0 0.460000 0.340000 0.025000 0.040000
0 0.665000 0.626667 0.075000 0.110000
0 0.380000 0.340000 0.025000 0.046667
0 0.485000 0.363333 0.027500 0.040000
0 0.145000 0.356667 0.032500 0.050000
0 0.710000 0.750000 0.077500 0.150000
0 0.515000 0.276667 0.025000 0.030000
0 0.907500 0.356667 0.050000 0.076667
0 0.667500 0.416667 0.027500 0.040000
0 0.420000 0.273333 0.020000 0.026667
0 0.330000 0.313333 0.022500 0.040000
0 0.215000 0.296667 0.027500 0.040000
0 0.475000 0.290000 0.022500 0.030000
0 0.225000 0.263333 0.017500 0.033333
0 0.447500 0.290000 0.020000 0.030000
0 0.267500 0.386667 0.035000 0.050000
0 0.430000 0.473333 0.052500 0.070000
0 0.722500 0.373333 0.025000 0.036667
0 0.387500 0.503333 0.057500 0.083333
0 0.017500 0.310000 0.030000 0.050000
0 0.405000 0.413333 0.035000 0.060000
0 0.405000 0.306667 0.025000 0.040000
0 0.307500 0.373333 0.027500 0.050000
0 0.507500 0.303333 0.022500 0.040000
0 0.565000 0.320000 0.025000 0.036667
0 0.055000 0.410000 0.045000 0.060000
0 0.165000 0.393333 0.037500 0.053333
0 0.072500 0.313333 0.027500 0.033333
0 0.252500 0.440000 0.045000 0.080000
0 0.762500 0.383333 0.022500 0.043333
0 0.185000 0.350000 0.032500 0.050000
0 0.142500 0.253333 0.025000 0.036667
0 0.685000 0.350000 0.027500 0.036667
0 0.042500 0.280000 0.027500 0.033333
0 0.357500 0.606667 0.077500 0.120000
0 0.635000 0.353333 0.022500 0.036667
0 0.512500 0.360000 0.025000 0.036667
0 0.602500 0.316667 0.025000 0.036667
0 0.635000 0.330000 0.020000 0.033333
0 0.347500 0.276667 0.020000 0.040000
0 0.715000 0.406667 0.025000 0.043333
0 0.292500 0.436667 0.045000 0.056667
0 0.055000 0.350000 0.030000 0.050000
