0 0.513710 0.252809 0.014516 0.026685
0 0.882258 0.294944 0.016129 0.035112
0 0.756452 0.286517 0.014516 0.036517
0 0.374194 0.351124 0.018548 0.036517
0 0.763710 0.264045 0.015323 0.035112
0 0.847581 0.266854 0.011290 0.030899
0 0.637903 0.251404 0.014516 0.030899
0 0.901613 0.398876 0.025000 0.056180
0 0.442742 0.341292 0.019355 0.043539
0 0.546774 0.231742 0.014516 0.033708
0 0.468548 0.307584 0.019355 0.036517
0 0.401613 0.342697 0.019355 0.036517
0 0.896774 0.467697 0.029032 0.066011
0 0.283065 0.310393 0.017742 0.033708
0 0.737097 0.273876 0.016935 0.030899
0 0.564516 0.247191 0.014516 0.026685
0 0.564516 0.228933 0.011290 0.023876
0 0.707258 0.508427 0.040323 0.088483
0 0.825806 0.519663 0.036290 0.066011
0 0.664516 0.228933 0.012903 0.028090
0 0.455645 0.248596 0.013710 0.026685
0 0.861290 0.318820 0.016129 0.035112
0 0.597581 0.228933 0.012903 0.025281
0 0.425806 0.283708 0.017742 0.028090
0 0.498387 0.396067 0.028226 0.063202
0 0.646774 0.237360 0.012903 0.025281
0 0.286290 0.365169 0.020161 0.046348
0 0.733871 0.223315 0.011290 0.030899
0 0.022581 0.407303 0.024194 0.046348
0 0.235484 0.341292 0.015323 0.033708
0 0.537903 0.404494 0.029032 0.057584
0 0.533871 0.369382 0.025806 0.046348
0 0.912903 0.358146 0.019355 0.036517
0 0.833871 0.449438 0.029032 0.057584
0 0.920968 0.285112 0.014516 0.028090
0 0.354839 0.294944 0.016935 0.033708
0 0.910484 0.331461 0.015323 0.036517
0 0.841935 0.287921 0.017742 0.033708
0 0.652419 0.221910 0.012097 0.021067
0 0.604032 0.209270 0.012097 0.029494
0 0.585484 0.328652 0.020161 0.040730
0 0.337903 0.363764 0.024194 0.046348
0 0.800806 0.366573 0.021774 0.049157
0 0.641129 0.338483 0.017742 0.040730
0 0.836290 0.255618 0.014516 0.029494
0 0.400000 0.279494 0.016129 0.030899
0 0.602419 0.379213 0.029839 0.051966
0 0.464516 0.238764 0.012903 0.023876
0 0.605645 0.433989 0.033871 0.066011
0 0.262097 0.351124 0.020161 0.039326
0 0.591935 0.250000 0.013710 0.025281
0 0.516129 0.316011 0.018548 0.032303
0 0.732258 0.408708 0.028226 0.053371
0 0.833871 0.314607 0.016935 0.039326
0 0.511290 0.282303 0.017742 0.029494
0 0.804839 0.303371 0.020968 0.033708
0 0.845968 0.418539 0.021774 0.049157
0 0.618548 0.219101 0.016935 0.029494
0 0.771774 0.233146 0.015323 0.030899
0 0.558871 0.268258 0.016129 0.025281
0 0.673387 0.320225 0.017742 0.037921
0 0.673387 0.271067 0.019355 0.036517
0 0.661290 0.448034 0.034677 0.067416
0 0.920161 0.317416 0.012903 0.028090
0 0.779839 0.407303 0.027419 0.051966
0 0.383871 0.266854 0.014516 0.030899
0 0.370968 0.325843 0.016129 0.033708
0 0.808871 0.276685 0.016935 0.033708
0 0.556452 0.287921 0.016129 0.033708
0 0.685484 0.351124 0.022581 0.047753
0 0.408065 0.303371 0.014516 0.030899
0 0.799194 0.251404 0.016935 0.033708
0 0.532258 0.255618 0.015323 0.035112
0 0.441129 0.308989 0.019355 0.040730
0 0.655645 0.379213 0.025806 0.054775
0 0.626613 0.300562 0.022581 0.039326
0 0.862097 0.261236 0.012903 0.028090
0 0.678226 0.234551 0.011290 0.028090
0 0.421774 0.262640 0.012903 0.021067
0 0.712903 0.297753 0.021774 0.043539
0 0.861290 0.370787 0.021774 0.051966
