0 0.907200 0.216366 0.014400 0.036061
0 0.386400 0.277393 0.020800 0.044383
0 0.848000 0.184466 0.013600 0.033287
0 0.727200 0.178918 0.019200 0.040222
0 0.282400 0.274619 0.020000 0.041609
0 0.396000 0.216366 0.017600 0.034674
0 0.617600 0.120666 0.014400 0.033287
0 0.712800 0.162275 0.015200 0.033287
0 0.507200 0.126214 0.010400 0.024965
0 0.541600 0.162275 0.015200 0.034674
0 0.674400 0.260749 0.023200 0.051318
0 0.780000 0.101248 0.014400 0.031900
0 0.828000 0.234397 0.016800 0.044383
0 0.748000 0.248266 0.020800 0.044383
0 0.805600 0.177531 0.014400 0.036061
0 0.884000 0.470180 0.026400 0.065187
0 0.047200 0.411928 0.029600 0.055479
0 0.644000 0.090153 0.009600 0.022191
0 0.345600 0.208044 0.014400 0.031900
0 0.608000 0.201110 0.020000 0.047157
0 0.371200 0.223301 0.016000 0.036061
0 0.612000 0.098474 0.012800 0.027739
0 0.484000 0.131761 0.009600 0.024965
0 0.465600 0.138696 0.011200 0.029126
0 0.660800 0.116505 0.015200 0.023578
0 0.359200 0.217753 0.015200 0.040222
0 0.505600 0.155340 0.009600 0.031900
0 0.716000 0.134535 0.013600 0.029126
0 0.808800 0.117892 0.012000 0.027739
0 0.604800 0.248266 0.020000 0.049931
0 0.768800 0.288488 0.024000 0.052705
0 0.686400 0.105409 0.010400 0.023578
0 0.632000 0.135922 0.012000 0.027739
0 0.654400 0.140083 0.014400 0.033287
0 0.688000 0.184466 0.016000 0.038835
0 0.420000 0.180305 0.016000 0.031900
0 0.869600 0.124827 0.010400 0.027739
0 0.616000 0.324549 0.029600 0.059639
0 0.864000 0.209431 0.018400 0.040222
0 0.891200 0.173370 0.018400 0.034674
0 0.852000 0.158114 0.012000 0.027739
0 0.569600 0.167822 0.016800 0.033287
0 0.517600 0.151179 0.011200 0.030513
0 0.486400 0.216366 0.016000 0.038835
0 0.840000 0.119279 0.010400 0.024965
0 0.564800 0.238558 0.024000 0.052705
0 0.738400 0.137309 0.015200 0.027739
0 0.756800 0.167822 0.014400 0.034674
0 0.593600 0.137309 0.015200 0.030513
0 0.313600 0.220527 0.014400 0.033287
0 0.896000 0.145631 0.014400 0.031900
0 0.446400 0.160888 0.011200 0.024965
0 0.865600 0.135922 0.011200 0.023578
0 0.780000 0.142857 0.014400 0.029126
0 0.487200 0.195562 0.015200 0.033287
0 0.831200 0.135922 0.012000 0.029126
0 0.708800 0.213592 0.018400 0.049931
0 0.564800 0.123440 0.012000 0.024965
0 0.824000 0.151179 0.017600 0.033287
0 0.556000 0.137309 0.012800 0.031900
0 0.527200 0.131761 0.012800 0.031900
0 0.764000 0.131761 0.015200 0.026352
0 0.584800 0.108183 0.012800 0.023578
0 0.538400 0.282940 0.023200 0.052705
0 0.912800 0.328710 0.020000 0.059639
0 0.816800 0.378641 0.028000 0.074896
0 0.932800 0.149792 0.015200 0.031900
0 0.776000 0.198336 0.019200 0.037448
0 0.881600 0.244105 0.019200 0.052705
0 0.564000 0.102635 0.012800 0.018031
0 0.336800 0.252427 0.018400 0.044383
0 0.921600 0.201110 0.013600 0.034674
0 0.429600 0.214979 0.015200 0.038835
0 0.905600 0.123440 0.012000 0.029126
0 0.838400 0.314840 0.024000 0.063800
0 0.454400 0.187240 0.015200 0.034674
0 0.362400 0.266297 0.018400 0.038835
