0 0.060417 0.498433 0.033333 0.050157
0 0.127083 0.504702 0.031250 0.053292
0 0.112500 0.463950 0.031250 0.053292
0 0.537500 0.457680 0.022917 0.047022
0 0.677083 0.479624 0.035417 0.068966
0 0.154167 0.473354 0.031250 0.040752
0 0.204167 0.451411 0.031250 0.047022
0 0.350000 0.504702 0.041667 0.072100
0 0.039583 0.485893 0.029167 0.050157
0 0.160417 0.529781 0.045833 0.068966
0 0.531250 0.495298 0.039583 0.059561
0 0.375000 0.583072 0.052083 0.100313
0 0.439583 0.476489 0.027083 0.053292
0 0.250000 0.633229 0.072917 0.125392
0 0.479167 0.460815 0.027083 0.059561
0 0.479167 0.532915 0.050000 0.084639
0 0.260417 0.542320 0.056250 0.087774
0 0.068750 0.545455 0.045833 0.068966
0 0.412500 0.473354 0.027083 0.043887
0 0.358333 0.445141 0.027083 0.047022
0 0.860417 0.322884 0.114583 0.181818
0 0.635417 0.489028 0.043750 0.072100
0 0.302083 0.457680 0.033333 0.043887
0 0.618750 0.470219 0.031250 0.050157
0 0.250000 0.467085 0.027083 0.043887
0 0.212500 0.498433 0.039583 0.062696
0 0.375000 0.476489 0.027083 0.043887
0 0.114583 0.589342 0.066667 0.094044
0 0.318750 0.451411 0.022917 0.040752
0 0.456250 0.448276 0.029167 0.053292
0 0.583333 0.470219 0.037500 0.059561
0 0.014583 0.517241 0.025000 0.068966
