0 0.213889 0.475926 0.040278 0.062963
0 0.356944 0.481481 0.056944 0.098148
0 0.755556 0.438889 0.029167 0.057407
0 0.608333 0.464815 0.043056 0.072222
0 0.659722 0.500000 0.047222 0.077778
0 0.220833 0.427778 0.037500 0.055556
0 0.877778 0.470370 0.051389 0.077778
0 0.088889 0.431481 0.058333 0.074074
0 0.286111 0.437037 0.029167 0.042593
0 0.790278 0.457407 0.037500 0.066667
0 0.566667 0.459259 0.031944 0.046296
0 0.697222 0.431481 0.034722 0.053704
0 0.562500 0.420370 0.025000 0.038889
0 0.420833 0.464815 0.038889 0.068519
