0 0.466737 0.137476 0.021119 0.037665
0 0.670539 0.116761 0.019007 0.037665
0 0.555438 0.192090 0.020063 0.037665
0 0.778247 0.401130 0.032735 0.071563
0 0.729673 0.210923 0.020063 0.047081
0 0.392819 0.148776 0.011616 0.028249
0 0.809926 0.220339 0.020063 0.039548
0 0.436114 0.369115 0.048574 0.092279
0 0.691658 0.331450 0.029567 0.073446
0 0.670539 0.080979 0.015839 0.032015
0 0.895459 0.248588 0.024287 0.043315
0 0.414995 0.175141 0.020063 0.041431
0 0.776135 0.139360 0.014784 0.033898
0 0.621964 0.107345 0.014784 0.032015
0 0.618796 0.274953 0.029567 0.052731
0 0.360084 0.197740 0.016895 0.041431
0 0.432946 0.158192 0.019007 0.037665
0 0.840549 0.376648 0.031679 0.077213
0 0.711721 0.075330 0.015839 0.028249
0 0.853221 0.306968 0.027455 0.069680
0 0.158395 0.259887 0.021119 0.043315
0 0.755016 0.160075 0.017951 0.041431
0 0.872228 0.414313 0.035903 0.086629
0 0.510032 0.146893 0.017951 0.037665
0 0.739176 0.303202 0.028511 0.052731
0 0.559662 0.158192 0.017951 0.033898
0 0.628300 0.150659 0.019007 0.039548
0 0.656811 0.056497 0.013728 0.028249
0 0.529039 0.171375 0.020063 0.033898
0 0.434002 0.220339 0.024287 0.056497
0 0.583949 0.075330 0.013728 0.033898
0 0.637804 0.105461 0.012672 0.026365
0 0.493136 0.133710 0.011616 0.026365
0 0.481521 0.207156 0.026399 0.067797
0 0.385428 0.169492 0.017951 0.039548
0 0.372756 0.184557 0.013728 0.032015
0 0.819430 0.154426 0.016895 0.039548
0 0.709609 0.197740 0.022175 0.043315
0 0.739176 0.148776 0.017951 0.037665
0 0.938754 0.290019 0.019007 0.050847
0 0.524815 0.131827 0.013728 0.032015
0 0.957761 0.229755 0.016895 0.041431
0 0.882788 0.282486 0.023231 0.054614
0 0.612460 0.112994 0.012672 0.024482
0 0.760296 0.212806 0.019007 0.041431
0 0.506864 0.224105 0.023231 0.052731
0 0.318902 0.207156 0.021119 0.032015
0 0.589229 0.161959 0.016895 0.035782
0 0.266103 0.186441 0.017951 0.035782
0 0.688490 0.082863 0.014784 0.035782
0 0.553326 0.141243 0.012672 0.030132
0 0.775079 0.267420 0.021119 0.052731
0 0.829989 0.252354 0.026399 0.052731
