0 0.012000 0.672673 0.020000 0.060060
0 0.242000 0.648649 0.040000 0.072072
0 0.368000 0.741742 0.064000 0.108108
0 0.060000 0.696697 0.054000 0.075075
0 0.812000 0.705706 0.070000 0.111111
0 0.064000 0.633634 0.030000 0.045045
0 0.658000 0.648649 0.048000 0.084084
0 0.160000 0.648649 0.028000 0.048048
0 0.052000 0.882883 0.100000 0.174174
0 0.498000 0.738739 0.072000 0.147147
0 0.100000 0.645646 0.032000 0.048048
0 0.202000 0.726727 0.056000 0.087087
0 0.370000 0.891892 0.156000 0.195195
0 0.128000 0.690691 0.052000 0.078078
0 0.444000 0.663664 0.042000 0.072072
0 0.866000 0.633634 0.066000 0.111111
0 0.504000 0.480480 0.030000 0.042042
0 0.360000 0.654655 0.040000 0.069069
