0 0.530201 0.229236 0.020134 0.033223
0 0.624161 0.300664 0.034516 0.061462
0 0.209012 0.480066 0.042186 0.091362
0 0.423778 0.219269 0.017258 0.031561
0 0.732502 0.174419 0.016299 0.034884
0 0.614573 0.255814 0.022052 0.039867
0 0.977948 0.129568 0.014382 0.036545
0 0.667306 0.254153 0.022052 0.053156
0 0.901246 0.194352 0.016299 0.039867
0 0.447747 0.189369 0.018217 0.029900
0 0.540748 0.126246 0.014382 0.026578
0 0.431448 0.282392 0.023011 0.043189
0 0.606903 0.096346 0.016299 0.021595
0 0.911793 0.136213 0.015340 0.039867
0 0.586769 0.159468 0.019175 0.026578
0 0.823586 0.129568 0.012464 0.028239
0 0.572387 0.131229 0.013423 0.021595
0 0.884947 0.230897 0.016299 0.048173
0 0.711409 0.181063 0.017258 0.038206
0 0.558006 0.299003 0.029722 0.064784
0 0.785235 0.289037 0.026846 0.049834
0 0.446788 0.219269 0.017258 0.038206
0 0.563758 0.117940 0.008629 0.019934
0 0.759348 0.116279 0.013423 0.029900
0 0.475551 0.202658 0.015340 0.031561
0 0.812081 0.182724 0.016299 0.038206
0 0.719080 0.141196 0.017258 0.033223
0 0.299137 0.247508 0.021093 0.036545
0 0.559923 0.237542 0.021093 0.039867
0 0.695110 0.152824 0.018217 0.038206
0 0.625120 0.116279 0.012464 0.024917
0 0.768936 0.184385 0.014382 0.031561
0 0.941515 0.187708 0.017258 0.041528
0 0.482263 0.162791 0.013423 0.029900
0 0.350911 0.259136 0.019175 0.039867
0 0.756472 0.189369 0.018217 0.039867
0 0.630872 0.212625 0.023011 0.041528
0 0.592522 0.127907 0.016299 0.028239
0 0.763183 0.147841 0.016299 0.031561
0 0.487057 0.325581 0.031640 0.046512
0 0.381592 0.207641 0.020134 0.031561
0 0.862895 0.186047 0.019175 0.038206
0 0.436242 0.171096 0.017258 0.029900
0 0.495686 0.132890 0.012464 0.029900
0 0.560882 0.154485 0.016299 0.026578
0 0.699904 0.101329 0.016299 0.036545
0 0.537872 0.144518 0.014382 0.033223
0 0.498562 0.171096 0.017258 0.041528
0 0.741131 0.116279 0.016299 0.033223
0 0.471716 0.156146 0.012464 0.026578
0 0.329818 0.279070 0.019175 0.043189
0 0.685523 0.197674 0.018217 0.043189
