0 0.734778 0.276952 0.021672 0.053903
0 0.880289 0.256506 0.018576 0.039033
0 0.683179 0.204461 0.020640 0.042751
0 0.715170 0.193309 0.015480 0.035316
0 0.203302 0.327138 0.050568 0.096654
0 0.681115 0.171004 0.020640 0.037175
0 0.622291 0.184015 0.015480 0.040892
0 0.640867 0.236059 0.030960 0.053903
0 0.836945 0.239777 0.022704 0.042751
0 0.542828 0.131970 0.022704 0.042751
0 0.303406 0.163569 0.020640 0.033457
0 0.930857 0.434944 0.047472 0.100372
0 0.617131 0.237918 0.020640 0.037175
0 0.695562 0.250929 0.023736 0.053903
