0 0.781310 0.126516 0.015414 0.031196
0 0.470135 0.168111 0.021195 0.036395
0 0.443160 0.155979 0.018304 0.031196
0 0.695568 0.154246 0.015414 0.031196
0 0.631985 0.097054 0.013487 0.034662
0 0.501927 0.180243 0.022158 0.036395
0 0.563584 0.233969 0.024085 0.046794
0 0.552987 0.279029 0.026012 0.055459
0 0.307322 0.220104 0.016378 0.039861
0 0.414258 0.159445 0.014451 0.029463
0 0.922929 0.209705 0.015414 0.034662
0 0.683044 0.162912 0.018304 0.036395
0 0.572254 0.112652 0.012524 0.034662
0 0.729287 0.211438 0.023121 0.036395
0 0.674374 0.334489 0.034682 0.072790
0 0.388247 0.185442 0.016378 0.032929
0 0.348748 0.239168 0.018304 0.039861
0 0.591522 0.098787 0.012524 0.027730
0 0.844894 0.303293 0.025048 0.058925
0 0.507707 0.114385 0.016378 0.029463
0 0.687861 0.088388 0.012524 0.025997
0 0.761079 0.175043 0.022158 0.045061
0 0.660886 0.129983 0.020231 0.038128
0 0.547206 0.126516 0.015414 0.027730
0 0.281310 0.218371 0.014451 0.036395
0 0.815029 0.384749 0.029865 0.067591
0 0.716763 0.178510 0.016378 0.039861
0 0.554913 0.173310 0.019268 0.036395
0 0.343931 0.188908 0.015414 0.039861
0 0.666667 0.095321 0.015414 0.024263
0 0.771676 0.218371 0.019268 0.039861
0 0.596339 0.124783 0.013487 0.041594
0 0.367052 0.194107 0.017341 0.041594
0 0.892100 0.417678 0.032755 0.083189
0 0.552023 0.138648 0.017341 0.039861
0 0.749518 0.164645 0.021195 0.031196
0 0.326590 0.169844 0.016378 0.027730
0 0.555877 0.147314 0.020231 0.034662
0 0.483622 0.221837 0.023121 0.041594
0 0.783237 0.284229 0.022158 0.060659
0 0.713873 0.095321 0.010597 0.024263
0 0.329480 0.228769 0.020231 0.032929
0 0.523121 0.155979 0.014451 0.031196
0 0.733141 0.128250 0.015414 0.034662
0 0.488439 0.131716 0.018304 0.038128
0 0.602119 0.318891 0.026975 0.058925
0 0.818882 0.242634 0.023121 0.053726
0 0.372832 0.246101 0.016378 0.043328
0 0.719653 0.284229 0.022158 0.051993
0 0.410405 0.194107 0.018304 0.032929
0 0.620424 0.136915 0.013487 0.027730
0 0.911368 0.339688 0.018304 0.057192
0 0.656069 0.110919 0.017341 0.022530
0 0.421002 0.135182 0.019268 0.032929
0 0.492293 0.277296 0.020231 0.043328
0 0.807322 0.145581 0.013487 0.036395
0 0.183044 0.370884 0.049133 0.088388
0 0.457611 0.152513 0.015414 0.038128
0 0.418112 0.223570 0.021195 0.039861
0 0.466281 0.128250 0.014451 0.025997
0 0.459538 0.197574 0.016378 0.039861
0 0.870906 0.251300 0.022158 0.057192
0 0.792871 0.194107 0.018304 0.038128
0 0.584778 0.164645 0.015414 0.031196
0 0.883430 0.216638 0.014451 0.046794
0 0.743738 0.362218 0.028902 0.065858
0 0.611753 0.103986 0.012524 0.024263
0 0.921002 0.272097 0.018304 0.048527
0 0.745665 0.123050 0.015414 0.027730
0 0.526012 0.119584 0.015414 0.027730
