0 0.451250 0.540000 0.041250 0.107500
0 0.317500 0.242500 0.037500 0.087500
0 0.727500 0.355000 0.041250 0.082500
0 0.262500 0.112500 0.041250 0.085000
0 0.275000 0.525000 0.048750 0.087500
0 0.511250 0.140000 0.036250 0.102500
0 0.818750 0.537500 0.047500 0.117500
0 0.643750 0.387500 0.046250 0.112500
0 0.160000 0.250000 0.038750 0.097500
0 0.477500 0.412500 0.041250 0.110000
0 0.547500 0.370000 0.032500 0.087500
0 0.228750 0.250000 0.041250 0.100000
0 0.427500 0.127500 0.036250 0.085000
0 0.797500 0.107500 0.043750 0.087500
0 0.695000 0.237500 0.038750 0.092500
0 0.540000 0.532500 0.038750 0.095000
0 0.210000 0.110000 0.035000 0.082500
0 0.732500 0.515000 0.050000 0.097500
0 0.582500 0.107500 0.038750 0.085000
0 0.366250 0.237500 0.037500 0.097500
0 0.728750 0.155000 0.041250 0.077500
0 0.800000 0.335000 0.037500 0.087500
0 0.082500 0.345000 0.041250 0.092500
0 0.913750 0.542500 0.042500 0.105000
0 0.423750 0.217500 0.041250 0.085000
0 0.556250 0.215000 0.042500 0.082500
0 0.402500 0.377500 0.045000 0.087500
0 0.215000 0.390000 0.038750 0.102500
0 0.083750 0.520000 0.046250 0.107500
0 0.326250 0.107500 0.041250 0.087500
0 0.641250 0.505000 0.040000 0.105000
0 0.311250 0.387500 0.053750 0.105000
0 0.490000 0.227500 0.037500 0.075000
0 0.626250 0.230000 0.040000 0.092500
