0 0.515924 0.154839 0.013649 0.030645
0 0.655141 0.151613 0.013649 0.027419
0 0.735214 0.148387 0.013649 0.024194
0 0.688808 0.117742 0.010919 0.022581
0 0.564149 0.187097 0.016379 0.035484
0 0.909008 0.154839 0.010919 0.022581
0 0.762511 0.203226 0.016379 0.038710
0 0.101911 0.409677 0.039126 0.077419
0 0.896269 0.233871 0.015469 0.037097
0 0.599636 0.230645 0.021838 0.040323
0 0.710646 0.119355 0.010919 0.025806
0 0.938126 0.220968 0.014559 0.027419
0 0.379436 0.177419 0.015469 0.025806
0 0.939945 0.256452 0.016379 0.040323
0 0.570519 0.164516 0.012739 0.029032
0 0.653321 0.237097 0.019108 0.043548
0 0.380346 0.233871 0.014559 0.035484
0 0.808007 0.143548 0.010009 0.027419
0 0.796178 0.285484 0.022748 0.045161
0 0.581438 0.140323 0.012739 0.024194
0 0.764331 0.346774 0.026388 0.056452
0 0.339399 0.219355 0.014559 0.029032
0 0.444950 0.159677 0.013649 0.027419
0 0.731574 0.172581 0.016379 0.029032
0 0.423112 0.191935 0.010919 0.022581
0 0.419472 0.169355 0.012739 0.024194
0 0.553230 0.135484 0.012739 0.030645
0 0.448590 0.203226 0.014559 0.033871
0 0.301183 0.214516 0.016379 0.029032
0 0.820746 0.146774 0.010009 0.024194
0 0.893540 0.214516 0.010919 0.020968
0 0.692448 0.259677 0.019108 0.041935
0 0.294813 0.238710 0.012739 0.030645
0 0.645132 0.162903 0.013649 0.029032
0 0.874431 0.166129 0.011829 0.024194
0 0.356688 0.224194 0.016379 0.033871
0 0.909918 0.170968 0.009099 0.022581
0 0.841674 0.222581 0.018198 0.041935
0 0.700637 0.316129 0.030937 0.058065
0 0.413103 0.240323 0.020018 0.038710
0 0.485896 0.150000 0.013649 0.025806
0 0.714286 0.190323 0.016379 0.032258
0 0.940855 0.193548 0.010919 0.022581
0 0.498635 0.182258 0.013649 0.033871
0 0.600546 0.122581 0.009099 0.012903
0 0.403094 0.212903 0.016379 0.033871
0 0.521383 0.138710 0.009099 0.016129
0 0.608735 0.166129 0.015469 0.030645
0 0.466788 0.206452 0.016379 0.037097
0 0.626024 0.138710 0.011829 0.027419
0 0.805278 0.208065 0.016379 0.035484
0 0.662420 0.183871 0.014559 0.030645
0 0.639672 0.120968 0.011829 0.022581
0 0.352138 0.195161 0.013649 0.030645
0 0.372157 0.212903 0.015469 0.033871
0 0.772520 0.248387 0.019108 0.038710
0 0.540491 0.162903 0.013649 0.025806
0 0.856233 0.154839 0.010919 0.027419
0 0.595086 0.127419 0.009099 0.014516
0 0.905369 0.190323 0.010919 0.032258
0 0.762511 0.137097 0.011829 0.030645
0 0.782530 0.133871 0.010919 0.024194
0 0.446770 0.245161 0.019108 0.043548
0 0.484986 0.138710 0.010009 0.019355
0 0.868972 0.187097 0.013649 0.035484
0 0.833485 0.179032 0.012739 0.029032
0 0.741583 0.245161 0.018198 0.045161
0 0.787079 0.150000 0.011829 0.027419
0 0.912648 0.362903 0.020018 0.053226
0 0.640582 0.104839 0.010919 0.016129
0 0.795268 0.172581 0.011829 0.027419
0 0.430391 0.159677 0.009099 0.017742
0 0.526843 0.180645 0.016379 0.032258
0 0.354868 0.175806 0.010919 0.019355
0 0.642402 0.251613 0.023658 0.043548
0 0.599636 0.158065 0.011829 0.029032
0 0.939035 0.204839 0.013649 0.019355
0 0.680619 0.130645 0.013649 0.025806
0 0.502275 0.130645 0.010009 0.017742
