0 0.371200 0.175695 0.019200 0.030747
0 0.496800 0.188873 0.018400 0.040996
0 0.612000 0.336750 0.031200 0.055637
0 0.907200 0.224012 0.014400 0.038067
0 0.480800 0.153734 0.019200 0.036603
0 0.811200 0.175695 0.015200 0.040996
0 0.984000 0.285505 0.015200 0.040996
0 0.861600 0.308931 0.021600 0.046852
0 0.476000 0.134700 0.015200 0.026354
0 0.623200 0.168375 0.016800 0.038067
0 0.091200 0.497804 0.052000 0.108346
0 0.372000 0.243045 0.023200 0.043924
0 0.359200 0.194729 0.021600 0.043924
0 0.751200 0.203514 0.020000 0.039531
0 0.662400 0.355783 0.029600 0.062958
0 0.801600 0.225476 0.018400 0.040996
0 0.954400 0.405564 0.027200 0.073206
0 0.639200 0.115666 0.016800 0.033675
0 0.720800 0.188873 0.020000 0.038067
0 0.662400 0.229868 0.024800 0.051245
0 0.983200 0.226940 0.014400 0.029283
0 0.760000 0.171303 0.014400 0.033675
0 0.981600 0.327965 0.019200 0.043924
0 0.437600 0.168375 0.017600 0.036603
0 0.502400 0.136164 0.012800 0.029283
0 0.481600 0.213763 0.025600 0.046852
0 0.580800 0.127379 0.018400 0.030747
0 0.561600 0.144949 0.016000 0.036603
0 0.947200 0.210835 0.020000 0.046852
0 0.405600 0.209370 0.019200 0.033675
0 0.819200 0.266471 0.022400 0.055637
0 0.882400 0.207906 0.016000 0.032211
0 0.768800 0.248902 0.020000 0.042460
0 0.320800 0.190337 0.020000 0.040996
0 0.738400 0.379209 0.028800 0.064422
0 0.896000 0.244510 0.016800 0.045388
0 0.690400 0.118594 0.015200 0.030747
0 0.560800 0.118594 0.014400 0.026354
0 0.565600 0.313324 0.027200 0.058565
0 0.926400 0.304539 0.019200 0.054173
0 0.338400 0.209370 0.024800 0.045388
0 0.942400 0.241581 0.015200 0.039531
0 0.656800 0.165447 0.016000 0.027818
0 0.788000 0.402635 0.032000 0.079063
0 0.776000 0.197657 0.015200 0.036603
0 0.460000 0.149341 0.015200 0.035139
0 0.301600 0.215227 0.019200 0.039531
0 0.617600 0.259151 0.026400 0.057101
0 0.532800 0.194729 0.020800 0.040996
0 0.945600 0.333821 0.023200 0.055637
0 0.440000 0.267936 0.021600 0.049780
0 0.913600 0.207906 0.016000 0.038067
0 0.863200 0.453880 0.032800 0.073206
0 0.536000 0.147877 0.019200 0.035139
0 0.832000 0.199122 0.016000 0.035139
0 0.720000 0.139092 0.015200 0.032211
0 0.619200 0.137628 0.017600 0.032211
0 0.609600 0.158126 0.015200 0.032211
0 0.742400 0.180088 0.016800 0.033675
0 0.415200 0.159590 0.016800 0.032211
0 0.259200 0.228404 0.017600 0.048316
0 0.979200 0.260615 0.015200 0.038067
0 0.788000 0.153734 0.019200 0.040996
0 0.648800 0.125915 0.016800 0.036603
0 0.600800 0.108346 0.016000 0.030747
0 0.721600 0.237189 0.020800 0.054173
