0 0.083636 0.409471 0.052727 0.077994
0 0.712727 0.412256 0.054545 0.103064
0 0.321818 0.328691 0.034545 0.050139
0 0.514545 0.465181 0.061818 0.105850
0 0.600000 0.423398 0.052727 0.103064
0 0.365455 0.395543 0.040000 0.061281
0 0.943636 0.506964 0.089091 0.136490
0 0.441818 0.406685 0.036364 0.075209
0 0.978182 0.434540 0.043636 0.122563
0 0.809091 0.456825 0.058182 0.091922
0 0.398182 0.462396 0.052727 0.086351
0 0.054545 0.403900 0.041818 0.066852
0 0.343636 0.317549 0.023636 0.047354
0 0.456364 0.325905 0.029091 0.047354
0 0.521818 0.328691 0.034545 0.044568
0 0.618182 0.342618 0.036364 0.066852
0 0.632727 0.487465 0.056364 0.116992
0 0.758182 0.481894 0.058182 0.116992
0 0.521818 0.359331 0.036364 0.050139
0 0.867273 0.403900 0.058182 0.114206
0 0.232727 0.448468 0.054545 0.080780
0 0.512727 0.401114 0.041818 0.064067
0 0.598182 0.314763 0.032727 0.055710
0 0.258182 0.342618 0.030909 0.050139
0 0.320000 0.465181 0.050909 0.083565
0 0.389091 0.331476 0.027273 0.052925
0 0.220000 0.373259 0.036364 0.058496
