0 0.318333 0.450000 0.033333 0.040000
0 0.245000 0.472500 0.026667 0.057500
0 0.066667 0.525000 0.033333 0.050000
0 0.656667 0.430000 0.026667 0.042500
0 0.840000 0.465000 0.030000 0.060000
0 0.196667 0.500000 0.035000 0.052500
0 0.311667 0.350000 0.023333 0.035000
0 0.101667 0.340000 0.031667 0.050000
0 0.581667 0.510000 0.048333 0.082500
0 0.608333 0.412500 0.025000 0.040000
0 0.390000 0.475000 0.030000 0.052500
0 0.306667 0.555000 0.051667 0.077500
0 0.466667 0.450000 0.026667 0.047500
0 0.581667 0.357500 0.026667 0.035000
0 0.326667 0.512500 0.038333 0.075000
0 0.460000 0.430000 0.023333 0.037500
0 0.378333 0.437500 0.025000 0.040000
0 0.470000 0.495000 0.043333 0.062500
0 0.761667 0.462500 0.030000 0.057500
0 0.706667 0.467500 0.033333 0.055000
0 0.685000 0.335000 0.021667 0.040000
0 0.225000 0.422500 0.025000 0.037500
0 0.720000 0.492500 0.040000 0.075000
0 0.853333 0.435000 0.020000 0.042500
0 0.796667 0.485000 0.035000 0.057500
0 0.915000 0.452500 0.033333 0.055000
0 0.495000 0.545000 0.060000 0.090000
0 0.058333 0.480000 0.026667 0.045000
0 0.396667 0.437500 0.021667 0.047500
0 0.563333 0.430000 0.020000 0.037500
0 0.501667 0.415000 0.018333 0.025000
0 0.275000 0.482500 0.030000 0.050000
0 0.951667 0.437500 0.030000 0.052500
0 0.136667 0.477500 0.031667 0.055000
0 0.510000 0.432500 0.023333 0.032500
0 0.180000 0.460000 0.033333 0.050000
