0 0.458087 0.213389 0.016529 0.035565
0 0.441558 0.156904 0.014168 0.031381
0 0.853601 0.142259 0.009445 0.027197
0 0.378985 0.198745 0.014168 0.023013
0 0.551358 0.123431 0.012987 0.023013
0 0.590319 0.336820 0.030697 0.050209
0 0.340024 0.255230 0.018890 0.037657
0 0.756789 0.131799 0.012987 0.023013
0 0.808737 0.163180 0.010626 0.023013
0 0.698937 0.146444 0.012987 0.025105
0 0.863046 0.133891 0.015348 0.025105
0 0.835891 0.173640 0.012987 0.027197
0 0.416765 0.173640 0.012987 0.027197
0 0.739079 0.066946 0.014168 0.029289
0 0.461629 0.194561 0.015348 0.027197
0 0.536009 0.163180 0.015348 0.025105
0 0.467532 0.169456 0.010626 0.027197
0 0.486423 0.173640 0.014168 0.025105
0 0.742621 0.192469 0.015348 0.035565
0 0.556080 0.171548 0.016529 0.029289
0 0.791027 0.140167 0.012987 0.023013
0 0.513577 0.135983 0.016529 0.029289
0 0.789847 0.184100 0.021251 0.041841
0 0.681228 0.186192 0.016529 0.035565
0 0.804014 0.129707 0.011806 0.029289
0 0.665880 0.330544 0.030697 0.062762
0 0.741440 0.152720 0.016529 0.025105
0 0.600945 0.255230 0.018890 0.041841
0 0.421488 0.280335 0.018890 0.041841
0 0.609209 0.207113 0.016529 0.046025
0 0.695396 0.215481 0.022432 0.043933
0 0.677686 0.100418 0.010626 0.023013
0 0.956316 0.175732 0.020071 0.052301
0 0.651712 0.263598 0.021251 0.043933
0 0.731995 0.165272 0.014168 0.027197
0 0.571429 0.154812 0.012987 0.031381
0 0.846517 0.154812 0.014168 0.025105
0 0.525384 0.202929 0.016529 0.029289
0 0.476978 0.133891 0.009445 0.016736
0 0.667060 0.158996 0.015348 0.035565
0 0.727273 0.125523 0.016529 0.029289
0 0.417946 0.215481 0.018890 0.035565
0 0.860685 0.225941 0.018890 0.043933
0 0.208973 0.351464 0.037780 0.079498
0 0.277450 0.265690 0.017710 0.031381
0 0.762692 0.313808 0.025974 0.052301
0 0.582054 0.104603 0.011806 0.023013
0 0.565525 0.244770 0.018890 0.046025
0 0.911452 0.184100 0.016529 0.031381
0 0.541913 0.301255 0.022432 0.052301
0 0.472255 0.322176 0.024793 0.039749
0 0.362456 0.211297 0.016529 0.033473
0 0.436836 0.225941 0.014168 0.033473
0 0.872491 0.182008 0.014168 0.029289
0 0.815821 0.135983 0.015348 0.025105
0 0.459268 0.156904 0.012987 0.023013
0 0.892562 0.133891 0.010626 0.025105
0 0.661157 0.205021 0.021251 0.043933
0 0.702479 0.280335 0.027155 0.052301
