0 0.522461 0.242647 0.045898 0.095588
0 0.773438 0.201471 0.034180 0.073529
0 0.252930 0.188235 0.041016 0.077941
0 0.430664 0.211765 0.045898 0.085294
0 0.525391 0.163235 0.028320 0.051471
0 0.332031 0.200000 0.035156 0.061765
0 0.272461 0.227941 0.036133 0.070588
0 0.498047 0.191176 0.037109 0.052941
0 0.557617 0.182353 0.035156 0.063235
0 0.476562 0.175000 0.031250 0.063235
0 0.036133 0.295588 0.070312 0.142647
0 0.671875 0.176471 0.029297 0.061765
0 0.421875 0.094118 0.030273 0.073529
0 0.375000 0.210294 0.046875 0.082353
0 0.636719 0.185294 0.028320 0.047059
0 0.284180 0.494118 0.138672 0.230882
0 0.617188 0.238235 0.044922 0.091176
0 0.140625 0.339706 0.118164 0.188235
0 0.832031 0.194118 0.032227 0.066176
0 0.300781 0.164706 0.038086 0.067647
0 0.963867 0.195588 0.048828 0.091176
