0 0.914000 0.495495 0.046000 0.096096
0 0.780000 0.372372 0.036000 0.054054
0 0.430000 0.417417 0.040000 0.072072
0 0.446000 0.474474 0.034000 0.060060
0 0.460000 0.303303 0.026000 0.048048
0 0.624000 0.432432 0.042000 0.072072
0 0.140000 0.462462 0.056000 0.084084
0 0.404000 0.291291 0.026000 0.048048
0 0.334000 0.507508 0.064000 0.105105
0 0.376000 0.441441 0.036000 0.060060
0 0.662000 0.375375 0.042000 0.063063
0 0.244000 0.420420 0.042000 0.063063
0 0.466000 0.429429 0.030000 0.051051
0 0.916000 0.393393 0.030000 0.069069
0 0.856000 0.492492 0.064000 0.081081
0 0.660000 0.426426 0.040000 0.069069
0 0.600000 0.393393 0.038000 0.063063
0 0.190000 0.435435 0.044000 0.081081
0 0.978000 0.549550 0.044000 0.105105
0 0.204000 0.531532 0.074000 0.096096
0 0.776000 0.420420 0.032000 0.054054
0 0.028000 0.327327 0.044000 0.081081
0 0.330000 0.423423 0.042000 0.078078
0 0.200000 0.666667 0.104000 0.129129
0 0.024000 0.366366 0.046000 0.072072
0 0.434000 0.525526 0.054000 0.087087
0 0.584000 0.783784 0.094000 0.165165
0 0.354000 0.819820 0.122000 0.186186
0 0.234000 0.471471 0.046000 0.075075
0 0.306000 0.486486 0.046000 0.078078
0 0.844000 0.249249 0.026000 0.048048
0 0.084000 0.276276 0.032000 0.051051
0 0.322000 0.624625 0.082000 0.126126
0 0.054000 0.537538 0.066000 0.105105
0 0.708000 0.417417 0.054000 0.069069
0 0.968000 0.468468 0.064000 0.084084
0 0.100000 0.474474 0.058000 0.075075
0 0.732000 0.468468 0.050000 0.096096
0 0.880000 0.591592 0.098000 0.144144
0 0.858000 0.444444 0.050000 0.069069
0 0.612000 0.588589 0.068000 0.090090
0 0.868000 0.390390 0.040000 0.060060
0 0.934000 0.420420 0.056000 0.078078
