0 0.571997 0.157163 0.017502 0.037552
0 0.754177 0.221140 0.020684 0.044506
0 0.622116 0.126565 0.012729 0.031989
0 0.845664 0.178025 0.021480 0.043115
0 0.762928 0.127955 0.015115 0.036161
0 0.836118 0.204451 0.021480 0.041725
0 0.674622 0.118220 0.018298 0.031989
0 0.328560 0.214186 0.015115 0.034771
0 0.490056 0.130737 0.014320 0.022253
0 0.575975 0.233658 0.024662 0.050070
0 0.646778 0.119611 0.015911 0.033380
0 0.681782 0.159944 0.019093 0.034771
0 0.494033 0.212796 0.021480 0.043115
0 0.749403 0.146036 0.019093 0.037552
0 0.608592 0.098748 0.012729 0.030598
0 0.605410 0.141864 0.018298 0.037552
0 0.728719 0.197497 0.021480 0.044506
0 0.474145 0.190542 0.018298 0.034771
0 0.673827 0.339360 0.042959 0.069541
0 0.335720 0.253129 0.017502 0.041725
0 0.523469 0.133519 0.018298 0.033380
0 0.499602 0.292072 0.028640 0.059805
0 0.763723 0.158554 0.017502 0.047288
0 0.864757 0.226704 0.020684 0.047288
0 0.428799 0.175243 0.016706 0.031989
0 0.360382 0.242003 0.019889 0.040334
0 0.867940 0.301808 0.030231 0.058414
0 0.876691 0.214186 0.019093 0.045897
0 0.407319 0.264256 0.024662 0.051460
0 0.614161 0.254520 0.025457 0.054242
0 0.514718 0.186370 0.017502 0.033380
0 0.720764 0.148818 0.016706 0.031989
0 0.774861 0.194715 0.021480 0.044506
0 0.541766 0.305981 0.034208 0.063978
0 0.540971 0.183588 0.019093 0.041725
0 0.691329 0.187761 0.020684 0.034771
0 0.512331 0.150209 0.016706 0.031989
0 0.373906 0.264256 0.025457 0.040334
0 0.617343 0.205841 0.023866 0.051460
0 0.651551 0.172462 0.018298 0.043115
0 0.793158 0.140473 0.011933 0.029207
0 0.494033 0.159944 0.014320 0.036161
0 0.339698 0.208623 0.015911 0.037552
0 0.190135 0.425591 0.043755 0.091794
0 0.798727 0.168289 0.015911 0.040334
0 0.576770 0.132128 0.013524 0.030598
0 0.451074 0.147427 0.016706 0.037552
0 0.272076 0.257302 0.017502 0.041725
0 0.708035 0.210014 0.021480 0.044506
0 0.318218 0.250348 0.019889 0.037552
0 0.453461 0.216968 0.019093 0.040334
0 0.657916 0.257302 0.023866 0.051460
0 0.711217 0.265647 0.030231 0.061196
0 0.742243 0.344924 0.038186 0.068150
0 0.867144 0.139082 0.015911 0.041725
0 0.585521 0.144645 0.015911 0.036161
0 0.777247 0.140473 0.016706 0.043115
0 0.371519 0.194715 0.019889 0.033380
0 0.904535 0.247566 0.023866 0.050070
0 0.423230 0.214186 0.021480 0.043115
