0 0.789062 0.611241 0.048438 0.060890
0 0.595313 0.594848 0.043750 0.072600
0 0.275000 0.529274 0.026562 0.037471
0 0.935937 0.552693 0.023438 0.042155
0 0.860938 0.533958 0.028125 0.051522
0 0.740625 0.519906 0.012500 0.023419
0 0.562500 0.531616 0.020313 0.030445
0 0.490625 0.576112 0.035937 0.063232
0 0.548438 0.555035 0.026562 0.039813
0 0.840625 0.543326 0.020313 0.042155
0 0.259375 0.611241 0.031250 0.058548
0 0.456250 0.526932 0.018750 0.030445
0 0.760938 0.522248 0.015625 0.030445
0 0.925000 0.519906 0.020313 0.028103
0 0.387500 0.480094 0.020313 0.030445
0 0.314063 0.620609 0.042188 0.077283
0 0.234375 0.571429 0.029687 0.053864
0 0.739062 0.569087 0.031250 0.060890
0 0.529687 0.526932 0.017188 0.028103
0 0.395313 0.562061 0.021875 0.032787
0 0.379688 0.552693 0.018750 0.032787
0 0.767188 0.540984 0.021875 0.037471
0 0.428125 0.536300 0.015625 0.037471
0 0.390625 0.676815 0.046875 0.088993
0 0.617188 0.526932 0.020313 0.028103
0 0.345313 0.533958 0.023438 0.039813
0 0.504687 0.536300 0.017188 0.037471
0 0.895312 0.531616 0.020313 0.037471
0 0.432812 0.592506 0.025000 0.051522
