0 0.836667 0.511278 0.051667 0.095238
0 0.361667 0.533835 0.066667 0.107769
0 0.275000 0.478697 0.080000 0.132832
0 0.903333 0.496241 0.055000 0.092732
0 0.588333 0.506266 0.060000 0.085213
0 0.638333 0.403509 0.045000 0.080201
0 0.726667 0.566416 0.078333 0.130326
0 0.536667 0.390977 0.043333 0.082707
0 0.953333 0.686717 0.093333 0.235589
0 0.540000 0.611529 0.063333 0.120301
0 0.786667 0.766917 0.175000 0.318296
0 0.503333 0.897243 0.140000 0.205514
0 0.208333 0.518797 0.060000 0.100251
0 0.601667 0.684211 0.083333 0.147870
0 0.500000 0.253133 0.051667 0.095238
0 0.065000 0.523810 0.100000 0.182957
0 0.705000 0.421053 0.045000 0.082707
0 0.890000 0.596491 0.073333 0.115288
0 0.190000 0.894737 0.156667 0.208020
0 0.383333 0.496241 0.043333 0.082707
0 0.333333 0.716792 0.183333 0.310777
