0 0.568581 0.398438 0.032825 0.053125
0 0.207503 0.428125 0.052755 0.073438
0 0.388042 0.415625 0.038687 0.059375
0 0.425557 0.378125 0.041032 0.051562
0 0.525205 0.398438 0.033998 0.054688
0 0.175850 0.392188 0.033998 0.057813
0 0.781946 0.421875 0.036342 0.043750
0 0.813599 0.410938 0.023447 0.043750
0 0.865182 0.420312 0.029308 0.042188
0 0.058617 0.357812 0.042204 0.060937
0 0.596717 0.473438 0.048066 0.065625
0 0.710434 0.446875 0.051583 0.070312
0 0.464244 0.531250 0.080891 0.125000
0 0.025791 0.556250 0.050410 0.126562
0 0.114889 0.453125 0.062134 0.084375
0 0.528722 0.470313 0.057444 0.084375
0 0.222743 0.381250 0.035170 0.043750
