0 0.124717 0.883162 0.056689 0.103093
0 0.358277 0.865979 0.065760 0.082474
0 0.789116 0.890034 0.065760 0.109966
0 0.444444 0.632302 0.029478 0.051546
0 0.090703 0.652921 0.047619 0.065292
0 0.526077 0.628866 0.031746 0.058419
0 0.251701 0.828179 0.045351 0.079038
0 0.723356 0.821306 0.049887 0.068729
0 0.387755 0.938144 0.095238 0.120275
0 0.430839 0.828179 0.063492 0.085911
0 0.877551 0.611684 0.029478 0.065292
0 0.267574 0.649485 0.045351 0.054983
0 0.843537 0.810997 0.043084 0.075601
0 0.931973 0.848797 0.049887 0.082474
0 0.916100 0.786942 0.049887 0.079038
0 0.705215 0.635739 0.036281 0.072165
0 0.104308 0.810997 0.056689 0.065292
0 0.365079 0.635739 0.038549 0.051546
0 0.582766 0.896907 0.074830 0.072165
0 0.201814 0.646048 0.036281 0.061856
0 0.655329 0.793814 0.043084 0.075601
0 0.859410 0.886598 0.065760 0.127148
0 0.623583 0.628866 0.036281 0.061856
0 0.376417 0.804124 0.047619 0.075601
0 0.287982 0.862543 0.052154 0.120275
0 0.809524 0.635739 0.031746 0.061856
0 0.795918 0.804124 0.049887 0.075601
0 0.707483 0.872852 0.065760 0.085911
0 0.514739 0.862543 0.056689 0.106529
0 0.977324 0.824742 0.034014 0.120275
0 0.179138 0.890034 0.086168 0.109966
