0 0.493885 0.302288 0.028222 0.049020
0 0.863594 0.073529 0.015992 0.027778
0 0.209784 0.230392 0.016933 0.032680
0 0.577611 0.135621 0.014111 0.029412
0 0.492944 0.233660 0.020696 0.040850
0 0.463782 0.228758 0.020696 0.032680
0 0.395108 0.179739 0.018815 0.034314
0 0.409219 0.223856 0.022578 0.034314
0 0.410160 0.196078 0.022578 0.037582
0 0.452493 0.178105 0.015992 0.029412
0 0.769520 0.218954 0.021637 0.047386
0 0.479774 0.179739 0.014111 0.037582
0 0.716839 0.191176 0.019755 0.040850
0 0.614299 0.263072 0.027281 0.040850
0 0.356538 0.297386 0.023518 0.032680
0 0.495767 0.200980 0.018815 0.035948
0 0.397930 0.290850 0.021637 0.044118
