0 0.404605 0.248848 0.046053 0.069124
0 0.037829 0.221198 0.050987 0.071429
0 0.944079 0.449309 0.088816 0.149770
0 0.085526 0.184332 0.041118 0.069124
0 0.822368 0.329493 0.046053 0.066820
0 0.138158 0.267281 0.047697 0.082949
0 0.810855 0.552995 0.095395 0.163594
0 0.580592 0.380184 0.064145 0.115207
0 0.472039 0.426267 0.078947 0.115207
0 0.223684 0.396313 0.077303 0.122120
0 0.582237 0.246544 0.057566 0.073733
0 0.523026 0.246544 0.044408 0.076037
0 0.167763 0.211982 0.041118 0.071429
0 0.552632 0.241935 0.034539 0.057604
0 0.777961 0.347926 0.070724 0.092166
0 0.304276 0.209677 0.034539 0.057604
0 0.348684 0.195853 0.034539 0.057604
0 0.333882 0.313364 0.062500 0.099078
0 0.879934 0.073733 0.095395 0.119816
0 0.284539 0.605991 0.126645 0.209677
