0 0.557316 0.130933 0.018639 0.027823
0 0.865797 0.134206 0.013979 0.024550
0 0.732526 0.243863 0.026095 0.054010
0 0.661696 0.209493 0.023299 0.047463
0 0.291705 0.270049 0.017707 0.037643
0 0.560112 0.173486 0.017707 0.032733
0 0.427773 0.171849 0.013048 0.034370
0 0.377446 0.181669 0.015843 0.032733
0 0.490214 0.193126 0.020503 0.039280
0 0.588071 0.116203 0.013979 0.021277
0 0.438024 0.230769 0.024231 0.044190
0 0.521901 0.204583 0.020503 0.037643
0 0.924511 0.260229 0.019571 0.045827
0 0.843430 0.299509 0.029823 0.065466
0 0.693383 0.148936 0.014911 0.034370
0 0.682199 0.314239 0.028891 0.062193
0 0.917987 0.310966 0.027027 0.052373
0 0.581547 0.142390 0.016775 0.031097
0 0.302889 0.237316 0.019571 0.034370
0 0.905871 0.355155 0.030755 0.073650
0 0.445480 0.183306 0.013979 0.036007
0 0.736253 0.112930 0.017707 0.036007
0 0.183597 0.443535 0.054986 0.106383
0 0.639329 0.286416 0.027027 0.055646
0 0.561976 0.248773 0.023299 0.044190
0 0.771668 0.209493 0.021435 0.052373
0 0.754893 0.142390 0.018639 0.037643
0 0.698043 0.099836 0.011184 0.024550
0 0.753029 0.217676 0.024231 0.049100
0 0.858341 0.152209 0.013979 0.031097
0 0.501398 0.355155 0.031687 0.057283
0 0.486486 0.163666 0.010252 0.021277
0 0.828518 0.142390 0.013979 0.029460
0 0.776328 0.279869 0.027027 0.062193
0 0.894688 0.165303 0.016775 0.034370
0 0.481827 0.148936 0.013048 0.032733
0 0.796831 0.414075 0.034483 0.073650
0 0.603914 0.147300 0.017707 0.036007
0 0.857409 0.248773 0.020503 0.047463
0 0.534949 0.117840 0.017707 0.024550
0 0.508854 0.173486 0.018639 0.044190
0 0.629077 0.106383 0.013979 0.021277
0 0.697111 0.183306 0.018639 0.037643
0 0.727866 0.193126 0.023299 0.044190
0 0.275862 0.243863 0.013979 0.029460
0 0.810811 0.238953 0.018639 0.045827
0 0.547996 0.170213 0.015843 0.031097
0 0.849953 0.160393 0.015843 0.042553
0 0.463187 0.191489 0.018639 0.037643
0 0.666356 0.109656 0.013979 0.026187
0 0.708295 0.230769 0.026095 0.050736
0 0.768872 0.129296 0.013979 0.031097
0 0.781920 0.139116 0.015843 0.036007
0 0.800559 0.144026 0.016775 0.036007
0 0.590867 0.101473 0.013979 0.022913
0 0.371855 0.281506 0.020503 0.037643
0 0.828518 0.212766 0.025163 0.042553
0 0.372787 0.234043 0.019571 0.036007
0 0.462255 0.229133 0.025163 0.047463
0 0.519105 0.140753 0.013048 0.026187
0 0.460391 0.153846 0.012116 0.031097
0 0.664492 0.171849 0.019571 0.036007
0 0.564772 0.299509 0.024231 0.057283
0 0.644921 0.135843 0.015843 0.022913
0 0.419385 0.180033 0.015843 0.037643
0 0.617894 0.252046 0.020503 0.049100
0 0.912395 0.260229 0.026095 0.045827
0 0.879776 0.204583 0.017707 0.034370
0 0.833178 0.124386 0.014911 0.032733
0 0.402610 0.186579 0.015843 0.027823
0 0.749301 0.322422 0.036347 0.070376
0 0.632805 0.209493 0.023299 0.044190
0 0.926375 0.157119 0.012116 0.026187
0 0.925443 0.211129 0.017707 0.037643
0 0.505126 0.127660 0.011184 0.021277
0 0.646785 0.116203 0.013979 0.019640
