0 0.658439 0.146819 0.012739 0.027732
0 0.690287 0.158238 0.017516 0.039152
0 0.609076 0.153344 0.014331 0.029364
0 0.726911 0.396411 0.031051 0.068515
0 0.582803 0.203915 0.015924 0.039152
0 0.698248 0.215334 0.019904 0.044046
0 0.402070 0.236542 0.019904 0.047308
0 0.880573 0.236542 0.014331 0.039152
0 0.235669 0.285481 0.021497 0.048940
0 0.754777 0.295269 0.022293 0.055465
0 0.733280 0.223491 0.015924 0.037520
0 0.901274 0.221860 0.016720 0.035889
0 0.870223 0.486134 0.029459 0.081566
0 0.585987 0.171289 0.015924 0.035889
0 0.459395 0.168026 0.013535 0.027732
0 0.928344 0.323002 0.018312 0.055465
0 0.979299 0.306688 0.015924 0.044046
0 0.782643 0.200653 0.016720 0.042414
0 0.584395 0.137031 0.014331 0.032626
0 0.601911 0.128874 0.015127 0.032626
0 0.981688 0.254486 0.012739 0.039152
0 0.864650 0.230016 0.015924 0.037520
0 0.794586 0.244698 0.020701 0.060359
0 0.954618 0.360522 0.017516 0.045677
0 0.311306 0.238173 0.018312 0.040783
0 0.756369 0.212072 0.015924 0.039152
0 0.440287 0.166395 0.017516 0.035889
0 0.523885 0.171289 0.016720 0.042414
0 0.613854 0.181077 0.015924 0.034258
0 0.349522 0.230016 0.015127 0.044046
0 0.661624 0.179445 0.016720 0.034258
0 0.283439 0.239804 0.020701 0.045677
0 0.499204 0.205546 0.015924 0.037520
0 0.718949 0.280587 0.023089 0.053834
0 0.902866 0.259380 0.015924 0.047308
0 0.438694 0.296900 0.024682 0.052202
0 0.635350 0.128874 0.015924 0.029364
0 0.611465 0.210440 0.019108 0.039152
0 0.333599 0.231648 0.016720 0.039152
0 0.433917 0.194127 0.016720 0.039152
0 0.828025 0.233279 0.020701 0.040783
0 0.953025 0.246330 0.012739 0.032626
0 0.315287 0.210440 0.017516 0.039152
0 0.610669 0.381729 0.028662 0.060359
0 0.582803 0.334421 0.024682 0.053834
0 0.562898 0.156607 0.018312 0.034258
0 0.886943 0.402936 0.023885 0.071778
0 0.714172 0.163132 0.012739 0.039152
0 0.480892 0.176183 0.017516 0.045677
0 0.367834 0.200653 0.016720 0.039152
0 0.663217 0.133768 0.012739 0.029364
0 0.226911 0.267537 0.015924 0.035889
0 0.831210 0.208809 0.015127 0.037520
0 0.929936 0.267537 0.014331 0.035889
0 0.808917 0.194127 0.018312 0.037520
0 0.664013 0.247961 0.023089 0.060359
0 0.801752 0.308320 0.025478 0.053834
0 0.499204 0.158238 0.014331 0.032626
0 0.770701 0.184339 0.015924 0.037520
0 0.617038 0.288744 0.027866 0.057096
0 0.477707 0.236542 0.023089 0.044046
0 0.871019 0.303426 0.022293 0.053834
0 0.694268 0.140294 0.014331 0.037520
0 0.557325 0.140294 0.013535 0.030995
0 0.935510 0.415987 0.024682 0.060359
0 0.801752 0.440457 0.031051 0.083197
0 0.863057 0.337684 0.021497 0.048940
0 0.389331 0.194127 0.015924 0.048940
0 0.663217 0.389886 0.030255 0.068515
0 0.887739 0.277325 0.019108 0.047308
0 0.468949 0.176183 0.014331 0.039152
0 0.977707 0.360522 0.015924 0.050571
