0 0.832812 0.304167 0.035937 0.045833
0 0.834375 0.595833 0.082812 0.129167
0 0.959375 0.352083 0.051562 0.068750
0 0.321875 0.645833 0.095312 0.118750
0 0.445312 0.372917 0.035937 0.054167
0 0.496875 0.231250 0.034375 0.045833
0 0.545312 0.520833 0.087500 0.102083
0 0.625000 0.318750 0.032813 0.047917
0 0.056250 0.664583 0.104688 0.127083
0 0.670312 0.387500 0.043750 0.058333
0 0.539062 0.372917 0.032813 0.047917
0 0.157812 0.316667 0.029687 0.052083
0 0.062500 0.314583 0.037500 0.058333
0 0.134375 0.308333 0.037500 0.052083
0 0.393750 0.285417 0.040625 0.062500
0 0.392188 0.520833 0.075000 0.097917
0 0.570312 0.872917 0.135937 0.131250
0 0.193750 0.283333 0.031250 0.043750
0 0.701562 0.437500 0.050000 0.072917
0 0.773438 0.504167 0.064062 0.075000
0 0.229687 0.275000 0.028125 0.043750
0 0.565625 0.337500 0.028125 0.043750
