0 0.163966 0.475116 0.057099 0.100116
0 0.471451 0.525463 0.046682 0.081597
0 0.435185 0.487269 0.056327 0.094329
0 0.111497 0.720486 0.156250 0.225116
0 0.912809 0.486690 0.048611 0.085648
0 0.467978 0.456597 0.044367 0.077546
0 0.499614 0.467014 0.039738 0.072917
0 0.549769 0.460648 0.051698 0.077546
0 0.265432 0.478588 0.032793 0.077546
0 0.234954 0.445023 0.048225 0.081597
0 0.900849 0.600694 0.100309 0.192130
0 0.211806 0.618056 0.099151 0.179977
0 0.871142 0.412037 0.040123 0.060764
0 0.425926 0.627315 0.086806 0.146412
0 0.501543 0.262731 0.036265 0.076389
0 0.523534 0.453704 0.037809 0.074653
0 0.902778 0.449653 0.040123 0.061921
0 0.301698 0.648727 0.131559 0.232639
0 0.461420 0.589699 0.058256 0.110532
0 0.084105 0.487269 0.055556 0.118056
0 0.203704 0.469329 0.042052 0.068287
0 0.031636 0.488426 0.061343 0.115741
