0 0.802353 0.335689 0.042353 0.081272
0 0.880000 0.462898 0.056471 0.113074
0 0.614118 0.328622 0.035294 0.053004
0 0.952941 0.342756 0.035294 0.067138
0 0.901176 0.310954 0.030588 0.063604
0 0.458824 0.222615 0.138824 0.250883
0 0.284706 0.438163 0.065882 0.113074
0 0.960000 0.293286 0.030588 0.053004
0 0.552941 0.318021 0.035294 0.070671
0 0.385882 0.342756 0.037647 0.070671
0 0.872941 0.233216 0.030588 0.045936
0 0.242353 0.360424 0.032941 0.060071
0 0.070588 0.385159 0.044706 0.084806
0 0.788235 0.473498 0.089412 0.141343
0 0.856471 0.385159 0.047059 0.088339
0 0.155294 0.409894 0.058824 0.088339
0 0.750588 0.310954 0.035294 0.053004
0 0.592941 0.388693 0.049412 0.091873
0 0.778824 0.318021 0.025882 0.056537
0 0.049412 0.321555 0.035294 0.049470
0 0.736471 0.381625 0.054118 0.088339
0 0.334118 0.353357 0.030588 0.053004
0 0.684706 0.339223 0.023529 0.053004
0 0.661176 0.332155 0.028235 0.049470
0 0.108235 0.477032 0.070588 0.120141
