0 0.547389 0.190153 0.016441 0.039049
0 0.449710 0.217317 0.018375 0.040747
0 0.407157 0.230900 0.021277 0.040747
0 0.632495 0.139219 0.014507 0.028862
0 0.677950 0.183362 0.016441 0.033956
0 0.594778 0.159593 0.017408 0.037351
0 0.735010 0.295416 0.024178 0.059423
0 0.432302 0.212224 0.016441 0.030560
0 0.965184 0.242784 0.016441 0.028862
0 0.858801 0.200340 0.014507 0.032258
0 0.929400 0.268251 0.020309 0.047538
0 0.908124 0.224109 0.015474 0.039049
0 0.859768 0.336163 0.021277 0.059423
0 0.347195 0.208829 0.016441 0.030560
0 0.719536 0.193548 0.018375 0.040747
0 0.525145 0.190153 0.015474 0.033956
0 0.650870 0.256367 0.021277 0.044143
0 0.852998 0.227504 0.016441 0.040747
0 0.882012 0.280136 0.017408 0.052632
