0 0.661667 0.395556 0.050000 0.053333
0 0.345000 0.344444 0.025000 0.033333
0 0.938333 0.442222 0.070000 0.084444
0 0.743333 0.384444 0.028333 0.031111
0 0.288333 0.377778 0.028333 0.042222
0 0.628333 0.366667 0.025000 0.028889
0 0.855000 0.411111 0.038333 0.060000
0 0.828333 0.371111 0.023333 0.035556
0 0.310000 0.520000 0.070000 0.100000
0 0.290000 0.435556 0.046667 0.066667
0 0.178333 0.293333 0.025000 0.031111
0 0.091667 0.497778 0.075000 0.093333
0 0.198333 0.366667 0.031667 0.037778
0 0.746667 0.415556 0.038333 0.046667
0 0.645000 0.355556 0.021667 0.024444
0 0.841667 0.360000 0.018333 0.031111
0 0.818333 0.351111 0.021667 0.033333
0 0.956667 0.397778 0.040000 0.064444
0 0.590000 0.382222 0.040000 0.051111
0 0.166667 0.404444 0.043333 0.057778
0 0.488333 0.375556 0.028333 0.033333
0 0.880000 0.364444 0.030000 0.042222
0 0.358333 0.360000 0.020000 0.033333
0 0.788333 0.475556 0.061667 0.086667
0 0.683333 0.355556 0.026667 0.037778
0 0.221667 0.353333 0.023333 0.028889
0 0.526667 0.484444 0.066667 0.086667
0 0.518333 0.362222 0.026667 0.042222
0 0.761667 0.348889 0.020000 0.028889
0 0.360000 0.251111 0.025000 0.033333
0 0.458333 0.353333 0.021667 0.028889
0 0.421667 0.413333 0.046667 0.055556
0 0.976667 0.366667 0.036667 0.055556
