0 0.829770 0.524683 0.037829 0.073343
0 0.750822 0.238364 0.015625 0.022567
0 0.824836 0.313117 0.019737 0.036671
0 0.434211 0.252468 0.016447 0.032440
0 0.388980 0.328632 0.018914 0.032440
0 0.718750 0.483780 0.041118 0.071932
0 0.014803 0.428773 0.027138 0.052186
0 0.789474 0.430183 0.027138 0.056417
0 0.850329 0.471086 0.030428 0.063470
0 0.738487 0.406206 0.028783 0.053597
0 0.597862 0.451340 0.037829 0.066291
0 0.479441 0.267983 0.014803 0.028209
0 0.680921 0.272214 0.016447 0.040903
0 0.335526 0.361072 0.022204 0.040903
0 0.604441 0.225670 0.013980 0.025388
0 0.847039 0.344147 0.019737 0.045134
0 0.617599 0.366714 0.022204 0.050776
0 0.752467 0.249647 0.012336 0.023977
0 0.708882 0.251058 0.015625 0.031030
0 0.361842 0.335684 0.018914 0.038082
0 0.630757 0.220028 0.012336 0.031030
0 0.639803 0.251058 0.015625 0.032440
0 0.874178 0.344147 0.018092 0.040903
0 0.563322 0.231312 0.014803 0.028209
0 0.578125 0.246827 0.015625 0.028209
0 0.646382 0.228491 0.016447 0.032440
0 0.561678 0.280677 0.017270 0.032440
0 0.866776 0.372355 0.024671 0.053597
0 0.476151 0.303244 0.022204 0.036671
0 0.453125 0.266573 0.016447 0.033850
0 0.782895 0.249647 0.013158 0.023977
0 0.819901 0.269394 0.016447 0.031030
0 0.469572 0.411848 0.029605 0.060649
0 0.474507 0.236953 0.015625 0.035261
0 0.793586 0.249647 0.013158 0.028209
0 0.764803 0.265162 0.013980 0.028209
0 0.505757 0.324401 0.019737 0.039492
0 0.524671 0.279267 0.020559 0.035261
0 0.291941 0.306065 0.019737 0.038082
0 0.662829 0.211566 0.012336 0.026798
0 0.938322 0.351199 0.023026 0.039492
0 0.731086 0.290550 0.017270 0.036671
0 0.414474 0.301834 0.019737 0.029619
0 0.410362 0.338505 0.023026 0.039492
0 0.357730 0.301834 0.013158 0.033850
0 0.919408 0.325811 0.019737 0.046544
0 0.737664 0.262341 0.015625 0.033850
0 0.537829 0.251058 0.015625 0.035261
0 0.523849 0.252468 0.013980 0.029619
0 0.639803 0.301834 0.020559 0.045134
0 0.259046 0.372355 0.020559 0.043724
0 0.847039 0.259520 0.017270 0.035261
0 0.511513 0.269394 0.015625 0.028209
0 0.291118 0.375176 0.022204 0.040903
0 0.585526 0.270804 0.015625 0.031030
0 0.615954 0.208745 0.016447 0.029619
0 0.817434 0.365303 0.022204 0.055007
0 0.939967 0.284908 0.016447 0.029619
0 0.659539 0.370945 0.024671 0.057828
0 0.537829 0.356841 0.025493 0.053597
0 0.412007 0.273625 0.015625 0.031030
0 0.604441 0.337094 0.021382 0.035261
0 0.779605 0.286319 0.014803 0.033850
0 0.902961 0.287729 0.015625 0.035261
0 0.891447 0.318759 0.017270 0.032440
0 0.693257 0.356841 0.023849 0.043724
0 0.398849 0.267983 0.014803 0.029619
0 0.578947 0.227080 0.017270 0.028209
0 0.679276 0.225670 0.013158 0.026798
0 0.533717 0.430183 0.035362 0.055007
0 0.604441 0.251058 0.016447 0.028209
0 0.234375 0.341326 0.017270 0.035261
0 0.703125 0.227080 0.013980 0.029619
0 0.918586 0.469676 0.032072 0.056417
0 0.877467 0.253879 0.011513 0.032440
