0 0.488174 0.137874 0.010407 0.021595
0 0.611164 0.205980 0.020814 0.038206
0 0.669820 0.257475 0.023652 0.051495
0 0.491958 0.307309 0.026490 0.051495
0 0.580889 0.164452 0.019868 0.039867
0 0.746452 0.126246 0.012299 0.029900
0 0.616840 0.124585 0.014191 0.019934
0 0.541154 0.200997 0.017975 0.043189
0 0.658467 0.098007 0.013245 0.026578
0 0.888363 0.172757 0.013245 0.034884
0 0.772942 0.174419 0.014191 0.029900
0 0.692526 0.102990 0.013245 0.034884
0 0.894986 0.200997 0.013245 0.034884
0 0.310312 0.234219 0.016083 0.029900
0 0.844844 0.166113 0.013245 0.036545
0 0.561022 0.290698 0.024598 0.059801
0 0.933775 0.285714 0.020814 0.056478
0 0.877956 0.220930 0.016083 0.049834
0 0.491012 0.162791 0.015137 0.029900
0 0.407758 0.299003 0.024598 0.044850
0 0.731315 0.280731 0.029328 0.054817
0 0.617786 0.328904 0.028382 0.068106
0 0.697256 0.147841 0.015137 0.034884
0 0.940397 0.179402 0.013245 0.029900
0 0.560076 0.142857 0.013245 0.026578
0 0.654683 0.182724 0.016083 0.033223
0 0.678335 0.126246 0.014191 0.033223
0 0.613056 0.152824 0.016083 0.034884
0 0.632923 0.099668 0.012299 0.024917
0 0.326395 0.280731 0.018921 0.038206
0 0.842006 0.144518 0.015137 0.031561
0 0.905393 0.131229 0.012299 0.029900
0 0.388836 0.199336 0.012299 0.029900
0 0.935667 0.157807 0.010407 0.026578
0 0.297067 0.250831 0.018921 0.029900
0 0.791864 0.290698 0.024598 0.061462
0 0.596026 0.114618 0.015137 0.028239
0 0.861873 0.152824 0.013245 0.038206
0 0.853359 0.189369 0.016083 0.041528
0 0.466414 0.192691 0.014191 0.029900
0 0.564806 0.109635 0.013245 0.021595
0 0.586566 0.239203 0.023652 0.041528
0 0.743614 0.204319 0.015137 0.046512
0 0.492904 0.194352 0.015137 0.028239
0 0.755913 0.157807 0.013245 0.033223
0 0.471145 0.229236 0.019868 0.044850
0 0.524125 0.162791 0.014191 0.026578
0 0.331126 0.249169 0.015137 0.028239
0 0.786187 0.121262 0.011353 0.029900
0 0.644276 0.126246 0.013245 0.023256
0 0.377483 0.214286 0.013245 0.029900
0 0.385052 0.215947 0.013245 0.034884
0 0.305582 0.265781 0.017975 0.041528
0 0.878903 0.156146 0.014191 0.031561
0 0.415326 0.172757 0.015137 0.028239
0 0.876064 0.132890 0.013245 0.028239
0 0.760643 0.107973 0.012299 0.034884
0 0.529801 0.134551 0.015137 0.028239
0 0.662252 0.210963 0.023652 0.048173
0 0.453169 0.227575 0.016083 0.039867
0 0.259224 0.285714 0.018921 0.031561
0 0.815516 0.137874 0.013245 0.023256
0 0.045412 0.411960 0.037843 0.071429
0 0.598865 0.146179 0.014191 0.034884
0 0.415326 0.224252 0.015137 0.034884
0 0.693472 0.323920 0.030274 0.063123
0 0.701041 0.222591 0.019868 0.046512
0 0.811731 0.184385 0.015137 0.031561
0 0.449385 0.194352 0.016083 0.033223
0 0.828761 0.252492 0.021760 0.056478
0 0.719962 0.144518 0.014191 0.033223
0 0.906339 0.167774 0.012299 0.028239
0 0.778619 0.132890 0.012299 0.031561
0 0.475875 0.156146 0.014191 0.026578
0 0.748344 0.174419 0.017029 0.036545
0 0.712394 0.184385 0.020814 0.039867
0 0.800378 0.137874 0.014191 0.031561
0 0.935667 0.210963 0.015137 0.034884
0 0.759697 0.247508 0.020814 0.046512
0 0.347209 0.274086 0.017029 0.044850
0 0.436140 0.191030 0.015137 0.031561
