0 0.532381 0.217687 0.020952 0.037415
0 0.193333 0.493197 0.051429 0.096939
0 0.812381 0.130952 0.015238 0.037415
0 0.697143 0.147959 0.018095 0.047619
0 0.475238 0.195578 0.020952 0.037415
0 0.463810 0.149660 0.012381 0.023810
0 0.968571 0.433673 0.036190 0.112245
0 0.449524 0.187075 0.018095 0.034014
0 0.815238 0.175170 0.020952 0.039116
0 0.339048 0.256803 0.020000 0.042517
0 0.434286 0.280612 0.024762 0.054422
0 0.488571 0.142857 0.014286 0.027211
0 0.882857 0.221088 0.021905 0.045918
0 0.451429 0.231293 0.020952 0.042517
0 0.747619 0.127551 0.013333 0.034014
0 0.724762 0.158163 0.020952 0.034014
0 0.664762 0.256803 0.024762 0.051020
0 0.789524 0.275510 0.031429 0.057823
0 0.722857 0.275510 0.024762 0.054422
0 0.579048 0.158163 0.017143 0.035714
0 0.367619 0.260204 0.020952 0.045918
0 0.424762 0.222789 0.020000 0.040816
0 0.557143 0.149660 0.019048 0.030612
0 0.710476 0.142857 0.017143 0.032313
