0 0.706667 0.115079 0.013333 0.029762
0 0.614444 0.255952 0.027778 0.057540
0 0.198889 0.325397 0.042222 0.087302
0 0.736667 0.166667 0.014444 0.035714
0 0.398889 0.261905 0.021111 0.045635
0 0.467778 0.180556 0.016667 0.035714
0 0.477778 0.130952 0.012222 0.027778
0 0.321111 0.214286 0.020000 0.037698
0 0.947778 0.190476 0.015556 0.041667
0 0.413333 0.271825 0.024444 0.047619
0 0.546667 0.190476 0.017778 0.041667
0 0.731111 0.146825 0.014444 0.031746
0 0.551111 0.138889 0.014444 0.029762
0 0.917778 0.325397 0.025556 0.061508
0 0.877778 0.281746 0.023333 0.055556
0 0.558889 0.168651 0.014444 0.035714
0 0.548889 0.061508 0.012222 0.019841
0 0.592222 0.261905 0.022222 0.049603
0 0.934444 0.130952 0.014444 0.039683
0 0.493333 0.130952 0.012222 0.027778
0 0.731111 0.295635 0.031111 0.059524
0 0.514444 0.186508 0.018889 0.037698
0 0.643333 0.210317 0.020000 0.047619
0 0.565556 0.136905 0.016667 0.035714
0 0.884444 0.192460 0.015556 0.035714
0 0.886667 0.251984 0.020000 0.049603
0 0.636667 0.105159 0.012222 0.025794
0 0.402222 0.198413 0.020000 0.037698
0 0.785556 0.180556 0.017778 0.039683
0 0.907778 0.291667 0.021111 0.053571
0 0.430000 0.154762 0.016667 0.031746
0 0.797778 0.160714 0.012222 0.033730
0 0.687778 0.117063 0.015556 0.029762
0 0.851111 0.333333 0.032222 0.063492
0 0.424444 0.184524 0.015556 0.035714
0 0.737778 0.067460 0.014444 0.031746
0 0.720000 0.158730 0.015556 0.033730
0 0.588889 0.119048 0.016667 0.031746
0 0.860000 0.117063 0.018889 0.039683
0 0.374444 0.186508 0.016667 0.031746
0 0.947778 0.138889 0.016667 0.041667
0 0.902222 0.190476 0.015556 0.041667
0 0.938889 0.238095 0.016667 0.045635
0 0.613333 0.299603 0.027778 0.061508
0 0.851111 0.273810 0.022222 0.053571
0 0.790000 0.140873 0.014444 0.039683
0 0.716667 0.180556 0.018889 0.039683
0 0.913333 0.140873 0.015556 0.037698
0 0.757778 0.259921 0.020000 0.047619
0 0.632222 0.125000 0.010000 0.023810
0 0.844444 0.228175 0.017778 0.043651
0 0.596667 0.150794 0.015556 0.019841
0 0.672222 0.188492 0.020000 0.041667
0 0.384444 0.166667 0.017778 0.039683
0 0.487778 0.079365 0.013333 0.019841
0 0.451111 0.160714 0.016667 0.031746
0 0.525556 0.166667 0.018889 0.037698
0 0.823333 0.174603 0.020000 0.043651
0 0.487778 0.224206 0.021111 0.045635
0 0.774444 0.164683 0.015556 0.039683
0 0.451111 0.204365 0.020000 0.043651
0 0.792222 0.210317 0.020000 0.039683
0 0.458889 0.168651 0.017778 0.031746
0 0.587778 0.166667 0.016667 0.037698
0 0.424444 0.206349 0.017778 0.035714
