0 0.792031 0.390411 0.030126 0.058219
0 0.419825 0.164384 0.010690 0.023973
0 0.607386 0.150685 0.011662 0.023973
0 0.365403 0.193493 0.015549 0.025685
0 0.838678 0.309932 0.023324 0.049658
0 0.905734 0.142123 0.010690 0.027397
0 0.647230 0.116438 0.007775 0.020548
0 0.782313 0.157534 0.015549 0.035959
0 0.705539 0.172945 0.014577 0.034247
0 0.612245 0.255137 0.021380 0.035959
0 0.926142 0.145548 0.009718 0.025685
0 0.520894 0.202055 0.017493 0.032534
0 0.620019 0.095890 0.010690 0.018836
0 0.923226 0.238014 0.014577 0.035959
0 0.959184 0.097603 0.011662 0.029110
0 0.896987 0.363014 0.032070 0.058219
0 0.678328 0.142123 0.012634 0.020548
0 0.496599 0.297945 0.022352 0.044521
0 0.868805 0.263699 0.015549 0.044521
0 0.614189 0.203767 0.016521 0.032534
0 0.672498 0.101027 0.011662 0.029110
0 0.440233 0.220890 0.018465 0.034247
0 0.503401 0.126712 0.011662 0.020548
0 0.763848 0.282534 0.026239 0.042808
0 0.389699 0.186644 0.008746 0.022260
0 0.581147 0.164384 0.012634 0.025685
0 0.569485 0.143836 0.010690 0.023973
0 0.468416 0.136986 0.008746 0.017123
0 0.844509 0.123288 0.009718 0.029110
0 0.360544 0.241438 0.022352 0.042808
0 0.448980 0.181507 0.012634 0.030822
0 0.538387 0.116438 0.012634 0.020548
0 0.808552 0.239726 0.020408 0.039384
0 0.702624 0.099315 0.013605 0.029110
0 0.617104 0.123288 0.010690 0.029110
0 0.859086 0.142123 0.015549 0.023973
0 0.587949 0.138699 0.008746 0.022260
0 0.268222 0.256849 0.014577 0.027397
0 0.561710 0.251712 0.016521 0.034247
0 0.752187 0.214041 0.018465 0.041096
0 0.664723 0.160959 0.014577 0.027397
0 0.582119 0.113014 0.010690 0.020548
0 0.832847 0.207192 0.017493 0.039384
0 0.480078 0.174658 0.014577 0.027397
0 0.645287 0.095890 0.009718 0.020548
0 0.875607 0.208904 0.014577 0.032534
0 0.403304 0.195205 0.012634 0.023973
0 0.913508 0.285959 0.022352 0.054795
0 0.878523 0.176370 0.013605 0.030822
0 0.468416 0.157534 0.011662 0.020548
0 0.707483 0.253425 0.023324 0.042808
0 0.280855 0.248288 0.016521 0.027397
0 0.489796 0.190068 0.016521 0.032534
0 0.732750 0.181507 0.014577 0.035959
0 0.559767 0.111301 0.008746 0.017123
0 0.593780 0.097603 0.009718 0.018836
0 0.827017 0.150685 0.012634 0.027397
0 0.607386 0.313356 0.027211 0.054795
0 0.500486 0.154110 0.011662 0.018836
0 0.395530 0.263699 0.013605 0.032534
0 0.871720 0.119863 0.011662 0.020548
0 0.755102 0.333904 0.039845 0.063356
0 0.685131 0.311644 0.022352 0.056507
0 0.931001 0.200342 0.011662 0.032534
0 0.655977 0.126712 0.010690 0.018836
0 0.885326 0.147260 0.012634 0.022260
0 0.397473 0.212329 0.013605 0.029110
0 0.690962 0.222603 0.016521 0.034247
0 0.664723 0.205479 0.019436 0.037671
0 0.829932 0.128425 0.013605 0.018836
0 0.299320 0.244863 0.018465 0.035959
0 0.782313 0.200342 0.014577 0.032534
