0 0.369091 0.463415 0.020000 0.027100
0 0.290909 0.539295 0.030909 0.046070
0 0.407273 0.579946 0.060000 0.089431
0 0.950909 0.523035 0.027273 0.046070
0 0.098182 0.525745 0.020000 0.037940
0 0.765455 0.574526 0.052727 0.086721
0 0.987273 0.528455 0.025455 0.056911
0 0.470909 0.531165 0.023636 0.035230
0 0.225455 0.517615 0.038182 0.051491
0 0.163636 0.560976 0.061818 0.086721
0 0.718182 0.523035 0.032727 0.056911
0 0.100000 0.563686 0.030909 0.046070
0 0.978182 0.585366 0.036364 0.075881
0 0.801818 0.520325 0.041818 0.067751
0 0.669091 0.547425 0.030909 0.051491
0 0.258182 0.523035 0.030909 0.043360
0 0.903636 0.693767 0.132727 0.208672
0 0.027273 0.506775 0.020000 0.032520
0 0.447273 0.563686 0.036364 0.059621
0 0.370909 0.542005 0.040000 0.070461
0 0.552727 0.560976 0.060000 0.100271
0 0.956364 0.550136 0.029091 0.051491
0 0.060000 0.520325 0.030909 0.046070
0 0.430909 0.471545 0.020000 0.040650
0 0.085455 0.520325 0.014545 0.027100
0 0.325455 0.620596 0.078182 0.113821
0 0.583636 0.533875 0.030909 0.046070
0 0.341818 0.533875 0.032727 0.059621
0 0.276364 0.574526 0.050909 0.075881
0 0.609091 0.531165 0.020000 0.032520
0 0.120000 0.520325 0.016364 0.037940
