0 0.876364 0.588556 0.058182 0.081744
0 0.958182 0.626703 0.083636 0.141689
0 0.130909 0.604905 0.049091 0.068120
0 0.052727 0.645777 0.050909 0.073569
0 0.376364 0.487738 0.045455 0.068120
0 0.914545 0.637602 0.065455 0.114441
0 0.260000 0.626703 0.045455 0.070845
0 0.220000 0.656676 0.074545 0.095368
0 0.172727 0.626703 0.045455 0.081744
0 0.674545 0.596730 0.054545 0.076294
0 0.309091 0.607629 0.058182 0.081744
0 0.790909 0.787466 0.154545 0.209809
0 0.772727 0.585831 0.061818 0.106267
0 0.807273 0.577657 0.049091 0.089918
0 0.107273 0.694823 0.087273 0.138965
0 0.745455 0.683924 0.074545 0.100817
