0 0.367077 0.196721 0.014191 0.029508
0 0.494797 0.301639 0.024598 0.045902
0 0.580889 0.136066 0.011353 0.027869
0 0.391675 0.285246 0.018921 0.049180
0 0.362346 0.286885 0.020814 0.034426
0 0.414380 0.188525 0.013245 0.024590
0 0.613056 0.259016 0.023652 0.045902
0 0.191107 0.247541 0.017029 0.042623
0 0.409650 0.213115 0.017029 0.032787
0 0.462630 0.196721 0.014191 0.032787
0 0.463576 0.229508 0.018921 0.040984
0 0.761589 0.057377 0.011353 0.019672
0 0.717124 0.181967 0.017029 0.039344
0 0.494797 0.191803 0.017029 0.031148
0 0.762535 0.234426 0.023652 0.042623
0 0.492904 0.222951 0.017029 0.040984
0 0.451277 0.185246 0.015137 0.034426
0 0.393567 0.183607 0.016083 0.029508
