0 0.401250 0.589118 0.050000 0.088180
0 0.025000 0.568480 0.048750 0.078799
0 0.696250 0.409006 0.023750 0.041276
0 0.611250 0.598499 0.045000 0.078799
0 0.440000 0.557223 0.042500 0.065666
0 0.501250 0.594747 0.066250 0.118199
0 0.833750 0.632270 0.057500 0.101313
0 0.271250 0.555347 0.050000 0.078799
0 0.385000 0.536585 0.031250 0.061914
0 0.193750 0.530957 0.032500 0.060038
0 0.331250 0.553471 0.055000 0.076923
0 0.338750 0.519700 0.033750 0.052533
0 0.146250 0.602251 0.092500 0.135084
0 0.066250 0.594747 0.071250 0.116323
0 0.207500 0.574109 0.042500 0.052533
0 0.711250 0.658537 0.058750 0.082552
