0 0.870857 0.211694 0.024000 0.050403
0 0.757714 0.159274 0.016000 0.038306
0 0.360000 0.260081 0.019429 0.038306
0 0.718857 0.276210 0.029714 0.060484
0 0.308571 0.280242 0.021714 0.042339
0 0.548571 0.147177 0.017143 0.036290
0 0.725714 0.155242 0.018286 0.042339
0 0.675429 0.147177 0.020571 0.038306
0 0.521143 0.137097 0.016000 0.036290
0 0.800000 0.120968 0.014857 0.028226
0 0.442286 0.143145 0.014857 0.032258
0 0.472000 0.322581 0.025143 0.054435
0 0.704000 0.147177 0.017143 0.032258
0 0.442286 0.179435 0.017143 0.038306
0 0.466286 0.187500 0.020571 0.046371
0 0.570286 0.153226 0.017143 0.034274
0 0.528000 0.199597 0.019429 0.044355
0 0.644571 0.256048 0.028571 0.058468
0 0.416000 0.223790 0.019429 0.038306
0 0.464000 0.149194 0.014857 0.030242
0 0.430857 0.268145 0.025143 0.052419
0 0.246857 0.431452 0.045714 0.088710
0 0.789714 0.181452 0.019429 0.046371
0 0.771429 0.280242 0.032000 0.058468
0 0.738286 0.139113 0.021714 0.042339
