0 0.740809 0.391848 0.032169 0.081522
0 0.341605 0.395109 0.037071 0.072826
0 0.427696 0.409239 0.027574 0.061957
0 0.316483 0.374457 0.024203 0.059239
0 0.299020 0.403261 0.027267 0.064130
0 0.471814 0.460326 0.041054 0.076630
0 0.107537 0.420109 0.024203 0.051630
0 0.157475 0.397826 0.031863 0.066848
0 0.871936 0.408152 0.045956 0.089130
0 0.714767 0.447283 0.043811 0.094022
0 0.411152 0.440217 0.037071 0.069565
0 0.236826 0.405978 0.034926 0.060326
0 0.191789 0.414674 0.028493 0.058152
0 0.821691 0.462500 0.058517 0.110870
