0 0.116576 0.685950 0.116576 0.157025
0 0.726776 0.438017 0.074681 0.151515
0 0.489982 0.658402 0.102004 0.184573
0 0.663024 0.570248 0.080146 0.143251
0 0.792350 0.198347 0.041894 0.077135
0 0.331512 0.586777 0.078324 0.173554
0 0.965392 0.336088 0.058288 0.099174
0 0.806922 0.333333 0.051002 0.121212
0 0.872495 0.363636 0.072860 0.123967
0 0.617486 0.250689 0.051002 0.082645
0 0.927140 0.471074 0.072860 0.143251
0 0.402550 0.399449 0.060109 0.126722
0 0.386157 0.300275 0.051002 0.082645
0 0.049180 0.606061 0.085610 0.143251
0 0.071038 0.314050 0.054645 0.085399
0 0.513661 0.468320 0.054645 0.115702
0 0.025501 0.443526 0.049180 0.129477
0 0.834244 0.170799 0.038251 0.066116
0 0.750455 0.702479 0.094718 0.176309
0 0.555556 0.823691 0.138434 0.289256
0 0.979964 0.190083 0.038251 0.074380
0 0.706740 0.236915 0.041894 0.085399
0 0.123862 0.881543 0.145719 0.206612
0 0.681239 0.261708 0.045537 0.096419
0 0.881603 0.567493 0.081967 0.179063
0 0.054645 0.465565 0.072860 0.140496
0 0.579235 0.316804 0.058288 0.107438
0 0.238616 0.305785 0.051002 0.085399
0 0.081967 0.275482 0.045537 0.066116
