0 0.789095 0.249554 0.018519 0.040998
0 0.419753 0.247772 0.018519 0.040998
0 0.750000 0.240642 0.019547 0.037433
0 0.471193 0.201426 0.015432 0.030303
0 0.143004 0.409982 0.055556 0.092692
0 0.518519 0.224599 0.020576 0.040998
0 0.709877 0.222816 0.018519 0.035651
0 0.920782 0.303030 0.019547 0.042781
0 0.777778 0.215686 0.018519 0.035651
0 0.863169 0.310160 0.024691 0.058824
0 0.447531 0.269162 0.018519 0.037433
0 0.391975 0.247772 0.019547 0.035651
0 0.552469 0.229947 0.020576 0.039216
0 0.378601 0.201426 0.021605 0.035651
0 0.631687 0.285205 0.024691 0.055258
0 0.943416 0.235294 0.015432 0.046346
0 0.827160 0.297683 0.021605 0.049911
0 0.700617 0.196078 0.015432 0.030303
0 0.323045 0.233512 0.018519 0.032086
0 0.601852 0.270945 0.021605 0.042781
0 0.141975 0.265597 0.018519 0.037433
0 0.733539 0.208556 0.019547 0.035651
0 0.467078 0.188948 0.014403 0.023173
