0 0.546667 0.464444 0.021667 0.033333
0 0.623333 0.762222 0.080000 0.122222
0 0.210000 0.526667 0.036667 0.051111
0 0.723333 0.535556 0.030000 0.046667
0 0.713333 0.597778 0.045000 0.060000
0 0.290000 0.511111 0.026667 0.033333
0 0.361667 0.457778 0.021667 0.033333
0 0.140000 0.537778 0.036667 0.055556
0 0.701667 0.515556 0.026667 0.042222
0 0.243333 0.517778 0.028333 0.040000
0 0.681667 0.635556 0.063333 0.082222
0 0.491667 0.468889 0.020000 0.031111
0 0.330000 0.495556 0.025000 0.031111
0 0.665000 0.671111 0.060000 0.086667
