0 0.287324 0.256240 0.021596 0.041597
0 0.268545 0.261231 0.016901 0.039933
0 0.354930 0.254576 0.022535 0.029950
0 0.809390 0.121464 0.015023 0.019967
0 0.704225 0.144759 0.012207 0.028286
0 0.402817 0.189684 0.014085 0.029950
0 0.732394 0.113145 0.013146 0.023295
0 0.634742 0.111481 0.009390 0.028286
0 0.533333 0.304493 0.024413 0.053245
0 0.459155 0.144759 0.014085 0.026622
0 0.312676 0.222962 0.017840 0.028286
0 0.560563 0.178037 0.018779 0.034942
0 0.916432 0.277870 0.018779 0.041597
0 0.633803 0.144759 0.015962 0.033278
0 0.483568 0.194676 0.017840 0.034942
0 0.489202 0.166389 0.016901 0.036606
0 0.820657 0.217970 0.020657 0.034942
0 0.652582 0.174709 0.013146 0.024958
0 0.613146 0.251248 0.022535 0.044925
0 0.853521 0.156406 0.018779 0.026622
0 0.841315 0.183028 0.021596 0.026622
0 0.436620 0.186356 0.013146 0.034942
0 0.894836 0.153078 0.019718 0.023295
0 0.784977 0.143095 0.015023 0.026622
0 0.758685 0.126456 0.015962 0.026622
0 0.733333 0.196339 0.018779 0.048253
0 0.653521 0.207987 0.017840 0.028286
0 0.476995 0.133111 0.015962 0.026622
0 0.676995 0.116473 0.016901 0.033278
0 0.384977 0.277870 0.023474 0.048253
0 0.599061 0.329451 0.033803 0.056572
0 0.609390 0.113145 0.010329 0.031614
0 0.719249 0.281198 0.020657 0.038270
0 0.888263 0.168053 0.019718 0.031614
0 0.606573 0.143095 0.017840 0.034942
0 0.525822 0.188020 0.015962 0.036606
0 0.748357 0.231281 0.018779 0.031614
0 0.375587 0.179700 0.014085 0.031614
0 0.043192 0.397671 0.029108 0.064892
0 0.579343 0.134775 0.015023 0.034942
0 0.631925 0.201331 0.017840 0.038270
0 0.716432 0.154742 0.014085 0.023295
0 0.662911 0.249584 0.024413 0.041597
0 0.313615 0.264559 0.020657 0.038270
0 0.478873 0.312812 0.022535 0.054908
0 0.552113 0.128120 0.015962 0.028286
0 0.374648 0.214642 0.017840 0.043261
0 0.833803 0.138103 0.015962 0.031614
0 0.766197 0.217970 0.018779 0.046589
0 0.904225 0.184692 0.015023 0.041597
0 0.440376 0.163062 0.012207 0.021631
0 0.348357 0.207987 0.013146 0.026622
0 0.465728 0.234609 0.016901 0.031614
0 0.852582 0.226290 0.020657 0.034942
0 0.399061 0.219634 0.015023 0.026622
0 0.677934 0.163062 0.014085 0.031614
0 0.786854 0.262895 0.020657 0.041597
0 0.507042 0.171381 0.015962 0.028286
0 0.690141 0.201331 0.015962 0.034942
0 0.542723 0.154742 0.020657 0.038270
0 0.244131 0.262895 0.015023 0.034942
0 0.357746 0.183028 0.015023 0.034942
0 0.458216 0.194676 0.015962 0.033278
0 0.752113 0.166389 0.020657 0.029950
0 0.793427 0.174709 0.016901 0.031614
0 0.833803 0.306156 0.026291 0.046589
