0 0.590956 0.241316 0.019527 0.042048
0 0.417266 0.266910 0.019527 0.045704
0 0.789311 0.170018 0.011305 0.036563
0 0.386434 0.241316 0.017472 0.034735
0 0.712230 0.168190 0.015416 0.040219
0 0.445015 0.155393 0.011305 0.029250
0 0.520041 0.164534 0.014388 0.034735
0 0.549846 0.173675 0.018499 0.029250
0 0.835560 0.226691 0.014388 0.034735
0 0.632066 0.146252 0.013361 0.029250
0 0.399794 0.170018 0.014388 0.032907
0 0.634121 0.305302 0.025694 0.063985
0 0.640288 0.221207 0.019527 0.040219
0 0.397739 0.219378 0.015416 0.031079
0 0.938335 0.168190 0.014388 0.031079
0 0.615622 0.248629 0.023638 0.054845
0 0.464543 0.223035 0.015416 0.042048
0 0.543679 0.142596 0.011305 0.023766
0 0.651593 0.117002 0.012333 0.031079
0 0.605344 0.104205 0.010277 0.023766
0 0.503597 0.202925 0.016444 0.034735
0 0.922919 0.303473 0.020555 0.054845
0 0.856115 0.263254 0.019527 0.049360
0 0.698869 0.131627 0.013361 0.036563
0 0.531346 0.148080 0.011305 0.034735
0 0.480987 0.241316 0.016444 0.043876
0 0.933196 0.248629 0.015416 0.038391
0 0.774923 0.241316 0.016444 0.045704
0 0.933196 0.206581 0.014388 0.032907
0 0.755396 0.204753 0.019527 0.047532
0 0.790339 0.215722 0.013361 0.038391
0 0.889003 0.212066 0.016444 0.032907
0 0.661871 0.138940 0.012333 0.032907
0 0.741007 0.268739 0.024666 0.062157
0 0.862282 0.195612 0.014388 0.036563
0 0.475848 0.135283 0.011305 0.027422
0 0.534430 0.202925 0.016444 0.042048
0 0.758479 0.142596 0.017472 0.018282
0 0.823227 0.276051 0.020555 0.053016
0 0.706064 0.193784 0.015416 0.043876
0 0.431655 0.215722 0.016444 0.042048
0 0.455293 0.182815 0.014388 0.032907
0 0.576567 0.149909 0.013361 0.034735
0 0.469681 0.197441 0.015416 0.031079
0 0.701953 0.329068 0.024666 0.060329
0 0.499486 0.127971 0.012333 0.023766
0 0.588900 0.170018 0.014388 0.038391
0 0.683453 0.135283 0.013361 0.023766
0 0.781089 0.135283 0.013361 0.034735
0 0.850976 0.323583 0.023638 0.058501
0 0.724563 0.153565 0.014388 0.031079
0 0.577595 0.122486 0.012333 0.029250
0 0.731757 0.191956 0.015416 0.032907
0 0.885920 0.244973 0.019527 0.049360
0 0.471737 0.173675 0.012333 0.025594
0 0.760534 0.166362 0.016444 0.038391
0 0.869476 0.186472 0.012333 0.038391
0 0.485098 0.148080 0.010277 0.023766
0 0.425488 0.182815 0.013361 0.032907
0 0.827338 0.380256 0.039054 0.113346
0 0.897225 0.201097 0.012333 0.043876
0 0.827338 0.190128 0.013361 0.034735
0 0.778006 0.177331 0.012333 0.031079
0 0.599178 0.133455 0.011305 0.027422
0 0.832477 0.164534 0.014388 0.038391
0 0.353546 0.191956 0.012333 0.038391
