0 0.385000 0.729323 0.101667 0.180451
0 0.320000 0.819549 0.115000 0.190476
0 0.396667 0.556391 0.058333 0.107769
0 0.593333 0.621554 0.070000 0.135338
0 0.823333 0.661654 0.068333 0.145363
0 0.120000 0.894737 0.173333 0.195489
0 0.550000 0.616541 0.056667 0.125313
0 0.048333 0.669173 0.085000 0.115288
0 0.750000 0.704261 0.116667 0.185464
0 0.251667 0.573935 0.073333 0.137845
0 0.666667 0.899749 0.161667 0.200501
0 0.028333 0.563910 0.055000 0.110276
0 0.576667 0.285714 0.063333 0.112782
0 0.703333 0.791980 0.126667 0.203008
0 0.341667 0.611529 0.091667 0.127820
0 0.891667 0.744361 0.103333 0.165414
