0 0.902439 0.443580 0.035477 0.068093
0 0.749446 0.198444 0.018847 0.035019
0 0.658537 0.188716 0.012195 0.033074
0 0.560976 0.180934 0.017738 0.040856
0 0.570953 0.270428 0.018847 0.046693
0 0.667406 0.342412 0.024390 0.056420
0 0.621951 0.194553 0.017738 0.036965
0 0.823725 0.363813 0.026608 0.066148
0 0.766075 0.250973 0.019956 0.040856
0 0.674058 0.250973 0.021064 0.048638
0 0.050998 0.373541 0.025499 0.054475
0 0.726164 0.276265 0.018847 0.046693
0 0.710643 0.196498 0.014412 0.033074
0 0.677384 0.204280 0.015521 0.027237
