0 0.633909 0.128846 0.015119 0.034615
0 0.933045 0.246154 0.017279 0.040385
0 0.430886 0.267308 0.020518 0.044231
0 0.177106 0.232692 0.024838 0.051923
0 0.638229 0.265385 0.021598 0.042308
0 0.152268 0.246154 0.020518 0.042308
0 0.550756 0.171154 0.018359 0.032692
0 0.671706 0.340385 0.030238 0.078846
0 0.090713 0.267308 0.021598 0.050000
0 0.869330 0.269231 0.021598 0.055769
0 0.813175 0.257692 0.024838 0.050000
0 0.460043 0.144231 0.016199 0.026923
0 0.546436 0.192308 0.019438 0.032692
0 0.446004 0.184615 0.020518 0.038462
0 0.448164 0.234615 0.021598 0.034615
0 0.628510 0.221154 0.022678 0.044231
0 0.667387 0.173077 0.019438 0.044231
0 0.627430 0.323077 0.025918 0.067308
0 0.360691 0.192308 0.016199 0.036538
0 0.671706 0.225000 0.020518 0.046154
0 0.416847 0.205769 0.019438 0.038462
0 0.313175 0.234615 0.021598 0.044231
0 0.485961 0.178846 0.021598 0.036538
0 0.672786 0.286538 0.023758 0.051923
