0 0.413086 0.700000 0.033203 0.059477
0 0.617188 0.709150 0.040527 0.062745
0 0.836914 0.755556 0.067383 0.091503
0 0.661133 0.689542 0.030273 0.042484
0 0.579590 0.709150 0.045898 0.067320
0 0.454590 0.701961 0.033691 0.052288
0 0.223145 0.778431 0.075195 0.092810
0 0.709961 0.706536 0.044922 0.069281
0 0.133301 0.731373 0.030762 0.052288
0 0.104980 0.739869 0.039062 0.066013
0 0.970703 0.716993 0.058105 0.097386
0 0.254883 0.722876 0.053223 0.069935
0 0.508789 0.715033 0.044434 0.062745
0 0.782227 0.697386 0.036621 0.050327
