0 0.062500 0.511706 0.055000 0.073579
0 0.755000 0.458194 0.037500 0.046823
0 0.982500 0.428094 0.027500 0.053512
0 0.802500 0.505017 0.052500 0.063545
0 0.717500 0.454849 0.035000 0.046823
0 0.352500 0.438127 0.022500 0.040134
0 0.970000 0.551839 0.057500 0.120401
0 0.577500 0.551839 0.090000 0.127090
0 0.030000 0.585284 0.057500 0.133779
0 0.107500 0.481605 0.072500 0.107023
0 0.172500 0.488294 0.045000 0.060201
0 0.152500 0.424749 0.025000 0.036789
0 0.492500 0.451505 0.020000 0.033445
0 0.315000 0.444816 0.032500 0.043478
0 0.057500 0.464883 0.030000 0.056856
0 0.190000 0.538462 0.055000 0.076923
0 0.835000 0.454849 0.037500 0.050167
0 0.805000 0.464883 0.032500 0.036789
0 0.017500 0.494983 0.032500 0.066890
0 0.580000 0.458194 0.030000 0.060201
0 0.935000 0.478261 0.052500 0.070234
0 0.537500 0.464883 0.047500 0.083612
0 0.650000 0.464883 0.037500 0.056856
0 0.882500 0.488294 0.037500 0.056856
0 0.232500 0.451505 0.042500 0.073579
0 0.672500 0.494983 0.045000 0.063545
0 0.277500 0.454849 0.042500 0.056856
0 0.117500 0.418060 0.027500 0.040134
0 0.077500 0.384615 0.025000 0.043478
0 0.710000 0.535117 0.062500 0.083612
0 0.620000 0.461538 0.022500 0.043478
0 0.657500 0.675585 0.132500 0.187291
0 0.967500 0.461538 0.022500 0.050167
0 0.777500 0.454849 0.027500 0.040134
0 0.440000 0.438127 0.027500 0.046823
