0 0.534653 0.169877 0.010891 0.029772
0 0.841584 0.204904 0.013861 0.036778
0 0.714851 0.234676 0.017822 0.050788
0 0.624752 0.110333 0.008911 0.024518
0 0.608911 0.164623 0.013861 0.029772
0 0.835644 0.311734 0.021782 0.056042
0 0.742574 0.071804 0.009901 0.029772
0 0.843564 0.154116 0.014851 0.029772
0 0.676238 0.112084 0.009901 0.024518
0 0.460396 0.141856 0.011881 0.024518
0 0.656436 0.201401 0.015842 0.035026
0 0.340594 0.204904 0.011881 0.026270
0 0.777228 0.217163 0.014851 0.042032
0 0.804950 0.302977 0.019802 0.061296
0 0.390099 0.197898 0.013861 0.033275
0 0.497030 0.211909 0.016832 0.038529
0 0.807921 0.101576 0.011881 0.026270
0 0.759406 0.276708 0.015842 0.045534
0 0.839604 0.238179 0.016832 0.043783
0 0.743564 0.267951 0.019802 0.057793
0 0.571287 0.133100 0.011881 0.026270
0 0.368317 0.126095 0.010891 0.029772
0 0.926733 0.295972 0.015842 0.054291
0 0.860396 0.199650 0.012871 0.035026
0 0.271287 0.225919 0.014851 0.031524
0 0.668317 0.278459 0.022772 0.049037
0 0.506931 0.187391 0.013861 0.036778
0 0.744554 0.208406 0.014851 0.042032
0 0.526733 0.126095 0.008911 0.024518
0 0.435644 0.185639 0.012871 0.031524
0 0.750495 0.140105 0.011881 0.033275
0 0.784158 0.159370 0.010891 0.036778
0 0.536634 0.138354 0.009901 0.024518
0 0.464356 0.084063 0.010891 0.028021
0 0.525743 0.196147 0.017822 0.033275
0 0.830693 0.178634 0.012871 0.031524
0 0.588119 0.122592 0.009901 0.022767
0 0.482178 0.145359 0.011881 0.024518
0 0.407921 0.287215 0.019802 0.045534
0 0.420792 0.150613 0.009901 0.026270
0 0.771287 0.084063 0.011881 0.028021
0 0.231683 0.345009 0.040594 0.084063
0 0.863366 0.287215 0.019802 0.049037
0 0.643564 0.215412 0.017822 0.040280
0 0.887129 0.227671 0.014851 0.033275
0 0.697030 0.173380 0.015842 0.036778
0 0.920792 0.189142 0.010891 0.033275
0 0.614851 0.138354 0.010891 0.029772
0 0.510891 0.129597 0.008911 0.019264
0 0.562376 0.248687 0.021782 0.047285
0 0.649505 0.112084 0.011881 0.026270
0 0.676238 0.126095 0.010891 0.024518
0 0.923762 0.245184 0.014851 0.042032
0 0.606931 0.112084 0.010891 0.024518
0 0.515842 0.140105 0.010891 0.024518
0 0.733663 0.145359 0.011881 0.031524
0 0.339604 0.253940 0.016832 0.038529
0 0.907921 0.353765 0.019802 0.066550
0 0.436634 0.225919 0.016832 0.049037
0 0.903960 0.176883 0.013861 0.031524
0 0.625743 0.120841 0.011881 0.026270
0 0.939604 0.203152 0.012871 0.033275
0 0.873267 0.157618 0.012871 0.033275
0 0.636634 0.243433 0.017822 0.043783
0 0.593069 0.057793 0.007921 0.026270
0 0.509901 0.073555 0.009901 0.022767
0 0.403960 0.241681 0.019802 0.049037
0 0.477228 0.173380 0.015842 0.033275
0 0.405941 0.173380 0.012871 0.031524
