0 0.777406 0.438298 0.029289 0.055319
0 0.461088 0.241135 0.011715 0.029787
0 0.679498 0.229787 0.016736 0.029787
0 0.451883 0.262411 0.012552 0.029787
0 0.885356 0.259574 0.015063 0.035461
0 0.769038 0.225532 0.014226 0.035461
0 0.857741 0.282270 0.016736 0.036879
0 0.766527 0.258156 0.015900 0.026950
0 0.347280 0.299291 0.017573 0.029787
0 0.459414 0.270922 0.015900 0.029787
0 0.641004 0.357447 0.022594 0.043972
0 0.549791 0.243972 0.018410 0.028369
0 0.856067 0.329078 0.018410 0.038298
0 0.579916 0.262411 0.015900 0.028369
0 0.409205 0.333333 0.023431 0.039716
0 0.785774 0.239716 0.015900 0.029787
0 0.340586 0.339007 0.019247 0.036879
0 0.463598 0.313475 0.020921 0.036879
0 0.825105 0.299291 0.017573 0.038298
0 0.640167 0.218440 0.015063 0.026950
0 0.558159 0.224113 0.014226 0.025532
0 0.312971 0.388652 0.025941 0.042553
0 0.939749 0.303546 0.013389 0.028369
0 0.894561 0.334752 0.016736 0.045390
0 0.869456 0.272340 0.013389 0.034043
0 0.914644 0.337589 0.017573 0.042553
0 0.602510 0.252482 0.015900 0.032624
0 0.377406 0.337589 0.019247 0.035461
0 0.589958 0.446809 0.030962 0.065248
0 0.423431 0.255319 0.014226 0.029787
0 0.569038 0.236879 0.016736 0.031206
0 0.700418 0.217021 0.015900 0.029787
0 0.856904 0.452482 0.035146 0.066667
0 0.402510 0.297872 0.019247 0.031206
0 0.774059 0.279433 0.016736 0.034043
0 0.531381 0.377305 0.030962 0.052482
0 0.574059 0.214184 0.015900 0.029787
0 0.825105 0.339007 0.019247 0.039716
0 0.605021 0.225532 0.014226 0.028369
0 0.503766 0.263830 0.017573 0.032624
0 0.634310 0.306383 0.025105 0.051064
0 0.400000 0.275177 0.017573 0.028369
0 0.714644 0.297872 0.017573 0.038298
0 0.220084 0.339007 0.019247 0.036879
0 0.943933 0.282270 0.016736 0.028369
0 0.386611 0.259574 0.017573 0.035461
0 0.847699 0.251064 0.015063 0.032624
0 0.782427 0.263830 0.015063 0.032624
0 0.668619 0.215603 0.011715 0.026950
0 0.504603 0.319149 0.017573 0.032624
0 0.451883 0.339007 0.024268 0.042553
0 0.581590 0.398582 0.026778 0.045390
0 0.659414 0.363121 0.027615 0.043972
0 0.462762 0.414184 0.034310 0.063830
0 0.526360 0.436879 0.033473 0.063830
0 0.749791 0.251064 0.016736 0.036879
0 0.866109 0.371631 0.025941 0.059574
0 0.697908 0.543262 0.042678 0.080851
0 0.692887 0.367376 0.022594 0.045390
0 0.826778 0.512057 0.034310 0.075177
0 0.936402 0.363121 0.020084 0.049645
0 0.600837 0.331915 0.020921 0.049645
0 0.922176 0.480851 0.040167 0.066667
0 0.876151 0.331915 0.020084 0.042553
0 0.610879 0.202837 0.014226 0.026950
0 0.636820 0.248227 0.014226 0.032624
0 0.120502 0.534752 0.042678 0.069504
0 0.814226 0.357447 0.020084 0.055319
0 0.815063 0.241135 0.018410 0.031206
0 0.287029 0.356028 0.022594 0.039716
0 0.933054 0.314894 0.017573 0.036879
0 0.683682 0.320567 0.019247 0.039716
0 0.671130 0.282270 0.017573 0.038298
0 0.517992 0.272340 0.018410 0.029787
0 0.626778 0.217021 0.013389 0.028369
0 0.722176 0.404255 0.028452 0.053901
0 0.251883 0.363121 0.023431 0.045390
