0 0.914037 0.433712 0.042437 0.085227
0 0.636561 0.121212 0.011970 0.026515
0 0.809576 0.246212 0.025027 0.049242
0 0.673558 0.225379 0.023939 0.043561
0 0.492927 0.138258 0.014146 0.026515
0 0.677911 0.293561 0.023939 0.058712
0 0.071817 0.293561 0.019587 0.037879
0 0.602829 0.142045 0.017410 0.030303
0 0.852013 0.310606 0.028292 0.071970
0 0.490751 0.221591 0.018498 0.039773
0 0.486398 0.174242 0.025027 0.041667
0 0.540805 0.132576 0.015234 0.030303
0 0.571273 0.142045 0.014146 0.028409
0 0.673558 0.185606 0.019587 0.043561
0 0.318825 0.231061 0.019587 0.041667
0 0.417845 0.210227 0.019587 0.037879
0 0.427639 0.155303 0.017410 0.039773
0 0.455930 0.179924 0.023939 0.035985
0 0.739935 0.232955 0.023939 0.049242
0 0.709467 0.172348 0.020675 0.041667
0 0.820457 0.291667 0.025027 0.060606
0 0.638738 0.303030 0.029380 0.073864
0 0.917301 0.361742 0.032644 0.068182
0 0.552775 0.164773 0.016322 0.030303
0 0.933624 0.229167 0.018498 0.043561
0 0.878128 0.287879 0.025027 0.051136
0 0.350381 0.200758 0.017410 0.035985
0 0.547334 0.191288 0.018498 0.037879
0 0.634385 0.214015 0.020675 0.041667
0 0.520131 0.136364 0.017410 0.030303
0 0.473341 0.134470 0.014146 0.028409
