0 0.792553 0.169811 0.015957 0.033962
0 0.881915 0.335849 0.043617 0.113208
0 0.588298 0.113208 0.013830 0.030189
0 0.857447 0.266038 0.021277 0.050943
0 0.792553 0.145283 0.011702 0.028302
0 0.428723 0.207547 0.014894 0.035849
0 0.731915 0.169811 0.014894 0.035849
0 0.944681 0.262264 0.020213 0.047170
0 0.955319 0.222642 0.015957 0.043396
0 0.968085 0.190566 0.015957 0.037736
0 0.645745 0.239623 0.023404 0.049057
0 0.750000 0.158491 0.015957 0.047170
0 0.389362 0.177358 0.015957 0.032075
0 0.397872 0.152830 0.014894 0.028302
0 0.611702 0.235849 0.023404 0.045283
0 0.415957 0.228302 0.021277 0.041509
0 0.763830 0.188679 0.019149 0.037736
0 0.111702 0.245283 0.019149 0.041509
0 0.400000 0.207547 0.020213 0.041509
0 0.484043 0.152830 0.017021 0.039623
0 0.824468 0.160377 0.014894 0.030189
0 0.487234 0.220755 0.021277 0.045283
0 0.532979 0.194340 0.021277 0.043396
0 0.215957 0.384906 0.055319 0.115094
0 0.823404 0.203774 0.021277 0.041509
0 0.723404 0.150943 0.017021 0.037736
0 0.458511 0.167925 0.014894 0.030189
