0 0.483816 0.221037 0.024702 0.044207
0 0.407155 0.157012 0.012777 0.028963
0 0.863714 0.163110 0.017888 0.045732
0 0.465928 0.134146 0.015332 0.028963
0 0.542589 0.170732 0.018739 0.036585
0 0.497445 0.289634 0.027257 0.060976
0 0.723169 0.086890 0.018739 0.044207
0 0.420784 0.172256 0.016184 0.036585
0 0.562181 0.134146 0.013629 0.033537
0 0.625213 0.214939 0.024702 0.053354
0 0.537479 0.134146 0.017888 0.033537
0 0.478705 0.140244 0.015332 0.035061
0 0.779387 0.205793 0.018739 0.047256
0 0.586882 0.149390 0.017888 0.039634
0 0.717206 0.234756 0.025554 0.057927
0 0.696763 0.160061 0.019591 0.033537
0 0.878194 0.217988 0.017888 0.048780
0 0.620102 0.129573 0.014480 0.032012
0 0.578365 0.283537 0.026405 0.071646
0 0.919080 0.227134 0.021295 0.045732
0 0.657581 0.179878 0.023850 0.050305
0 0.658433 0.225610 0.026405 0.057927
0 0.412266 0.196646 0.017888 0.039634
0 0.697615 0.192073 0.022147 0.041159
0 0.666951 0.282012 0.023850 0.045732
0 0.632027 0.277439 0.022998 0.054878
0 0.863714 0.289634 0.022147 0.045732
0 0.470187 0.175305 0.019591 0.041159
0 0.844123 0.312500 0.020443 0.054878
0 0.189949 0.446646 0.040034 0.085366
0 0.830494 0.164634 0.013629 0.035061
0 0.622658 0.288110 0.028961 0.076220
0 0.816014 0.240854 0.022147 0.045732
0 0.447189 0.167683 0.019591 0.035061
0 0.555366 0.178354 0.019591 0.041159
0 0.841567 0.205793 0.016184 0.045732
0 0.808348 0.277439 0.024702 0.062500
0 0.339012 0.198171 0.017036 0.036585
0 0.517036 0.153963 0.016184 0.036585
0 0.442930 0.224085 0.022147 0.045732
0 0.733390 0.181402 0.017888 0.045732
0 0.560477 0.248476 0.021295 0.051829
0 0.896082 0.384146 0.029813 0.073171
0 0.501704 0.144817 0.014480 0.035061
0 0.913118 0.342988 0.022998 0.053354
0 0.668654 0.326220 0.033220 0.076220
0 0.800681 0.152439 0.013629 0.036585
