0 0.400501 0.437148 0.021277 0.033771
0 0.897372 0.504690 0.042553 0.061914
0 0.329161 0.446529 0.026283 0.039400
0 0.952441 0.497186 0.052566 0.097561
0 0.634543 0.407129 0.018773 0.033771
0 0.714643 0.463415 0.023780 0.037523
0 0.304130 0.439024 0.021277 0.039400
0 0.824781 0.446529 0.020025 0.033771
0 0.355444 0.429644 0.022528 0.030019
0 0.212766 0.433396 0.030038 0.046904
0 0.136421 0.476548 0.040050 0.058161
0 0.792240 0.467167 0.023780 0.039400
0 0.787234 0.508443 0.045056 0.071295
0 0.352941 0.459662 0.027534 0.039400
0 0.376721 0.440901 0.021277 0.035647
0 0.466834 0.444653 0.025031 0.041276
0 0.152691 0.392120 0.031289 0.039400
0 0.526909 0.484053 0.038798 0.082552
0 0.389237 0.467167 0.033792 0.043152
0 0.655820 0.470919 0.023780 0.037523
0 0.244055 0.463415 0.040050 0.058161
0 0.045056 0.467167 0.046308 0.065666
0 0.856070 0.474672 0.025031 0.039400
0 0.617021 0.444653 0.025031 0.043152
0 0.553191 0.440901 0.017522 0.028143
0 0.624531 0.515947 0.043805 0.086304
0 0.675845 0.454034 0.018773 0.033771
