0 0.987273 0.408719 0.023636 0.038147
0 0.712727 0.433243 0.030909 0.059946
0 0.860000 0.455041 0.032727 0.059946
0 0.816364 0.438692 0.029091 0.057221
0 0.434545 0.414169 0.021818 0.043597
0 0.174545 0.422343 0.030909 0.062670
0 0.729091 0.395095 0.016364 0.024523
0 0.872727 0.411444 0.029091 0.040872
0 0.038182 0.425068 0.027273 0.040872
0 0.630909 0.531335 0.060000 0.095368
0 0.778182 0.599455 0.074545 0.147139
0 0.258182 0.430518 0.032727 0.049046
0 0.661818 0.389646 0.023636 0.035422
0 0.696364 0.403270 0.014545 0.038147
0 0.507273 0.400545 0.018182 0.032698
0 0.194545 0.463215 0.050909 0.084469
0 0.776364 0.446866 0.032727 0.057221
0 0.370909 0.553134 0.067273 0.133515
0 0.970909 0.449591 0.034545 0.059946
0 0.020000 0.446866 0.027273 0.043597
0 0.138182 0.411444 0.027273 0.051771
0 0.636364 0.395095 0.020000 0.035422
0 0.343636 0.422343 0.029091 0.043597
0 0.356364 0.493188 0.041818 0.081744
0 0.380000 0.395095 0.018182 0.038147
0 0.609091 0.411444 0.029091 0.051771
0 0.858182 0.403270 0.023636 0.038147
0 0.243636 0.405995 0.025455 0.038147
0 0.158182 0.517711 0.045455 0.092643
0 0.090909 0.419619 0.029091 0.049046
0 0.305455 0.400545 0.018182 0.040872
0 0.540000 0.430518 0.032727 0.057221
0 0.821818 0.517711 0.054545 0.084469
0 0.714545 0.504087 0.065455 0.084469
0 0.896364 0.433243 0.032727 0.051771
0 0.096364 0.446866 0.029091 0.049046
0 0.300000 0.422343 0.021818 0.038147
0 0.130909 0.433243 0.032727 0.049046
0 0.832727 0.422343 0.023636 0.051771
0 0.705455 0.626703 0.081818 0.160763
0 0.625455 0.460490 0.045455 0.079019
0 0.363636 0.411444 0.020000 0.040872
0 0.223636 0.561308 0.092727 0.133515
0 0.392727 0.411444 0.020000 0.032698
0 0.785455 0.400545 0.025455 0.035422
0 0.460000 0.444142 0.038182 0.059946
0 0.054545 0.509537 0.061818 0.114441
0 0.654545 0.444142 0.029091 0.068120
0 0.316364 0.493188 0.058182 0.089918
0 0.518182 0.539510 0.070909 0.125341
0 0.910909 0.397820 0.029091 0.040872
0 0.970909 0.607629 0.058182 0.147139
0 0.505455 0.702997 0.103636 0.196185
