0 0.451111 0.287407 0.022222 0.031852
0 0.426111 0.302963 0.027778 0.047407
0 0.347778 0.288148 0.026111 0.049630
0 0.157778 0.311852 0.034444 0.061481
0 0.433889 0.410370 0.071667 0.108148
0 0.217778 0.338519 0.042778 0.069630
0 0.612778 0.288889 0.033889 0.046667
0 0.758889 0.345185 0.047222 0.077778
0 0.858333 0.319259 0.040556 0.070370
0 0.618333 0.451852 0.078889 0.114074
0 0.291111 0.297037 0.031667 0.054074
0 0.788889 0.418519 0.059444 0.091852
0 0.159444 0.485926 0.080000 0.095556
0 0.933889 0.379259 0.056667 0.088148
0 0.631111 0.321481 0.045000 0.060000
0 0.322222 0.371111 0.036667 0.072593
0 0.586667 0.345185 0.052778 0.072593
0 0.090556 0.300741 0.040556 0.058519
0 0.358333 0.339259 0.031667 0.054074
0 0.453333 0.339259 0.034444 0.054815
0 0.043333 0.394074 0.057222 0.091111
0 0.268333 0.511111 0.087222 0.142963
0 0.525556 0.299259 0.025000 0.031111
