0 0.516505 0.202073 0.018447 0.039724
0 0.761165 0.276339 0.029126 0.055268
0 0.669903 0.103627 0.011650 0.025907
0 0.638835 0.101900 0.010680 0.025907
0 0.877670 0.169257 0.017476 0.032815
0 0.922330 0.253886 0.017476 0.041451
0 0.921359 0.212435 0.015534 0.037997
0 0.829126 0.153713 0.015534 0.034542
0 0.277670 0.246978 0.008738 0.027634
0 0.406796 0.221071 0.016505 0.032815
0 0.606796 0.208981 0.020388 0.036269
0 0.856311 0.141623 0.014563 0.027634
0 0.491262 0.193437 0.014563 0.034542
0 0.788350 0.405872 0.032039 0.075993
0 0.642718 0.131261 0.011650 0.025907
0 0.674757 0.328152 0.025243 0.067358
0 0.542718 0.170984 0.015534 0.032815
0 0.586408 0.136442 0.011650 0.029361
0 0.297087 0.262522 0.019417 0.048359
0 0.871845 0.124352 0.009709 0.029361
0 0.731068 0.184801 0.019417 0.050086
0 0.862136 0.253886 0.017476 0.044905
0 0.785437 0.212435 0.016505 0.048359
0 0.531068 0.124352 0.011650 0.027634
0 0.449515 0.184801 0.015534 0.034542
0 0.556311 0.108808 0.011650 0.022453
0 0.680583 0.153713 0.013592 0.031088
0 0.478641 0.186528 0.012621 0.037997
0 0.896117 0.139896 0.013592 0.031088
0 0.387379 0.196891 0.012621 0.032815
0 0.444660 0.227979 0.018447 0.041451
0 0.702913 0.233161 0.023301 0.029361
0 0.396117 0.198618 0.016505 0.036269
0 0.836893 0.117444 0.010680 0.032815
0 0.750485 0.329879 0.033981 0.063903
0 0.563107 0.131261 0.012621 0.031088
0 0.615534 0.100173 0.009709 0.025907
0 0.391262 0.269430 0.018447 0.037997
0 0.417476 0.162349 0.011650 0.024180
0 0.872816 0.208981 0.021359 0.043178
0 0.775728 0.157168 0.015534 0.041451
0 0.580583 0.169257 0.022330 0.034542
0 0.610680 0.132988 0.014563 0.029361
0 0.700971 0.100173 0.009709 0.027634
0 0.611650 0.321244 0.033010 0.065630
0 0.823301 0.136442 0.014563 0.029361
0 0.750485 0.219344 0.019417 0.053541
0 0.658252 0.210708 0.023301 0.039724
0 0.524272 0.165803 0.012621 0.029361
0 0.606796 0.264249 0.019417 0.041451
0 0.839806 0.331606 0.025243 0.062176
0 0.601942 0.153713 0.014563 0.027634
0 0.655340 0.172712 0.018447 0.037997
0 0.530097 0.328152 0.022330 0.046632
0 0.555340 0.250432 0.022330 0.041451
0 0.705825 0.181347 0.015534 0.043178
0 0.363107 0.196891 0.015534 0.029361
0 0.706796 0.265976 0.025243 0.048359
0 0.884466 0.148532 0.011650 0.022453
0 0.593204 0.103627 0.010680 0.024180
0 0.498058 0.162349 0.011650 0.032815
0 0.466019 0.162349 0.016505 0.025907
0 0.919417 0.162349 0.012621 0.034542
0 0.493204 0.295337 0.028155 0.053541
0 0.911650 0.295337 0.028155 0.055268
