0 0.220657 0.724000 0.053991 0.100000
0 0.575117 0.704000 0.042254 0.084000
0 0.532864 0.120000 0.028169 0.052000
0 0.640845 0.248000 0.030516 0.060000
0 0.723005 0.212000 0.028169 0.048000
0 0.166667 0.492000 0.042254 0.064000
0 0.232394 0.200000 0.032864 0.064000
0 0.342723 0.192000 0.030516 0.064000
0 0.361502 0.360000 0.039906 0.064000
0 0.492958 0.500000 0.032864 0.064000
0 0.769953 0.316000 0.037559 0.064000
0 0.316901 0.544000 0.039906 0.068000
0 0.596244 0.400000 0.042254 0.068000
0 0.765258 0.256000 0.032864 0.056000
0 0.593897 0.180000 0.028169 0.052000
0 0.781690 0.400000 0.039906 0.064000
0 0.697183 0.572000 0.042254 0.076000
0 0.727700 0.492000 0.039906 0.076000
0 0.434272 0.216000 0.025822 0.056000
0 0.772300 0.768000 0.063380 0.116000
0 0.065728 0.696000 0.058685 0.076000
