0 0.388785 0.223706 0.013084 0.025042
0 0.752336 0.113523 0.014019 0.030050
0 0.586916 0.298831 0.026168 0.051753
0 0.839252 0.228715 0.015888 0.040067
0 0.394393 0.292154 0.021495 0.043406
0 0.506542 0.195326 0.017757 0.035058
0 0.632710 0.196995 0.017757 0.036728
0 0.834579 0.151920 0.014953 0.035058
0 0.348598 0.262104 0.018692 0.030050
0 0.425234 0.195326 0.016822 0.033389
0 0.552336 0.248748 0.021495 0.050083
0 0.253271 0.267112 0.014019 0.028381
0 0.771963 0.165275 0.014019 0.028381
0 0.617757 0.118531 0.010280 0.020033
0 0.840187 0.330551 0.026168 0.060100
0 0.468224 0.223706 0.018692 0.031720
0 0.480374 0.160267 0.014953 0.031720
0 0.703738 0.223706 0.019626 0.048414
0 0.615888 0.310518 0.026168 0.058431
0 0.388785 0.190317 0.014953 0.036728
0 0.620561 0.146912 0.012150 0.026711
0 0.712150 0.151920 0.011215 0.028381
0 0.852336 0.156928 0.012150 0.033389
0 0.512150 0.298831 0.022430 0.048414
0 0.463551 0.150250 0.010280 0.021703
0 0.608411 0.255426 0.022430 0.046745
0 0.446729 0.230384 0.016822 0.036728
0 0.560748 0.145242 0.013084 0.026711
0 0.885981 0.196995 0.014019 0.035058
0 0.539252 0.176962 0.014019 0.030050
0 0.444860 0.173623 0.011215 0.025042
0 0.910280 0.253756 0.021495 0.053422
0 0.487850 0.193656 0.014019 0.031720
0 0.850467 0.242070 0.018692 0.051753
0 0.599065 0.123539 0.011215 0.023372
0 0.718692 0.278798 0.024299 0.046745
0 0.802804 0.170284 0.014953 0.033389
0 0.358879 0.228715 0.014019 0.035058
0 0.527103 0.202003 0.017757 0.038397
0 0.295327 0.262104 0.014019 0.033389
0 0.917757 0.240401 0.014953 0.051753
0 0.676636 0.272120 0.021495 0.056761
0 0.757944 0.233723 0.020561 0.043406
0 0.728037 0.163606 0.015888 0.035058
0 0.163551 0.479132 0.036449 0.058431
0 0.485981 0.140234 0.013084 0.023372
0 0.594393 0.143573 0.012150 0.028381
0 0.568224 0.121870 0.012150 0.021703
0 0.731776 0.205342 0.017757 0.030050
0 0.313084 0.227045 0.013084 0.033389
0 0.789720 0.161937 0.010280 0.026711
0 0.326168 0.290484 0.014953 0.033389
0 0.310280 0.277129 0.016822 0.033389
0 0.362617 0.280467 0.017757 0.035058
0 0.566355 0.175292 0.014953 0.031720
0 0.765421 0.126878 0.013084 0.026711
0 0.755140 0.141903 0.014019 0.033389
0 0.685047 0.151920 0.012150 0.025042
0 0.891589 0.161937 0.015888 0.038397
0 0.611215 0.130217 0.010280 0.023372
0 0.844860 0.186978 0.012150 0.028381
0 0.675701 0.123539 0.014019 0.025042
0 0.670093 0.218698 0.018692 0.040067
0 0.328037 0.233723 0.015888 0.030050
0 0.768224 0.305509 0.026168 0.060100
0 0.775701 0.207012 0.014019 0.038397
0 0.273832 0.273790 0.016822 0.028381
0 0.640187 0.136895 0.011215 0.030050
