1 0.501953 0.453880 0.032227 0.054173
1 0.362305 0.421669 0.014648 0.032211
1 0.470703 0.417277 0.005859 0.008785
1 0.834961 0.368960 0.151367 0.269400
1 0.060547 0.464129 0.061523 0.092240
1 0.273438 0.475842 0.025391 0.035139
1 0.666016 0.336750 0.100586 0.197657
1 0.534180 0.399707 0.034180 0.060029
1 0.151367 0.471449 0.008789 0.016105
1 0.378906 0.452416 0.018555 0.039531
1 0.490234 0.396779 0.012695 0.026354
1 0.332031 0.448023 0.027344 0.052709
1 0.315430 0.439239 0.007812 0.017570
1 0.503906 0.415813 0.028320 0.040996
