0 0.559070 0.117057 0.013953 0.028428
0 0.861395 0.150502 0.014884 0.030100
0 0.351628 0.219064 0.013953 0.038462
0 0.537674 0.312709 0.026977 0.063545
0 0.302326 0.262542 0.016744 0.045151
0 0.893023 0.128763 0.010233 0.031773
0 0.386977 0.198997 0.017674 0.030100
0 0.367442 0.229097 0.015814 0.035117
0 0.923721 0.157191 0.011163 0.031773
0 0.467907 0.195652 0.015814 0.036789
0 0.472558 0.150502 0.012093 0.026756
0 0.291163 0.259197 0.015814 0.035117
0 0.878140 0.200669 0.015814 0.033445
0 0.505116 0.168896 0.016744 0.028428
0 0.498605 0.190635 0.015814 0.035117
0 0.607442 0.252508 0.022326 0.050167
0 0.814884 0.127090 0.013023 0.025084
0 0.779535 0.123746 0.012093 0.033445
0 0.504186 0.225753 0.020465 0.048495
0 0.412093 0.175585 0.015814 0.030100
0 0.812093 0.167224 0.014884 0.036789
0 0.493023 0.282609 0.026977 0.053512
0 0.893023 0.160535 0.012093 0.028428
0 0.471628 0.172241 0.014884 0.033445
0 0.435349 0.260870 0.019535 0.046823
0 0.569302 0.163880 0.015814 0.038462
0 0.658605 0.252508 0.023256 0.050167
0 0.765581 0.133779 0.013023 0.031773
0 0.862326 0.125418 0.013023 0.031773
0 0.638140 0.103679 0.013023 0.026756
0 0.920930 0.282609 0.019535 0.051839
0 0.588837 0.120401 0.011163 0.025084
0 0.613953 0.108696 0.008372 0.026756
0 0.440000 0.162207 0.012093 0.031773
0 0.584186 0.133779 0.012093 0.030100
0 0.795349 0.132107 0.012093 0.031773
0 0.703256 0.143813 0.011163 0.031773
0 0.367442 0.214047 0.013953 0.026756
0 0.414884 0.225753 0.017674 0.043478
0 0.621395 0.112040 0.012093 0.036789
0 0.565581 0.242475 0.018605 0.048495
0 0.675349 0.115385 0.013023 0.031773
0 0.328372 0.215719 0.013953 0.031773
0 0.595349 0.102007 0.013023 0.028428
0 0.523721 0.212375 0.019535 0.038462
0 0.443721 0.219064 0.014884 0.035117
0 0.727442 0.158863 0.013953 0.036789
0 0.690233 0.177258 0.015814 0.035117
0 0.485581 0.137124 0.010233 0.023411
0 0.886512 0.175585 0.013023 0.036789
0 0.680000 0.331104 0.027907 0.063545
0 0.251163 0.284281 0.018605 0.031773
0 0.629767 0.190635 0.020465 0.050167
0 0.515349 0.137124 0.013953 0.026756
0 0.087442 0.461538 0.047442 0.096990
0 0.376744 0.262542 0.020465 0.041806
0 0.651163 0.227425 0.017674 0.031773
0 0.622326 0.140468 0.014884 0.033445
0 0.454884 0.168896 0.013023 0.036789
0 0.692093 0.143813 0.015814 0.033445
0 0.750698 0.230769 0.019535 0.050167
0 0.849302 0.162207 0.014884 0.035117
0 0.662326 0.168896 0.016744 0.038462
0 0.553488 0.162207 0.014884 0.031773
0 0.872558 0.227425 0.016744 0.038462
0 0.842791 0.188963 0.016744 0.043478
0 0.829767 0.140468 0.013953 0.031773
0 0.930233 0.202341 0.014884 0.038462
0 0.796279 0.175585 0.016744 0.040134
0 0.783256 0.295987 0.023256 0.063545
0 0.915349 0.183946 0.014884 0.036789
0 0.747907 0.112040 0.013953 0.025084
0 0.437209 0.198997 0.013953 0.033445
0 0.450233 0.143813 0.010233 0.025084
0 0.803721 0.235786 0.019535 0.050167
0 0.742326 0.185619 0.016744 0.036789
0 0.752558 0.177258 0.016744 0.036789
0 0.722791 0.314381 0.024186 0.051839
0 0.608372 0.326087 0.026977 0.056856
0 0.744186 0.145485 0.013023 0.026756
0 0.532093 0.140468 0.013953 0.030100
0 0.693953 0.222408 0.023256 0.048495
