0 0.474872 0.216514 0.021538 0.045872
0 0.749744 0.275229 0.035897 0.075229
0 0.625641 0.229358 0.022564 0.047706
0 0.716923 0.203670 0.022564 0.058716
0 0.671795 0.240367 0.023590 0.049541
0 0.830769 0.262385 0.026667 0.058716
0 0.614359 0.203670 0.026667 0.053211
0 0.531282 0.190826 0.020513 0.034862
0 0.667692 0.168807 0.020513 0.049541
0 0.663590 0.212844 0.023590 0.042202
0 0.868718 0.288073 0.025641 0.049541
0 0.941538 0.403670 0.050256 0.100917
0 0.717949 0.302752 0.031795 0.069725
0 0.216410 0.346789 0.053333 0.095413
0 0.434872 0.214679 0.020513 0.049541
