0 0.726000 0.504532 0.042000 0.078550
0 0.272000 0.465257 0.034000 0.051360
0 0.206000 0.507553 0.044000 0.072508
0 0.888000 0.610272 0.102000 0.154079
0 0.386000 0.465257 0.024000 0.051360
0 0.328000 0.471299 0.026000 0.051360
0 0.686000 0.522659 0.042000 0.063444
0 0.404000 0.471299 0.024000 0.039275
0 0.240000 0.486405 0.032000 0.054381
0 0.400000 0.510574 0.036000 0.060423
0 0.096000 0.706949 0.106000 0.141994
0 0.290000 0.519637 0.040000 0.081571
0 0.462000 0.462236 0.036000 0.057402
0 0.040000 0.465257 0.032000 0.066465
0 0.676000 0.477341 0.038000 0.069486
0 0.068000 0.453172 0.030000 0.054381
0 0.616000 0.504532 0.036000 0.072508
0 0.302000 0.809668 0.130000 0.181269
0 0.188000 0.471299 0.040000 0.069486
0 0.046000 0.507553 0.052000 0.060423
0 0.478000 0.492447 0.034000 0.054381
0 0.344000 0.450151 0.028000 0.042296
0 0.156000 0.570997 0.066000 0.087613
0 0.576000 0.510574 0.034000 0.066465
0 0.764000 0.495468 0.038000 0.072508
0 0.508000 0.549849 0.052000 0.084592
0 0.516000 0.474320 0.030000 0.054381
0 0.136000 0.462236 0.036000 0.060423
0 0.880000 0.450151 0.038000 0.075529
0 0.910000 0.474320 0.054000 0.108761
0 0.544000 0.661631 0.076000 0.135952
0 0.884000 0.773414 0.146000 0.241692
0 0.118000 0.522659 0.054000 0.078550
0 0.632000 0.589124 0.058000 0.087613
0 0.344000 0.622356 0.064000 0.111782
0 0.314000 0.492447 0.032000 0.069486
0 0.704000 0.906344 0.148000 0.184290
0 0.072000 0.577039 0.056000 0.078550
