0 0.476821 0.152429 0.014191 0.033501
0 0.710501 0.140704 0.026490 0.043551
0 0.673605 0.120603 0.016083 0.038526
0 0.942289 0.154104 0.017029 0.036851
0 0.705771 0.098827 0.019868 0.040201
0 0.596026 0.100503 0.018921 0.026801
0 0.663198 0.254606 0.028382 0.050251
0 0.381268 0.229481 0.023652 0.035176
0 0.323557 0.241206 0.023652 0.033501
0 0.877956 0.127303 0.017029 0.023451
0 0.871334 0.217755 0.023652 0.043551
0 0.614948 0.155779 0.019868 0.046901
0 0.348155 0.262982 0.020814 0.046901
0 0.755913 0.180905 0.022706 0.046901
0 0.500473 0.152429 0.017975 0.036851
0 0.599811 0.204355 0.019868 0.040201
0 0.825922 0.113903 0.016083 0.035176
0 0.822138 0.165829 0.017975 0.028476
0 0.775781 0.134003 0.018921 0.038526
0 0.513718 0.159129 0.021760 0.036851
0 0.571429 0.165829 0.018921 0.045226
0 0.589404 0.135678 0.021760 0.033501
0 0.931883 0.185930 0.017975 0.041876
0 0.026490 0.390285 0.022706 0.065327
0 0.536424 0.123953 0.021760 0.028476
0 0.616840 0.118928 0.012299 0.026801
0 0.900662 0.170854 0.014191 0.045226
0 0.928098 0.273032 0.024598 0.045226
0 0.740776 0.159129 0.017029 0.040201
0 0.259224 0.264657 0.017975 0.041876
0 0.421949 0.222781 0.020814 0.036851
0 0.465468 0.192630 0.022706 0.036851
0 0.352886 0.221106 0.020814 0.035176
0 0.769158 0.226131 0.030274 0.053601
0 0.908231 0.123953 0.020814 0.045226
0 0.497635 0.289782 0.030274 0.048576
0 0.789972 0.113903 0.016083 0.030151
0 0.693472 0.154104 0.016083 0.031826
0 0.610218 0.326633 0.031220 0.053601
0 0.671712 0.211055 0.028382 0.048576
0 0.741722 0.113903 0.014191 0.030151
0 0.310312 0.283082 0.022706 0.038526
0 0.392621 0.192630 0.017975 0.036851
0 0.628193 0.095477 0.010407 0.030151
0 0.542100 0.162479 0.023652 0.033501
0 0.877956 0.150754 0.016083 0.025126
0 0.808893 0.139028 0.017029 0.030151
0 0.505203 0.199330 0.028382 0.038526
0 0.840114 0.137353 0.016083 0.028476
0 0.645222 0.102178 0.014191 0.035176
0 0.427625 0.159129 0.016083 0.021776
0 0.469253 0.234506 0.020814 0.038526
0 0.714286 0.209380 0.027436 0.055276
0 0.655629 0.113903 0.016083 0.035176
0 0.805109 0.189280 0.017975 0.041876
0 0.714286 0.284757 0.030274 0.058626
0 0.574267 0.237856 0.025544 0.038526
0 0.551561 0.301508 0.031220 0.063652
0 0.853359 0.184255 0.021760 0.041876
0 0.439924 0.190955 0.019868 0.033501
0 0.570482 0.107203 0.015137 0.028476
0 0.285714 0.262982 0.022706 0.045226
0 0.777673 0.170854 0.016083 0.035176
0 0.859035 0.145729 0.013245 0.038526
0 0.707663 0.187605 0.017029 0.036851
0 0.751183 0.135678 0.018921 0.033501
0 0.375591 0.199330 0.017029 0.021776
0 0.752129 0.102178 0.017975 0.031826
0 0.550615 0.202680 0.021760 0.031826
0 0.491958 0.120603 0.011353 0.021776
0 0.456954 0.164154 0.016083 0.035176
0 0.662252 0.172529 0.021760 0.033501
0 0.407758 0.291457 0.027436 0.043551
0 0.782403 0.289782 0.023652 0.058626
0 0.682119 0.335008 0.028382 0.070352
