0 0.646667 0.395000 0.036667 0.053750
0 0.570000 0.345000 0.031667 0.055000
0 0.604167 0.493750 0.037500 0.053750
0 0.315833 0.402500 0.034167 0.068750
0 0.449167 0.426250 0.035833 0.065000
0 0.680000 0.507500 0.036667 0.072500
0 0.606667 0.363750 0.031667 0.062500
0 0.266667 0.437500 0.035000 0.065000
0 0.536667 0.370000 0.029167 0.058750
0 0.690833 0.362500 0.035833 0.063750
0 0.480000 0.338750 0.029167 0.062500
0 0.535833 0.500000 0.035000 0.048750
0 0.341667 0.531250 0.035833 0.061250
0 0.428333 0.383750 0.030000 0.058750
0 0.368333 0.412500 0.034167 0.057500
