0 0.048333 0.511278 0.031667 0.055138
0 0.845000 0.318296 0.095000 0.130326
0 0.236667 0.516291 0.026667 0.042607
0 0.141667 0.513784 0.028333 0.052632
0 0.283333 0.548872 0.040000 0.067669
0 0.283333 0.518797 0.033333 0.052632
0 0.200000 0.531328 0.035000 0.047619
0 0.123333 0.521303 0.035000 0.057644
0 0.640000 0.538847 0.031667 0.067669
0 0.088333 0.523810 0.030000 0.050125
0 0.321667 0.541353 0.035000 0.052632
0 0.450000 0.531328 0.043333 0.065163
0 0.480000 0.523810 0.021667 0.042607
0 0.080000 0.573935 0.065000 0.107769
0 0.076667 0.503759 0.023333 0.040100
0 0.020000 0.551378 0.038333 0.125313
0 0.320000 0.513784 0.025000 0.050125
0 0.366667 0.536341 0.040000 0.065163
0 0.375000 0.506266 0.025000 0.042607
0 0.405000 0.526316 0.026667 0.047619
0 0.543333 0.538847 0.026667 0.057644
0 0.590000 0.528822 0.033333 0.062657
0 0.426667 0.508772 0.023333 0.047619
0 0.196667 0.503759 0.021667 0.035088
0 0.525000 0.511278 0.025000 0.052632
