0 0.807471 0.384486 0.032567 0.084317
0 0.236590 0.381113 0.050766 0.092749
0 0.536398 0.192243 0.023946 0.038786
0 0.621648 0.198988 0.022989 0.050590
0 0.708812 0.198988 0.018199 0.042159
0 0.923372 0.387858 0.031609 0.077572
0 0.745211 0.205734 0.022031 0.047218
0 0.735632 0.365936 0.031609 0.079258
0 0.593870 0.158516 0.017241 0.037099
0 0.771073 0.241147 0.025862 0.052277
0 0.660920 0.185497 0.018199 0.032040
0 0.669540 0.246206 0.024904 0.050590
0 0.741379 0.274874 0.026820 0.057336
0 0.824713 0.236088 0.022989 0.047218
0 0.671456 0.204047 0.020115 0.047218
