0 0.395127 0.172608 0.013771 0.028143
0 0.271186 0.227017 0.018008 0.039400
0 0.555085 0.142589 0.012712 0.030019
0 0.506356 0.133208 0.012712 0.028143
0 0.633475 0.262664 0.033898 0.063790
0 0.686441 0.268293 0.024364 0.048780
0 0.457627 0.223265 0.021186 0.048780
0 0.569915 0.138837 0.012712 0.026266
0 0.720339 0.198874 0.021186 0.045028
0 0.690678 0.108818 0.011653 0.024390
0 0.518008 0.196998 0.020127 0.031895
0 0.675847 0.185741 0.019068 0.037523
0 0.869703 0.198874 0.019068 0.041276
0 0.318856 0.255159 0.018008 0.041276
0 0.481992 0.159475 0.015890 0.030019
0 0.837924 0.174484 0.015890 0.035647
0 0.765890 0.142589 0.012712 0.022514
0 0.950212 0.212008 0.012712 0.026266
0 0.544492 0.191370 0.021186 0.041276
0 0.814619 0.153846 0.013771 0.031895
0 0.828390 0.140713 0.012712 0.030019
0 0.441737 0.170732 0.016949 0.033771
0 0.638771 0.198874 0.022246 0.048780
0 0.917373 0.168856 0.013771 0.024390
0 0.632415 0.116323 0.013771 0.026266
0 0.408898 0.270169 0.023305 0.045028
0 0.511653 0.142589 0.014831 0.030019
0 0.369703 0.193246 0.016949 0.039400
0 0.942797 0.277674 0.021186 0.054409
0 0.486229 0.213884 0.028602 0.052533
0 0.772246 0.253283 0.021186 0.048780
0 0.375000 0.249531 0.021186 0.043152
0 0.719280 0.118199 0.014831 0.028143
0 0.582627 0.247655 0.024364 0.058161
0 0.429025 0.217636 0.018008 0.039400
0 0.661017 0.150094 0.016949 0.030019
0 0.859110 0.144465 0.012712 0.028143
0 0.626059 0.131332 0.010593 0.024390
0 0.897246 0.230769 0.018008 0.035647
0 0.919492 0.260788 0.020127 0.043152
0 0.773305 0.204503 0.018008 0.043152
0 0.641949 0.151970 0.018008 0.030019
0 0.448093 0.144465 0.013771 0.024390
0 0.409958 0.166979 0.013771 0.028143
0 0.947034 0.234522 0.020127 0.035647
0 0.862288 0.290807 0.022246 0.061914
0 0.582627 0.181989 0.020127 0.043152
0 0.918432 0.330206 0.027542 0.065666
0 0.795551 0.227017 0.021186 0.046904
0 0.759534 0.178236 0.012712 0.030019
0 0.849576 0.330206 0.027542 0.060038
0 0.789195 0.146341 0.012712 0.030019
0 0.609110 0.101313 0.011653 0.022514
0 0.743644 0.151970 0.016949 0.037523
0 0.695975 0.123827 0.015890 0.030019
0 0.556144 0.121951 0.011653 0.022514
0 0.799788 0.131332 0.013771 0.028143
0 0.354873 0.200750 0.019068 0.039400
0 0.797669 0.296435 0.029661 0.067542
0 0.601695 0.125704 0.013771 0.031895
0 0.556144 0.307692 0.032839 0.061914
0 0.674788 0.227017 0.024364 0.043152
0 0.847458 0.202627 0.019068 0.039400
0 0.850636 0.157598 0.015890 0.033771
0 0.704449 0.172608 0.018008 0.035647
0 0.209746 0.341463 0.042373 0.088180
0 0.746822 0.187617 0.015890 0.037523
0 0.843220 0.238274 0.020127 0.043152
0 0.666314 0.116323 0.015890 0.037523
0 0.480932 0.135084 0.015890 0.028143
0 0.519068 0.172608 0.015890 0.030019
0 0.949153 0.168856 0.016949 0.031895
0 0.743644 0.270169 0.027542 0.069418
0 0.612288 0.120075 0.012712 0.031895
0 0.889831 0.163227 0.016949 0.033771
0 0.591102 0.125704 0.015890 0.037523
