0 0.621053 0.196262 0.023158 0.046729
0 0.408421 0.395639 0.056842 0.093458
0 0.686316 0.299065 0.040000 0.074766
0 0.827368 0.364486 0.042105 0.093458
0 0.258947 0.283489 0.046316 0.071651
0 0.389474 0.246106 0.029474 0.052960
0 0.566316 0.448598 0.075789 0.124611
0 0.141053 0.261682 0.037895 0.056075
0 0.334737 0.214953 0.025263 0.043614
0 0.934737 0.323988 0.050526 0.093458
0 0.307368 0.538941 0.094737 0.171340
0 0.157895 0.274143 0.035789 0.059190
0 0.709474 0.208723 0.025263 0.046729
0 0.134737 0.358255 0.063158 0.096573
0 0.966316 0.236760 0.037895 0.062305
0 0.797895 0.249221 0.025263 0.056075
0 0.229474 0.414330 0.073684 0.109034
0 0.090526 0.299065 0.054737 0.090343
0 0.454737 0.258567 0.035789 0.062305
0 0.052632 0.242991 0.040000 0.056075
