0 0.628972 0.103960 0.008411 0.019802
0 0.568224 0.171617 0.017757 0.036304
0 0.614019 0.122112 0.013084 0.023102
0 0.588785 0.136964 0.011215 0.024752
0 0.868224 0.158416 0.012150 0.028053
0 0.869159 0.221122 0.016822 0.037954
0 0.351402 0.275578 0.021495 0.044554
0 0.736449 0.161716 0.014019 0.031353
0 0.894393 0.178218 0.012150 0.033003
0 0.421495 0.227723 0.018692 0.039604
0 0.771028 0.138614 0.013084 0.026403
0 0.379439 0.227723 0.017757 0.031353
0 0.704673 0.103960 0.012150 0.031353
0 0.566355 0.138614 0.013084 0.023102
0 0.380374 0.214521 0.014019 0.026403
0 0.389720 0.199670 0.014019 0.029703
0 0.750467 0.115512 0.011215 0.023102
0 0.689720 0.158416 0.014953 0.041254
0 0.469159 0.234323 0.019626 0.039604
0 0.573832 0.247525 0.020561 0.041254
0 0.613084 0.257426 0.025234 0.049505
0 0.325234 0.250825 0.017757 0.041254
0 0.511215 0.166667 0.014019 0.028053
0 0.289720 0.270627 0.020561 0.036304
0 0.505607 0.201320 0.016822 0.034653
0 0.665421 0.216172 0.019626 0.047855
0 0.603738 0.209571 0.020561 0.041254
0 0.772897 0.173267 0.015888 0.034653
0 0.643925 0.108911 0.011215 0.026403
0 0.314953 0.234323 0.014019 0.031353
0 0.882243 0.199670 0.015888 0.036304
0 0.922430 0.278878 0.020561 0.047855
0 0.611215 0.330033 0.033645 0.057756
0 0.458879 0.176568 0.014953 0.029703
0 0.571963 0.117162 0.010280 0.023102
0 0.593458 0.110561 0.010280 0.023102
0 0.654206 0.117162 0.012150 0.028053
0 0.937383 0.163366 0.013084 0.033003
0 0.491589 0.135314 0.011215 0.024752
0 0.855140 0.156766 0.013084 0.034653
0 0.313084 0.287129 0.019626 0.039604
0 0.541121 0.168317 0.014019 0.028053
0 0.550467 0.303630 0.024299 0.054455
0 0.801869 0.196370 0.014953 0.029703
0 0.682243 0.343234 0.029907 0.066007
0 0.455140 0.222772 0.016822 0.036304
0 0.433645 0.183168 0.015888 0.028053
0 0.705607 0.184818 0.018692 0.037954
0 0.781308 0.290429 0.023364 0.052805
0 0.483178 0.171617 0.014019 0.029703
0 0.830841 0.143564 0.013084 0.033003
0 0.712150 0.290429 0.027103 0.054455
0 0.591589 0.156766 0.013084 0.026403
0 0.849533 0.189769 0.014953 0.039604
0 0.786916 0.120462 0.011215 0.024752
0 0.614953 0.141914 0.012150 0.023102
0 0.712150 0.221122 0.020561 0.051155
0 0.925234 0.184818 0.015888 0.036304
0 0.742056 0.123762 0.014019 0.033003
0 0.466355 0.202970 0.015888 0.033003
0 0.823364 0.128713 0.011215 0.026403
0 0.817757 0.173267 0.013084 0.034653
0 0.476636 0.155116 0.013084 0.023102
0 0.614953 0.158416 0.015888 0.031353
0 0.749533 0.145215 0.012150 0.033003
0 0.549533 0.201320 0.018692 0.036304
0 0.672897 0.125413 0.013084 0.028053
0 0.353271 0.231023 0.015888 0.033003
0 0.440187 0.204620 0.017757 0.033003
0 0.533645 0.140264 0.014019 0.028053
0 0.709346 0.145215 0.014019 0.033003
0 0.410280 0.292079 0.022430 0.049505
0 0.760748 0.227723 0.019626 0.047855
0 0.806542 0.146865 0.010280 0.028053
0 0.753271 0.188119 0.016822 0.037954
0 0.658879 0.181518 0.017757 0.037954
0 0.497196 0.295380 0.024299 0.044554
0 0.872897 0.138614 0.012150 0.028053
0 0.557944 0.153465 0.014019 0.031353
0 0.266355 0.264026 0.014953 0.033003
