0 0.722222 0.440000 0.040000 0.060000
0 0.116667 0.730000 0.157778 0.225000
0 0.952222 0.416667 0.043333 0.060000
0 0.180000 0.453333 0.051111 0.098333
0 0.455556 0.466667 0.044444 0.056667
0 0.457778 0.505000 0.058889 0.088333
0 0.437778 0.443333 0.034444 0.058333
0 0.832222 0.421667 0.044444 0.071667
0 0.521111 0.516667 0.078889 0.121667
0 0.131111 0.483333 0.058889 0.103333
0 0.026667 0.538333 0.051111 0.131667
0 0.296667 0.485000 0.048889 0.081667
0 0.281111 0.545000 0.085556 0.125000
0 0.027778 0.491667 0.048889 0.090000
0 0.583333 0.633333 0.122222 0.170000
0 0.060000 0.458333 0.042222 0.073333
0 0.208889 0.445000 0.038889 0.071667
0 0.878889 0.483333 0.060000 0.081667
0 0.328889 0.441667 0.044444 0.075000
0 0.910000 0.448333 0.043333 0.068333
0 0.773333 0.298333 0.034444 0.056667
0 0.261111 0.491667 0.065556 0.088333
0 0.740000 0.856667 0.234444 0.286667
0 0.774444 0.423333 0.045556 0.066667
