0 0.210938 0.519062 0.103516 0.155425
0 0.458984 0.357771 0.041016 0.073314
0 0.671875 0.436950 0.048828 0.090909
0 0.224609 0.357771 0.042969 0.073314
0 0.419922 0.431085 0.056641 0.108504
0 0.416016 0.357771 0.031250 0.055718
0 0.505859 0.348974 0.031250 0.064516
0 0.324219 0.337243 0.042969 0.076246
0 0.140625 0.369501 0.070312 0.096774
0 0.701172 0.607038 0.099609 0.140762
0 0.257812 0.384164 0.052734 0.087977
0 0.109375 0.478006 0.085938 0.117302
0 0.636719 0.360704 0.044922 0.073314
0 0.875000 0.222874 0.060547 0.114370
0 0.560547 0.325513 0.035156 0.070381
0 0.562500 0.219941 0.031250 0.058651
