0 0.671667 0.813609 0.060000 0.109467
0 0.356667 0.686391 0.040000 0.082840
0 0.276667 0.724852 0.050000 0.091716
0 0.841667 0.713018 0.035000 0.053254
0 0.050000 0.754438 0.058333 0.094675
0 0.110000 0.642012 0.048333 0.073964
0 0.055000 0.633136 0.031667 0.050296
0 0.296667 0.653846 0.030000 0.071006
0 0.825000 0.792899 0.053333 0.100592
0 0.555000 0.692308 0.031667 0.056213
0 0.321667 0.656805 0.031667 0.062130
0 0.455000 0.721893 0.040000 0.076923
0 0.751667 0.701183 0.031667 0.071006
0 0.713333 0.766272 0.050000 0.094675
0 0.400000 0.707101 0.050000 0.091716
0 0.318333 0.789941 0.060000 0.094675
0 0.506667 0.695266 0.033333 0.062130
0 0.265000 0.538462 0.030000 0.059172
0 0.165000 0.710059 0.043333 0.068047
0 0.046667 0.683432 0.046667 0.068047
0 0.833333 0.745562 0.043333 0.068047
0 0.158333 0.674556 0.033333 0.056213
0 0.461667 0.656805 0.035000 0.071006
0 0.863333 0.707101 0.031667 0.056213
0 0.186667 0.748521 0.063333 0.097633
0 0.733333 0.698225 0.033333 0.059172
0 0.253333 0.677515 0.036667 0.073964
