0 0.922000 0.567568 0.034000 0.054054
0 0.556000 0.603604 0.046000 0.069069
0 0.688000 0.576577 0.028000 0.042042
0 0.496000 0.570571 0.032000 0.048048
0 0.438000 0.606607 0.040000 0.081081
0 0.058000 0.594595 0.030000 0.057057
0 0.714000 0.558559 0.024000 0.039039
0 0.874000 0.627628 0.050000 0.084084
0 0.146000 0.606607 0.038000 0.060060
0 0.474000 0.468468 0.022000 0.036036
0 0.950000 0.615616 0.052000 0.081081
0 0.896000 0.540541 0.030000 0.048048
0 0.398000 0.540541 0.030000 0.054054
0 0.788000 0.570571 0.032000 0.057057
0 0.862000 0.555556 0.036000 0.051051
0 0.396000 0.585586 0.032000 0.060060
0 0.574000 0.702703 0.086000 0.144144
0 0.476000 0.648649 0.056000 0.084084
0 0.028000 0.672673 0.054000 0.105105
0 0.080000 0.624625 0.048000 0.072072
0 0.626000 0.654655 0.058000 0.090090
0 0.772000 0.816817 0.140000 0.231231
0 0.022000 0.591592 0.040000 0.069069
0 0.166000 0.591592 0.022000 0.048048
0 0.660000 0.558559 0.026000 0.045045
0 0.774000 0.600601 0.048000 0.078078
