0 0.022388 0.347188 0.041045 0.070905
0 0.567164 0.312958 0.052239 0.078240
0 0.498134 0.322738 0.067164 0.088020
0 0.291045 0.386308 0.076493 0.110024
0 0.779851 0.413203 0.104478 0.136919
0 0.671642 0.300733 0.063433 0.097800
0 0.322761 0.601467 0.154851 0.190709
0 0.054104 0.369193 0.042910 0.068460
0 0.962687 0.403423 0.072761 0.163814
0 0.046642 0.425428 0.076493 0.097800
0 0.149254 0.320293 0.041045 0.053790
0 0.251866 0.356968 0.061567 0.088020
0 0.277985 0.464548 0.119403 0.151589
0 0.365672 0.295844 0.046642 0.063570
0 0.449627 0.308068 0.055970 0.070905
0 0.880597 0.312958 0.061567 0.078240
0 0.748134 0.293399 0.042910 0.070905
0 0.781716 0.303178 0.048507 0.073350
0 0.151119 0.364303 0.061567 0.085575
0 0.938433 0.286064 0.046642 0.070905
