0 0.637124 0.692500 0.048495 0.090000
0 0.792642 0.665000 0.036789 0.070000
0 0.028428 0.745000 0.053512 0.107500
0 0.459866 0.690000 0.051839 0.087500
0 0.389632 0.692500 0.053512 0.105000
0 0.667224 0.907500 0.120401 0.175000
0 0.732441 0.752500 0.085284 0.152500
0 0.197324 0.707500 0.056856 0.087500
0 0.918060 0.675000 0.080268 0.122500
0 0.623746 0.467500 0.030100 0.057500
0 0.035117 0.867500 0.068562 0.170000
0 0.148829 0.717500 0.050167 0.087500
0 0.755853 0.640000 0.055184 0.082500
0 0.326087 0.827500 0.105351 0.155000
0 0.200669 0.812500 0.073579 0.132500
0 0.602007 0.700000 0.053512 0.097500
