0 0.912879 0.164452 0.011364 0.028239
0 0.423295 0.152824 0.014205 0.026578
0 0.660985 0.096346 0.008523 0.018272
0 0.914773 0.131229 0.012311 0.024917
0 0.847538 0.209302 0.017045 0.044850
0 0.895833 0.262458 0.018939 0.049834
0 0.883523 0.114618 0.012311 0.024917
0 0.449811 0.159468 0.010417 0.019934
0 0.875000 0.162791 0.014205 0.031561
0 0.581439 0.244186 0.019886 0.034884
0 0.559659 0.174419 0.016098 0.023256
0 0.640152 0.199336 0.019886 0.036545
0 0.825758 0.141196 0.015152 0.038206
0 0.530303 0.205980 0.018939 0.033223
0 0.500947 0.297342 0.021780 0.046512
0 0.384470 0.184385 0.013258 0.026578
0 0.898674 0.202658 0.016098 0.034884
0 0.756629 0.112957 0.013258 0.029900
0 0.125947 0.569767 0.060606 0.117940
0 0.624053 0.094684 0.008523 0.018272
0 0.742424 0.200997 0.017992 0.036545
0 0.707386 0.112957 0.014205 0.028239
0 0.454545 0.182724 0.013258 0.024917
0 0.397727 0.192691 0.011364 0.026578
0 0.606061 0.107973 0.012311 0.019934
0 0.375000 0.237542 0.017045 0.026578
0 0.751894 0.382060 0.027462 0.063123
0 0.639205 0.317276 0.025568 0.049834
0 0.736742 0.167774 0.013258 0.026578
0 0.580492 0.152824 0.012311 0.024917
0 0.500947 0.194352 0.014205 0.034884
0 0.589962 0.101329 0.009470 0.018272
0 0.947917 0.154485 0.011364 0.024917
0 0.750947 0.144518 0.015152 0.036545
0 0.908144 0.413621 0.031250 0.071429
0 0.718750 0.181063 0.016098 0.031561
0 0.476326 0.132890 0.011364 0.019934
0 0.655303 0.132890 0.010417 0.024917
0 0.925189 0.307309 0.024621 0.051495
0 0.776515 0.224252 0.026515 0.031561
0 0.548295 0.323920 0.019886 0.041528
0 0.363636 0.264120 0.012311 0.018272
0 0.515152 0.171096 0.014205 0.024917
0 0.708333 0.147841 0.015152 0.029900
0 0.946970 0.245847 0.020833 0.043189
0 0.566288 0.131229 0.011364 0.024917
0 0.480114 0.151163 0.012311 0.021595
0 0.879735 0.146179 0.011364 0.023256
0 0.378788 0.279070 0.017045 0.033223
0 0.630682 0.245847 0.021780 0.043189
0 0.938447 0.210963 0.016098 0.038206
0 0.821023 0.242525 0.019886 0.036545
0 0.712121 0.242525 0.026515 0.039867
0 0.771780 0.131229 0.014205 0.034884
0 0.513258 0.129568 0.009470 0.021595
0 0.768939 0.255814 0.024621 0.048173
0 0.549242 0.121262 0.014205 0.026578
0 0.530303 0.137874 0.010417 0.023256
0 0.822917 0.410299 0.030303 0.064784
0 0.660985 0.166113 0.015152 0.029900
0 0.482955 0.225914 0.017045 0.033223
0 0.423295 0.177741 0.012311 0.028239
0 0.843750 0.136213 0.010417 0.029900
0 0.675189 0.209302 0.021780 0.034884
0 0.904356 0.167774 0.017045 0.028239
0 0.349432 0.232558 0.016098 0.028239
0 0.295455 0.285714 0.020833 0.033223
0 0.738636 0.254153 0.019886 0.053156
0 0.618371 0.159468 0.012311 0.024917
0 0.628788 0.124585 0.011364 0.024917
0 0.285985 0.249169 0.016098 0.028239
0 0.273674 0.257475 0.013258 0.029900
0 0.595644 0.174419 0.014205 0.028239
0 0.855114 0.294020 0.023674 0.048173
0 0.470644 0.189369 0.013258 0.031561
0 0.559659 0.102990 0.014205 0.024917
0 0.784091 0.184385 0.017992 0.029900
0 0.865530 0.119601 0.012311 0.026578
0 0.660985 0.114618 0.010417 0.014950
0 0.460227 0.234219 0.018939 0.036545
