0 0.621510 0.220370 0.017580 0.033333
0 0.443640 0.151852 0.012410 0.035185
0 0.839710 0.316667 0.026887 0.055556
0 0.780765 0.322222 0.025853 0.061111
0 0.504654 0.142593 0.013444 0.027778
0 0.808687 0.266667 0.022751 0.040741
0 0.629783 0.127778 0.014478 0.037037
0 0.474664 0.181481 0.015512 0.033333
0 0.446743 0.229630 0.020683 0.033333
0 0.491210 0.131481 0.013444 0.029630
0 0.703206 0.157407 0.013444 0.031481
0 0.657704 0.355556 0.023785 0.062963
0 0.504654 0.081481 0.010341 0.025926
0 0.547053 0.162963 0.017580 0.033333
0 0.725957 0.142593 0.013444 0.027778
0 0.661841 0.096296 0.010341 0.025926
0 0.664943 0.168519 0.015512 0.037037
0 0.766287 0.240741 0.019648 0.050000
0 0.710445 0.233333 0.021717 0.038889
0 0.761117 0.379630 0.031024 0.070370
0 0.929679 0.220370 0.014478 0.046296
0 0.394002 0.194444 0.018614 0.033333
0 0.551189 0.188889 0.016546 0.037037
0 0.520165 0.135185 0.010341 0.025926
0 0.744571 0.305556 0.026887 0.051852
0 0.804550 0.144444 0.014478 0.027778
0 0.501551 0.222222 0.017580 0.042593
0 0.821096 0.390741 0.024819 0.070370
0 0.650465 0.125926 0.010341 0.033333
0 0.871768 0.425926 0.039297 0.070370
0 0.570838 0.175926 0.016546 0.024074
0 0.704240 0.101852 0.010341 0.025926
0 0.758014 0.125926 0.014478 0.031481
0 0.473630 0.133333 0.012410 0.025926
0 0.377456 0.183333 0.018614 0.033333
0 0.671148 0.281481 0.022751 0.051852
0 0.579111 0.103704 0.013444 0.024074
0 0.326784 0.188889 0.012410 0.024074
0 0.591520 0.272222 0.024819 0.055556
0 0.331954 0.235185 0.016546 0.040741
0 0.917270 0.281481 0.021717 0.042593
0 0.862461 0.277778 0.017580 0.048148
0 0.791107 0.133333 0.010341 0.029630
0 0.408480 0.159259 0.014478 0.024074
0 0.570838 0.124074 0.014478 0.029630
0 0.433299 0.172222 0.013444 0.025926
0 0.530507 0.185185 0.016546 0.029630
0 0.614271 0.255556 0.019648 0.029630
0 0.716649 0.051852 0.012410 0.027778
0 0.797311 0.216667 0.017580 0.033333
0 0.611169 0.111111 0.013444 0.027778
0 0.749741 0.205556 0.014478 0.033333
0 0.356774 0.231481 0.017580 0.044444
0 0.879007 0.240741 0.015512 0.040741
