0 0.582418 0.337079 0.021978 0.044944
0 0.399529 0.271067 0.011774 0.030899
0 0.833595 0.370787 0.022763 0.053371
0 0.854788 0.316011 0.015699 0.036517
0 0.669545 0.307584 0.018053 0.040730
0 0.606750 0.224719 0.014129 0.032303
0 0.863422 0.283708 0.013344 0.033708
0 0.495290 0.268258 0.013344 0.032303
0 0.422292 0.244382 0.012559 0.030899
0 0.463108 0.272472 0.012559 0.028090
0 0.293564 0.362360 0.021193 0.040730
0 0.284929 0.307584 0.016484 0.039326
0 0.830455 0.273876 0.011774 0.033708
0 0.902669 0.308989 0.013344 0.032303
0 0.560440 0.245787 0.012559 0.029494
0 0.905024 0.283708 0.011774 0.022472
0 0.402669 0.301966 0.017268 0.036517
0 0.401099 0.335674 0.021193 0.039326
0 0.745683 0.286517 0.014129 0.042135
0 0.873626 0.457865 0.025903 0.060393
0 0.791209 0.509831 0.032182 0.066011
0 0.825746 0.280899 0.014129 0.037921
0 0.463893 0.304775 0.014914 0.033708
0 0.748823 0.431180 0.027473 0.068820
0 0.649922 0.223315 0.014129 0.025281
0 0.815542 0.258427 0.014129 0.033708
0 0.711931 0.258427 0.016484 0.039326
0 0.886970 0.310393 0.013344 0.033708
0 0.584772 0.247191 0.013344 0.022472
0 0.616954 0.469101 0.030612 0.074438
0 0.549451 0.223315 0.010989 0.025281
0 0.463893 0.242978 0.011774 0.030899
0 0.685243 0.485955 0.039246 0.080056
0 0.790424 0.313202 0.015699 0.033708
0 0.230769 0.341292 0.016484 0.039326
0 0.614600 0.307584 0.018838 0.036517
0 0.441915 0.341292 0.018838 0.046348
0 0.565149 0.264045 0.014129 0.029494
0 0.581633 0.393258 0.024333 0.049157
0 0.880691 0.328652 0.012559 0.032303
0 0.639717 0.372191 0.022763 0.050562
0 0.753532 0.251404 0.012559 0.028090
0 0.581633 0.439607 0.032182 0.057584
0 0.812402 0.320225 0.014914 0.042135
0 0.620879 0.230337 0.011774 0.032303
0 0.592622 0.210674 0.010989 0.025281
0 0.032967 0.425562 0.025118 0.064607
0 0.532967 0.407303 0.027473 0.046348
0 0.810832 0.338483 0.018838 0.042135
0 0.672684 0.227528 0.014129 0.028090
0 0.820251 0.453652 0.030612 0.051966
0 0.627943 0.349719 0.018053 0.036517
0 0.656201 0.235955 0.013344 0.028090
0 0.454474 0.412921 0.027473 0.057584
0 0.382261 0.264045 0.013344 0.026685
0 0.455259 0.242978 0.008634 0.026685
0 0.625589 0.251404 0.014129 0.030899
0 0.735479 0.266854 0.010989 0.029494
0 0.514914 0.254213 0.012559 0.030899
0 0.520408 0.352528 0.022763 0.040730
0 0.720565 0.245787 0.010204 0.029494
0 0.526688 0.300562 0.016484 0.033708
0 0.703297 0.407303 0.027473 0.051966
0 0.350078 0.294944 0.014129 0.032303
0 0.680534 0.251404 0.014129 0.032303
0 0.668760 0.358146 0.021978 0.044944
0 0.760597 0.254213 0.010989 0.025281
0 0.350863 0.328652 0.016484 0.032303
0 0.734694 0.233146 0.014129 0.028090
0 0.531397 0.251404 0.015699 0.036517
0 0.329670 0.358146 0.020408 0.042135
0 0.854003 0.359551 0.017268 0.042135
0 0.426217 0.310393 0.016484 0.035112
0 0.492936 0.317416 0.019623 0.037921
0 0.506279 0.278090 0.014914 0.033708
0 0.430141 0.271067 0.014129 0.036517
0 0.587912 0.224719 0.010989 0.029494
0 0.560440 0.226124 0.012559 0.022472
0 0.890110 0.352528 0.019623 0.039326
