0 0.044000 0.483766 0.046000 0.090909
0 0.874000 0.487013 0.054000 0.097403
0 0.288000 0.500000 0.044000 0.077922
0 0.798000 0.603896 0.102000 0.159091
0 0.152000 0.529221 0.072000 0.107143
0 0.120000 0.496753 0.050000 0.087662
0 0.032000 0.522727 0.044000 0.107143
0 0.424000 0.373377 0.042000 0.090909
0 0.336000 0.457792 0.050000 0.074675
0 0.738000 0.548701 0.060000 0.126623
0 0.946000 0.512987 0.054000 0.094156
0 0.230000 0.487013 0.040000 0.074675
0 0.872000 0.801948 0.190000 0.318182
0 0.756000 0.477273 0.054000 0.081169
0 0.852000 0.512987 0.050000 0.084416
