0 0.383234 0.237847 0.022954 0.045139
0 0.399202 0.208333 0.015968 0.034722
0 0.837325 0.147569 0.011976 0.031250
0 0.631737 0.210069 0.024950 0.048611
0 0.575848 0.161458 0.013972 0.031250
0 0.901198 0.230903 0.018962 0.039931
0 0.565868 0.184028 0.016966 0.043403
0 0.963074 0.185764 0.013972 0.043403
0 0.926148 0.156250 0.011976 0.039931
0 0.793413 0.137153 0.013972 0.027778
0 0.451098 0.201389 0.019960 0.039931
0 0.556886 0.128472 0.015968 0.024306
0 0.853293 0.222222 0.020958 0.043403
0 0.810379 0.206597 0.017964 0.039931
0 0.880240 0.190972 0.014970 0.038194
0 0.360279 0.223958 0.017964 0.038194
0 0.601796 0.229167 0.025948 0.048611
0 0.800399 0.147569 0.011976 0.026042
0 0.870259 0.230903 0.015968 0.038194
0 0.389222 0.173611 0.016966 0.034722
0 0.744511 0.152778 0.016966 0.031250
0 0.530938 0.178819 0.020958 0.036458
0 0.772455 0.137153 0.013972 0.031250
0 0.517964 0.151042 0.014970 0.029514
0 0.286427 0.223958 0.017964 0.039931
0 0.712575 0.184028 0.016966 0.041667
0 0.676647 0.185764 0.018962 0.036458
0 0.080838 0.277778 0.025948 0.052083
0 0.509980 0.133681 0.012974 0.026042
0 0.766467 0.197917 0.021956 0.041667
0 0.671657 0.123264 0.012974 0.024306
0 0.691617 0.133681 0.012974 0.032986
0 0.543912 0.159722 0.016966 0.036458
0 0.716567 0.118056 0.013972 0.031250
0 0.336327 0.190972 0.017964 0.039931
0 0.648703 0.250000 0.025948 0.053819
0 0.621756 0.126736 0.012974 0.026042
0 0.663673 0.145833 0.012974 0.024306
0 0.613772 0.166667 0.014970 0.036458
0 0.951098 0.208333 0.015968 0.041667
0 0.650699 0.157986 0.014970 0.031250
0 0.506986 0.185764 0.019960 0.036458
0 0.561876 0.140625 0.013972 0.026042
0 0.293413 0.239583 0.017964 0.032986
0 0.849301 0.157986 0.014970 0.034722
0 0.501996 0.154514 0.014970 0.026042
0 0.412176 0.241319 0.025948 0.043403
0 0.828343 0.203125 0.016966 0.038194
0 0.888224 0.164931 0.015968 0.039931
0 0.615768 0.126736 0.009980 0.024306
0 0.665669 0.109375 0.010978 0.019097
0 0.383234 0.201389 0.014970 0.038194
0 0.726547 0.185764 0.015968 0.038194
0 0.708583 0.324653 0.033932 0.078125
0 0.812375 0.142361 0.014970 0.031250
0 0.409182 0.171875 0.011976 0.034722
0 0.760479 0.380208 0.031936 0.067708
0 0.703593 0.126736 0.012974 0.026042
0 0.779441 0.251736 0.026946 0.062500
0 0.691617 0.223958 0.021956 0.050347
0 0.584830 0.142361 0.014970 0.032986
0 0.428144 0.203125 0.015968 0.036458
0 0.633733 0.137153 0.013972 0.032986
0 0.701597 0.260417 0.025948 0.052083
0 0.926148 0.322917 0.030938 0.062500
0 0.839321 0.265625 0.022954 0.059028
0 0.806387 0.298611 0.027944 0.062500
0 0.843313 0.177083 0.014970 0.036458
0 0.957086 0.234375 0.017964 0.041667
0 0.339321 0.227431 0.018962 0.036458
0 0.491018 0.137153 0.011976 0.026042
0 0.493014 0.149306 0.012974 0.026042
0 0.743513 0.243056 0.021956 0.052083
0 0.747505 0.178819 0.018962 0.038194
0 0.915170 0.190972 0.016966 0.031250
0 0.600798 0.138889 0.012974 0.029514
0 0.454092 0.161458 0.018962 0.038194
0 0.910180 0.211806 0.015968 0.041667
0 0.450100 0.246528 0.022954 0.050347
0 0.936128 0.262153 0.022954 0.050347
0 0.648703 0.125000 0.015968 0.034722
0 0.357285 0.196181 0.018962 0.038194
0 0.470060 0.203125 0.020958 0.043403
0 0.432136 0.159722 0.015968 0.029514
0 0.694611 0.111111 0.009980 0.026042
