0 0.518278 0.215797 0.023558 0.046544
0 0.601137 0.090268 0.015435 0.028209
0 0.580016 0.104372 0.022746 0.036671
0 0.535337 0.179126 0.018684 0.032440
0 0.332250 0.152327 0.018684 0.032440
0 0.238830 0.420310 0.044679 0.073343
0 0.378554 0.117066 0.014622 0.035261
0 0.101543 0.341326 0.023558 0.039492
0 0.261576 0.196051 0.022746 0.036671
0 0.212835 0.228491 0.016247 0.036671
0 0.111292 0.299013 0.024370 0.040903
0 0.547522 0.203103 0.022746 0.039492
0 0.454915 0.100141 0.016247 0.035261
0 0.163282 0.304654 0.020309 0.042313
