0 0.883333 0.215556 0.020000 0.031111
0 0.560000 0.151111 0.010000 0.017778
0 0.528333 0.788889 0.131667 0.242222
0 0.300000 0.195556 0.030000 0.046667
0 0.335000 0.480000 0.093333 0.117778
0 0.595000 0.171111 0.020000 0.020000
0 0.445000 0.253333 0.045000 0.075556
0 0.955000 0.384444 0.090000 0.155556
0 0.880000 0.195556 0.018333 0.028889
0 0.220000 0.237778 0.038333 0.048889
0 0.660000 0.182222 0.018333 0.028889
0 0.258333 0.348889 0.065000 0.088889
0 0.445000 0.668889 0.133333 0.200000
0 0.396667 0.251111 0.031667 0.064444
0 0.080000 0.171111 0.040000 0.057778
0 0.708333 0.395556 0.078333 0.093333
0 0.273333 0.220000 0.021667 0.035556
0 0.461667 0.140000 0.016667 0.020000
0 0.795000 0.204444 0.023333 0.022222
0 0.626667 0.173333 0.015000 0.024444
0 0.331667 0.204444 0.033333 0.048889
0 0.563333 0.171111 0.015000 0.020000
0 0.728333 0.177778 0.016667 0.017778
0 0.475000 0.266667 0.041667 0.073333
0 0.148333 0.277778 0.046667 0.060000
0 0.360000 0.128889 0.015000 0.020000
0 0.813333 0.200000 0.021667 0.026667
0 0.846667 0.195556 0.018333 0.031111
0 0.921667 0.177778 0.025000 0.042222
0 0.196667 0.300000 0.040000 0.062222
0 0.315000 0.400000 0.083333 0.113333
0 0.831667 0.182222 0.018333 0.024444
0 0.521667 0.271111 0.053333 0.084444
0 0.773333 0.204444 0.018333 0.024444
0 0.240000 0.177778 0.025000 0.031111
0 0.548333 0.131111 0.013333 0.026667
0 0.588333 0.126667 0.020000 0.028889
0 0.418333 0.253333 0.031667 0.064444
0 0.658333 0.277778 0.066667 0.108889
0 0.935000 0.206667 0.021667 0.033333
0 0.225000 0.306667 0.041667 0.064444
0 0.356667 0.242222 0.043333 0.068889
0 0.528333 0.160000 0.011667 0.013333
0 0.691667 0.168889 0.018333 0.022222
0 0.541667 0.300000 0.055000 0.095556
