0 0.625767 0.211111 0.036810 0.053704
0 0.817178 0.572222 0.146012 0.233333
0 0.225767 0.370370 0.111656 0.153704
0 0.742331 0.374074 0.093252 0.131481
0 0.554601 0.275926 0.050307 0.079630
0 0.495706 0.203704 0.019632 0.048148
0 0.619632 0.287037 0.044172 0.068519
0 0.431902 0.222222 0.026994 0.035185
0 0.435583 0.201852 0.018405 0.037037
0 0.896933 0.285185 0.058896 0.081481
0 0.678528 0.742593 0.198773 0.353704
0 0.512883 0.205556 0.028221 0.044444
0 0.365644 0.144444 0.038037 0.057407
0 0.582822 0.196296 0.029448 0.055556
0 0.424540 0.331481 0.062577 0.096296
