0 0.428728 0.545504 0.014254 0.026864
0 0.903143 0.575658 0.029788 0.048794
0 0.383041 0.546601 0.021199 0.032072
0 0.598684 0.522478 0.013158 0.025768
0 0.820541 0.531798 0.011879 0.022752
0 0.948830 0.546327 0.015899 0.031524
0 0.949013 0.525219 0.010965 0.022478
0 0.730080 0.571546 0.023575 0.044956
0 0.907712 0.531524 0.016082 0.026316
0 0.368787 0.598958 0.022295 0.042489
0 0.617873 0.572643 0.025219 0.042489
0 0.664108 0.593750 0.031067 0.052632
0 0.064510 0.568531 0.024671 0.033717
0 0.316338 0.534814 0.012975 0.025219
0 0.576937 0.580866 0.027595 0.042215
0 0.831140 0.538925 0.017544 0.034539
0 0.938962 0.523575 0.016996 0.028235
0 0.502558 0.623904 0.046601 0.072094
0 0.764254 0.533717 0.018275 0.035362
0 0.871162 0.570724 0.021016 0.042215
0 0.727339 0.525493 0.017361 0.029879
0 0.676352 0.536732 0.022478 0.032072
0 0.794956 0.519189 0.011330 0.022752
0 0.695724 0.579770 0.037829 0.062500
0 0.144006 0.542489 0.020285 0.032072
0 0.632675 0.634868 0.045687 0.081140
0 0.463085 0.533443 0.016082 0.025768
0 0.294956 0.643914 0.044042 0.064419
0 0.522661 0.572368 0.026499 0.043586
0 0.825841 0.622807 0.044042 0.081414
0 0.708699 0.515077 0.013523 0.021107
0 0.383406 0.593750 0.037281 0.054825
0 0.122076 0.582785 0.026499 0.041941
0 0.745431 0.540570 0.017361 0.028783
0 0.983004 0.548520 0.018275 0.032895
0 0.562865 0.518366 0.010051 0.022478
0 0.682383 0.513706 0.014620 0.021107
0 0.860380 0.537007 0.015351 0.026590
0 0.779605 0.558114 0.022113 0.042215
0 0.846126 0.530702 0.014072 0.027412
0 0.330227 0.531524 0.013341 0.022204
0 0.614035 0.518640 0.012244 0.023026
0 0.652778 0.564419 0.025219 0.042489
0 0.630300 0.542763 0.021016 0.036458
0 0.347222 0.556195 0.017544 0.034539
0 0.396747 0.537829 0.014803 0.028235
0 0.663560 0.518640 0.013706 0.018640
0 0.576572 0.531798 0.013341 0.026316
0 0.233187 0.559759 0.025402 0.038377
0 0.202303 0.553728 0.019920 0.030702
0 0.542032 0.543586 0.016996 0.027961
0 0.113670 0.566338 0.026316 0.043860
0 0.225512 0.538377 0.017178 0.030428
0 0.932566 0.568257 0.024488 0.046327
0 0.165205 0.547971 0.020651 0.031524
0 0.774488 0.526316 0.016265 0.027412
0 0.716740 0.673246 0.055373 0.089638
0 0.650768 0.484375 0.010782 0.017270
0 0.597039 0.540844 0.011879 0.026864
0 0.431652 0.527138 0.012244 0.017270
0 0.813962 0.520559 0.010599 0.020559
0 0.849050 0.520285 0.011148 0.019737
0 0.507493 0.491502 0.022113 0.035910
0 0.442251 0.531798 0.011879 0.018366
0 0.288743 0.546601 0.017361 0.028783
0 0.972222 0.530702 0.016630 0.021930
0 0.549342 0.513980 0.011330 0.021382
0 0.431835 0.599781 0.035270 0.055373
0 0.799890 0.578125 0.031433 0.051261
0 0.319993 0.554825 0.020102 0.032072
0 0.260599 0.567160 0.023392 0.043860
0 0.640168 0.516721 0.012244 0.021930
0 0.657712 0.526864 0.014254 0.026590
0 0.746162 0.515625 0.012061 0.020011
0 0.424525 0.689967 0.069444 0.093750
0 0.355811 0.534265 0.016265 0.025219
0 0.444993 0.551261 0.021382 0.035362
0 0.497442 0.793860 0.095029 0.144189
0 0.630300 0.476425 0.010234 0.013980
