0 0.680937 0.335753 0.023425 0.056261
0 0.594507 0.134301 0.015347 0.038113
0 0.075121 0.500907 0.024233 0.072595
0 0.219709 0.145191 0.012116 0.034483
0 0.159128 0.156080 0.014540 0.034483
0 0.470113 0.170599 0.012924 0.030853
0 0.466074 0.279492 0.017771 0.054446
0 0.462036 0.130672 0.015347 0.036298
0 0.481422 0.076225 0.012924 0.027223
0 0.046042 0.219601 0.015347 0.036298
0 0.777060 0.208711 0.014540 0.038113
0 0.432956 0.090744 0.012116 0.036298
0 0.219709 0.451906 0.030695 0.074410
0 0.128433 0.617060 0.030695 0.087114
0 0.043619 0.250454 0.016155 0.041742
0 0.415994 0.172414 0.014540 0.036298
0 0.243134 0.303085 0.016963 0.058076
0 0.229402 0.344828 0.021809 0.056261
0 0.655897 0.154265 0.013732 0.034483
0 0.542003 0.078040 0.012116 0.029038
0 0.856220 0.283122 0.015347 0.047187
0 0.060582 0.411978 0.022617 0.059891
0 0.252827 0.132486 0.011309 0.034483
0 0.929725 0.377495 0.018578 0.043557
0 0.553312 0.163339 0.013732 0.030853
0 0.815832 0.241379 0.015347 0.039927
0 0.498384 0.174229 0.015347 0.038113
0 0.787561 0.382940 0.025040 0.059891
0 0.383683 0.174229 0.016155 0.041742
0 0.575121 0.206897 0.019386 0.043557
0 0.483037 0.119782 0.012924 0.034483
0 0.403069 0.099819 0.012924 0.039927
0 0.188207 0.205082 0.013732 0.038113
0 0.618740 0.108893 0.012116 0.032668
0 0.170436 0.179673 0.015347 0.041742
0 0.213247 0.127042 0.012116 0.030853
0 0.874798 0.297641 0.016155 0.047187
0 0.612278 0.239564 0.016963 0.038113
0 0.476575 0.219601 0.019386 0.050817
0 0.303716 0.226860 0.015347 0.043557
0 0.344911 0.219601 0.017771 0.041742
0 0.363489 0.088929 0.013732 0.034483
0 0.291599 0.212341 0.017771 0.047187
0 0.559774 0.312160 0.023425 0.059891
0 0.510501 0.107078 0.012116 0.027223
0 0.704362 0.219601 0.017771 0.041742
0 0.177706 0.275862 0.016155 0.049002
0 0.292407 0.166969 0.016155 0.038113
0 0.581583 0.099819 0.012924 0.036298
