1 0.147500 0.953750 0.060833 0.088750
1 0.498333 0.405000 0.022500 0.038750
1 0.472500 0.378750 0.021667 0.035000
1 0.225833 0.315000 0.018333 0.027500
1 0.162500 0.302500 0.014167 0.026250
1 0.186667 0.291250 0.020833 0.030000
1 0.550833 0.421250 0.023333 0.041250
1 0.676667 0.467500 0.026667 0.053750
1 0.494167 0.506250 0.030833 0.050000
1 0.177500 0.781250 0.036667 0.067500
1 0.079167 0.521250 0.034167 0.057500
1 0.938333 0.458750 0.025833 0.040000
1 0.170000 0.248750 0.019167 0.030000
1 0.715000 0.876250 0.034167 0.070000
1 0.286667 0.801250 0.043333 0.058750
1 0.401667 0.805000 0.033333 0.061250
1 0.624167 0.445000 0.030000 0.052500
1 0.660000 0.460000 0.025000 0.055000
1 0.756667 0.638750 0.029167 0.043750
1 0.839167 0.646250 0.022500 0.036250
0 0.225000 0.501250 0.029167 0.032500
1 0.845833 0.430000 0.027500 0.051250
0 0.420000 0.485000 0.031667 0.050000
