0 0.461624 0.168651 0.014461 0.033730
0 0.570634 0.136905 0.013348 0.031746
0 0.482759 0.144841 0.010011 0.021825
0 0.443826 0.144841 0.011123 0.023810
0 0.824249 0.202381 0.014461 0.035714
0 0.705228 0.125000 0.008899 0.021825
0 0.369299 0.196429 0.015573 0.031746
0 0.661846 0.117063 0.010011 0.021825
0 0.798665 0.144841 0.011123 0.029762
0 0.886541 0.158730 0.015573 0.031746
0 0.621802 0.156746 0.011123 0.021825
0 0.497219 0.132937 0.012236 0.025794
0 0.937709 0.234127 0.016685 0.037698
0 0.709677 0.234127 0.022247 0.053571
0 0.787542 0.180556 0.014461 0.033730
0 0.939933 0.174603 0.014461 0.027778
0 0.546162 0.190476 0.016685 0.031746
0 0.808676 0.164683 0.015573 0.027778
0 0.632925 0.204365 0.017798 0.051587
0 0.580645 0.126984 0.013348 0.031746
0 0.937709 0.206349 0.012236 0.023810
0 0.723026 0.150794 0.015573 0.031746
0 0.472747 0.212302 0.020022 0.043651
0 0.586207 0.244048 0.023359 0.047619
0 0.440489 0.158730 0.013348 0.027778
0 0.527253 0.132937 0.011123 0.027778
0 0.500556 0.164683 0.016685 0.031746
0 0.430478 0.172619 0.015573 0.033730
0 0.414905 0.176587 0.016685 0.033730
0 0.620690 0.113095 0.012236 0.023810
0 0.855395 0.154762 0.013348 0.033730
0 0.250278 0.267857 0.024472 0.051587
0 0.880979 0.277778 0.022247 0.039683
0 0.760845 0.142857 0.011123 0.029762
0 0.619577 0.178571 0.015573 0.029762
0 0.399333 0.174603 0.015573 0.029762
0 0.559511 0.160714 0.016685 0.031746
0 0.696329 0.176587 0.016685 0.037698
0 0.855395 0.212302 0.016685 0.035714
0 0.600667 0.146825 0.015573 0.027778
0 0.499444 0.194444 0.016685 0.033730
0 0.474972 0.164683 0.012236 0.033730
0 0.677419 0.121032 0.012236 0.023810
0 0.926585 0.265873 0.017798 0.051587
0 0.520578 0.172619 0.014461 0.033730
0 0.666296 0.228175 0.024472 0.051587
0 0.535039 0.220238 0.020022 0.041667
0 0.464961 0.142857 0.013348 0.025794
0 0.799778 0.208333 0.015573 0.037698
0 0.829811 0.174603 0.012236 0.029762
0 0.908788 0.178571 0.011123 0.029762
0 0.769744 0.178571 0.015573 0.033730
0 0.824249 0.138889 0.013348 0.029762
0 0.655172 0.138889 0.014461 0.027778
0 0.897664 0.244048 0.018910 0.049603
0 0.537264 0.148810 0.013348 0.029762
0 0.325918 0.208333 0.021135 0.039683
0 0.658509 0.196429 0.020022 0.035714
