0 0.653386 0.168901 0.031873 0.045576
0 0.097610 0.278820 0.079681 0.104558
0 0.211155 0.168901 0.057769 0.077748
0 0.621514 0.139410 0.029880 0.042895
0 0.768924 0.431635 0.127490 0.201072
0 0.366534 0.227882 0.057769 0.085791
0 0.766932 0.158177 0.027888 0.050938
0 0.918327 0.254692 0.073705 0.099196
0 0.077689 0.176944 0.049801 0.058981
0 0.758964 0.198391 0.039841 0.064343
0 0.083665 0.423592 0.149402 0.193029
0 0.169323 0.174263 0.039841 0.067024
0 0.796813 0.174263 0.035857 0.058981
0 0.478088 0.160858 0.025896 0.045576
0 0.709163 0.573727 0.219124 0.319035
0 0.828685 0.297587 0.087649 0.134048
0 0.370518 0.096515 0.043825 0.072386
0 0.573705 0.158177 0.023904 0.048257
0 0.938247 0.195710 0.043825 0.075067
0 0.631474 0.227882 0.051793 0.064343
0 0.555777 0.227882 0.061753 0.080429
0 0.322709 0.147453 0.047809 0.061662
0 0.450199 0.147453 0.031873 0.050938
0 0.496016 0.144772 0.023904 0.037534
0 0.446215 0.203753 0.039841 0.075067
0 0.966135 0.214477 0.053785 0.069705
0 0.531873 0.163539 0.027888 0.048257
0 0.300797 0.187668 0.041833 0.064343
0 0.715139 0.158177 0.031873 0.048257
