0 0.621875 0.526563 0.032292 0.051562
0 0.695833 0.692187 0.038542 0.075000
0 0.244792 0.584375 0.034375 0.065625
0 0.531250 0.540625 0.037500 0.070312
0 0.602083 0.706250 0.041667 0.070312
0 0.523958 0.712500 0.040625 0.085938
0 0.183333 0.735938 0.045833 0.075000
0 0.333333 0.646875 0.040625 0.075000
0 0.141667 0.609375 0.036458 0.067187
0 0.286458 0.709375 0.042708 0.068750
0 0.481250 0.545312 0.035417 0.067187
0 0.958333 0.550000 0.042708 0.075000
0 0.366667 0.570312 0.031250 0.062500
0 0.211458 0.612500 0.040625 0.071875
0 0.742708 0.543750 0.035417 0.065625
0 0.402083 0.584375 0.036458 0.070312
0 0.918750 0.582812 0.033333 0.064062
0 0.337500 0.565625 0.033333 0.067187
0 0.461458 0.579688 0.034375 0.065625
0 0.848958 0.543750 0.039583 0.060937
0 0.075000 0.612500 0.041667 0.071875
0 0.561458 0.598437 0.035417 0.071875
0 0.598958 0.551562 0.035417 0.065625
0 0.432292 0.551562 0.033333 0.065625
0 0.863542 0.701562 0.047917 0.081250
0 0.287500 0.598437 0.034375 0.065625
0 0.803125 0.528125 0.042708 0.064062
0 0.702083 0.587500 0.037500 0.068750
0 0.635417 0.578125 0.038542 0.068750
0 0.394792 0.709375 0.039583 0.068750
