0 0.480000 0.268333 0.007778 0.021667
0 0.177778 0.243333 0.022222 0.041667
0 0.196667 0.248333 0.027778 0.040000
0 0.230000 0.263333 0.030000 0.041667
0 0.154444 0.238333 0.031111 0.048333
0 0.066667 0.245000 0.028889 0.058333
0 0.020000 0.301667 0.037778 0.088333
0 0.538889 0.280000 0.016667 0.023333
0 0.097778 0.316667 0.066667 0.080000
0 0.285556 0.276667 0.022222 0.035000
0 0.228889 0.370000 0.068889 0.116667
0 0.046667 0.236667 0.028889 0.050000
0 0.068889 0.215000 0.027778 0.038333
0 0.293333 0.260000 0.014444 0.028333
0 0.263333 0.293333 0.028889 0.051667
0 0.321111 0.250000 0.018889 0.033333
0 0.428889 0.273333 0.013333 0.028333
0 0.493333 0.281667 0.013333 0.025000
0 0.341111 0.310000 0.031111 0.045000
0 0.256667 0.245000 0.021111 0.036667
0 0.131111 0.245000 0.023333 0.035000
0 0.335556 0.260000 0.016667 0.026667
0 0.103333 0.275000 0.035556 0.060000
0 0.467778 0.281667 0.015556 0.033333
0 0.142222 0.273333 0.033333 0.055000
0 0.286667 0.243333 0.013333 0.025000
0 0.025556 0.256667 0.037778 0.060000
0 0.356667 0.288333 0.021111 0.043333
0 0.505556 0.283333 0.014444 0.031667
0 0.441111 0.273333 0.011111 0.025000
0 0.424444 0.328333 0.017778 0.033333
0 0.501111 0.320000 0.031111 0.055000
0 0.271111 0.241667 0.014444 0.030000
0 0.542222 0.325000 0.028889 0.046667
0 0.318889 0.350000 0.058889 0.105000
0 0.456667 0.283333 0.020000 0.036667
0 0.371111 0.255000 0.014444 0.025000
0 0.668889 0.236667 0.021111 0.040000
0 0.398889 0.271667 0.017778 0.030000
0 0.384444 0.263333 0.015556 0.033333
0 0.524444 0.295000 0.022222 0.043333
0 0.413333 0.296667 0.026667 0.056667
0 0.385556 0.298333 0.022222 0.038333
0 0.081111 0.396667 0.120000 0.161667
