0 0.816667 0.677778 0.081667 0.113333
0 0.151667 0.508889 0.048333 0.066667
0 0.061667 0.708889 0.085000 0.088889
0 0.513333 0.502222 0.036667 0.071111
0 0.568333 0.386667 0.058333 0.055556
0 0.451667 0.620000 0.058333 0.073333
0 0.953333 0.448889 0.065000 0.082222
0 0.676667 0.528889 0.043333 0.071111
0 0.080000 0.935556 0.100000 0.117778
0 0.301667 0.195556 0.055000 0.062222
0 0.801667 0.593333 0.068333 0.080000
0 0.411667 0.708889 0.071667 0.100000
0 0.618333 0.795556 0.091667 0.142222
0 0.968333 0.182222 0.063333 0.093333
0 0.385000 0.473333 0.046667 0.068889
0 0.641667 0.406667 0.046667 0.062222
0 0.040000 0.826667 0.076667 0.133333
0 0.960000 0.911111 0.078333 0.160000
0 0.611667 0.677778 0.073333 0.086667
0 0.650000 0.553333 0.041667 0.066667
0 0.920000 0.660000 0.065000 0.084444
0 0.285000 0.480000 0.045000 0.064444
0 0.855000 0.408889 0.051667 0.075556
0 0.596667 0.591111 0.055000 0.082222
0 0.405000 0.193333 0.046667 0.066667
0 0.250000 0.784444 0.095000 0.115556
0 0.116667 0.537778 0.053333 0.077778
0 0.451667 0.555556 0.046667 0.068889
0 0.233333 0.580000 0.063333 0.075556
0 0.063333 0.222222 0.043333 0.051111
0 0.723333 0.415556 0.050000 0.060000
0 0.230000 0.506667 0.050000 0.057778
