0 0.571313 0.246879 0.014504 0.027739
0 0.605157 0.198336 0.015310 0.029126
0 0.898469 0.486824 0.030620 0.061026
0 0.465753 0.317614 0.022562 0.034674
0 0.531829 0.423024 0.029815 0.058252
0 0.680902 0.363384 0.025786 0.044383
0 0.405318 0.328710 0.021757 0.038835
0 0.871878 0.321775 0.014504 0.033287
0 0.625302 0.300971 0.022562 0.045770
0 0.838034 0.276006 0.015310 0.033287
0 0.618856 0.217753 0.010475 0.030513
0 0.290089 0.295423 0.017728 0.037448
0 0.456084 0.242718 0.017728 0.031900
0 0.740532 0.256588 0.016116 0.033287
0 0.145850 0.539528 0.038678 0.081831
0 0.800967 0.242718 0.021757 0.027739
0 0.713940 0.404993 0.027397 0.052705
0 0.592264 0.337032 0.025786 0.047157
0 0.546334 0.244105 0.014504 0.026352
0 0.571313 0.217753 0.011281 0.020804
0 0.829976 0.252427 0.012893 0.029126
0 0.803384 0.360610 0.024174 0.042996
0 0.349718 0.298197 0.020951 0.030513
0 0.443191 0.356449 0.022562 0.037448
0 0.415794 0.277393 0.020145 0.033287
0 0.672039 0.227462 0.016116 0.026352
0 0.472200 0.393897 0.030620 0.065187
0 0.659146 0.364771 0.027397 0.047157
0 0.580177 0.450763 0.032232 0.063800
0 0.811442 0.298197 0.017728 0.031900
0 0.316680 0.380028 0.021757 0.040222
0 0.637389 0.252427 0.015310 0.030513
0 0.425463 0.255201 0.016116 0.030513
0 0.870266 0.259362 0.012893 0.024965
0 0.229654 0.335645 0.016922 0.034674
0 0.862208 0.342580 0.019339 0.047157
0 0.885576 0.276006 0.016116 0.031900
0 0.805802 0.510402 0.035455 0.074896
0 0.688961 0.539528 0.044319 0.081831
0 0.599517 0.223301 0.012893 0.023578
0 0.517325 0.271845 0.015310 0.031900
0 0.464948 0.234397 0.012893 0.024965
0 0.926672 0.278779 0.013699 0.027739
0 0.593070 0.249653 0.016922 0.033287
0 0.403707 0.302358 0.016922 0.033287
0 0.907333 0.305132 0.015310 0.034674
0 0.804190 0.276006 0.016922 0.034674
0 0.378727 0.334258 0.020951 0.038835
0 0.755842 0.259362 0.016922 0.030513
0 0.501209 0.262136 0.016116 0.029126
0 0.704271 0.295423 0.023368 0.040222
0 0.697019 0.256588 0.012087 0.026352
0 0.388396 0.263523 0.016922 0.033287
0 0.840451 0.439667 0.026591 0.056865
0 0.773570 0.238558 0.016922 0.033287
0 0.526994 0.375867 0.029009 0.047157
0 0.767123 0.429958 0.028203 0.056865
0 0.663981 0.278779 0.016116 0.036061
0 0.634166 0.220527 0.014504 0.031900
0 0.765512 0.278779 0.017728 0.040222
0 0.561644 0.216366 0.009670 0.023578
0 0.696213 0.223301 0.019339 0.027739
0 0.846092 0.262136 0.012893 0.024965
0 0.885576 0.345354 0.016116 0.044383
0 0.515713 0.252427 0.014504 0.026352
0 0.921837 0.360610 0.020951 0.054092
0 0.585818 0.400832 0.031426 0.059639
0 0.725222 0.249653 0.018533 0.040222
0 0.924255 0.299584 0.016922 0.034674
0 0.550363 0.288488 0.020145 0.037448
0 0.432716 0.310680 0.018533 0.038835
0 0.818695 0.331484 0.018533 0.047157
0 0.847703 0.353675 0.018533 0.047157
0 0.637389 0.353675 0.022562 0.048544
0 0.459307 0.271845 0.018533 0.033287
0 0.655923 0.217753 0.012893 0.030513
0 0.741338 0.231623 0.016922 0.027739
0 0.898469 0.441054 0.018533 0.041609
0 0.675262 0.314840 0.022562 0.045770
0 0.630137 0.475728 0.038678 0.069348
0 0.295729 0.361997 0.020145 0.041609
