0 0.918981 0.690061 0.116512 0.143443
0 0.712577 0.592725 0.028164 0.040471
0 0.368056 0.596824 0.047068 0.080430
0 0.809799 0.611168 0.027392 0.044057
0 0.823688 0.594775 0.026620 0.038422
0 0.354552 0.469262 0.033179 0.055840
0 0.456404 0.587602 0.043210 0.074283
0 0.511188 0.588115 0.040895 0.058402
0 0.478395 0.578381 0.033565 0.053279
0 0.119985 0.612193 0.081790 0.094262
0 0.396991 0.763320 0.192130 0.256148
0 0.650463 0.636783 0.050540 0.074283
0 0.726466 0.608607 0.043210 0.065574
0 0.873071 0.622951 0.047840 0.066086
0 0.286651 0.570697 0.032793 0.040471
0 0.842207 0.637295 0.051312 0.073258
0 0.022762 0.557889 0.041667 0.077357
