0 0.213636 0.331058 0.040909 0.071672
0 0.286364 0.303754 0.027273 0.047782
0 0.404545 0.303754 0.029545 0.068259
0 0.086364 0.273038 0.047727 0.078498
0 0.247727 0.477816 0.070455 0.112628
0 0.250000 0.337884 0.040909 0.058020
0 0.570455 0.348123 0.025000 0.047782
0 0.393182 0.324232 0.031818 0.058020
0 0.163636 0.498294 0.079545 0.139932
0 0.356818 0.430034 0.070455 0.098976
0 0.329545 0.296928 0.031818 0.054608
0 0.322727 0.412969 0.052273 0.085324
0 0.131818 0.337884 0.061364 0.105802
0 0.256818 0.443686 0.068182 0.109215
0 0.568182 0.378840 0.020455 0.040956
0 0.465909 0.283276 0.077273 0.139932
0 0.361364 0.303754 0.027273 0.051195
0 0.065909 0.238908 0.036364 0.068259
0 0.206818 0.382253 0.047727 0.085324
0 0.045455 0.525597 0.081818 0.150171
0 0.588636 0.423208 0.031818 0.051195
0 0.034091 0.389078 0.050000 0.092150
0 0.425000 0.412969 0.043182 0.078498
