0 0.043750 0.353125 0.038281 0.061979
0 0.116406 0.447396 0.069922 0.100000
0 0.678906 0.265104 0.024609 0.042188
0 0.834766 0.334896 0.043359 0.085417
0 0.100391 0.356771 0.043750 0.071354
0 0.855859 0.268750 0.033203 0.057292
0 0.269531 0.301042 0.033984 0.046354
0 0.244531 0.480208 0.075000 0.120313
0 0.467187 0.265625 0.027734 0.039062
0 0.426563 0.378125 0.045703 0.077083
0 0.643750 0.252604 0.025000 0.039062
0 0.418359 0.265104 0.021875 0.033854
0 0.351562 0.276042 0.028125 0.042188
0 0.246484 0.330208 0.036719 0.061979
0 0.333594 0.296354 0.033594 0.050000
0 0.460547 0.255208 0.020313 0.038021
0 0.181250 0.325521 0.034766 0.056771
0 0.507812 0.261458 0.021875 0.041146
0 0.712109 0.238542 0.023438 0.034896
0 0.559766 0.294271 0.029297 0.058854
0 0.494141 0.310417 0.030859 0.060937
0 0.942969 0.258333 0.026953 0.043229
0 0.727734 0.525000 0.086328 0.169271
0 0.582031 0.300521 0.033984 0.054688
0 0.605078 0.271354 0.022656 0.043750
0 0.871484 0.245312 0.026953 0.039062
0 0.875000 0.277604 0.021484 0.048958
0 0.446484 0.336458 0.037500 0.063021
0 0.963281 0.291667 0.039062 0.075000
0 0.404297 0.284375 0.025391 0.043229
0 0.317578 0.369271 0.047266 0.083854
0 0.634766 0.283333 0.030469 0.052083
0 0.795703 0.436979 0.073828 0.109375
0 0.519531 0.330208 0.037500 0.064062
