0 0.299639 0.512195 0.045126 0.089431
0 0.415162 0.490515 0.046931 0.070461
0 0.081227 0.563686 0.158845 0.300813
0 0.189531 0.355014 0.045126 0.075881
0 0.702166 0.517615 0.028881 0.062331
0 0.449458 0.471545 0.036101 0.062331
0 0.593863 0.495935 0.048736 0.075881
0 0.333935 0.471545 0.041516 0.070461
0 0.945848 0.696477 0.097473 0.181572
0 0.666065 0.574526 0.057762 0.092141
0 0.839350 0.485095 0.043321 0.067751
0 0.532491 0.517615 0.050542 0.075881
0 0.212996 0.457995 0.039711 0.070461
0 0.788809 0.485095 0.043321 0.073171
0 0.550542 0.607046 0.068592 0.111111
