0 0.811945 0.266382 0.016949 0.031339
0 0.919290 0.301994 0.012914 0.029915
0 0.478612 0.403134 0.032284 0.058405
0 0.504439 0.266382 0.015335 0.035613
0 0.725585 0.252137 0.016949 0.041311
0 0.875706 0.323362 0.017756 0.039886
0 0.230024 0.341880 0.016142 0.038462
0 0.591606 0.454416 0.031477 0.074074
0 0.870864 0.260684 0.014528 0.034188
0 0.548830 0.407407 0.027441 0.049858
0 0.284907 0.311966 0.019370 0.037037
0 0.849072 0.390313 0.023406 0.048433
0 0.778047 0.428775 0.029863 0.061254
0 0.893462 0.286325 0.017756 0.042735
0 0.567393 0.220798 0.012107 0.028490
0 0.713479 0.403134 0.030670 0.068376
0 0.667474 0.227920 0.013721 0.021368
0 0.336562 0.358974 0.023406 0.052707
0 0.426150 0.257835 0.014528 0.024217
0 0.142050 0.525641 0.045198 0.084046
0 0.701372 0.250712 0.017756 0.038462
0 0.898305 0.441595 0.020178 0.044160
0 0.595642 0.252137 0.015335 0.032764
0 0.644875 0.367521 0.026634 0.056980
0 0.912026 0.353276 0.021792 0.042735
0 0.740920 0.239316 0.011299 0.022792
0 0.439871 0.334758 0.025827 0.047009
0 0.443099 0.263533 0.015335 0.031339
0 0.596449 0.220798 0.016142 0.032764
0 0.609362 0.360399 0.025020 0.052707
0 0.686844 0.357550 0.021792 0.055556
0 0.678773 0.223647 0.016949 0.029915
0 0.763519 0.264957 0.015335 0.027066
0 0.834544 0.253561 0.013721 0.028490
0 0.391445 0.260684 0.015335 0.028490
0 0.666667 0.282051 0.016949 0.039886
0 0.634383 0.223647 0.014528 0.022792
0 0.535916 0.357550 0.024213 0.055556
0 0.786118 0.297721 0.019370 0.038462
0 0.836965 0.310541 0.018563 0.038462
0 0.728814 0.235043 0.012914 0.025641
0 0.802260 0.243590 0.016142 0.028490
0 0.515738 0.249288 0.016142 0.029915
0 0.471348 0.307692 0.020178 0.042735
0 0.523810 0.272080 0.016949 0.037037
0 0.499596 0.327635 0.019370 0.038462
0 0.568200 0.249288 0.010492 0.025641
0 0.552865 0.227920 0.012914 0.031339
0 0.410008 0.333333 0.020178 0.038462
0 0.807103 0.515670 0.035513 0.069801
0 0.912833 0.468661 0.034705 0.059829
0 0.263923 0.343305 0.020178 0.044160
0 0.540759 0.250712 0.016949 0.037037
0 0.546408 0.290598 0.015335 0.034188
0 0.355932 0.324786 0.014528 0.032764
0 0.621469 0.217949 0.011299 0.028490
0 0.806295 0.360399 0.021792 0.052707
0 0.843422 0.272080 0.019370 0.037037
0 0.602098 0.207977 0.012107 0.028490
0 0.696529 0.299145 0.020178 0.032764
0 0.675545 0.317664 0.021792 0.042735
0 0.691687 0.542735 0.042776 0.072650
0 0.832123 0.455840 0.029863 0.068376
0 0.667474 0.206553 0.012914 0.034188
0 0.460048 0.240741 0.012107 0.029915
0 0.629540 0.465812 0.039548 0.075499
0 0.381759 0.349003 0.021792 0.041311
0 0.353511 0.294872 0.014528 0.032764
0 0.281679 0.376068 0.023406 0.044160
0 0.772397 0.237892 0.012914 0.029915
0 0.906376 0.317664 0.016949 0.032764
0 0.860371 0.336182 0.018563 0.031339
0 0.772397 0.287749 0.014528 0.039886
0 0.467312 0.264957 0.012107 0.035613
