0 0.545045 0.562000 0.027027 0.028000
0 0.632132 0.546000 0.022523 0.024000
0 0.426426 0.594000 0.036036 0.044000
0 0.486486 0.564000 0.030030 0.038000
0 0.055556 0.694000 0.076577 0.112000
0 0.567568 0.576000 0.028529 0.032000
0 0.615616 0.616000 0.039039 0.050000
0 0.533033 0.622000 0.045045 0.054000
0 0.054054 0.602000 0.037538 0.050000
0 0.334835 0.606000 0.042042 0.054000
0 0.809309 0.498000 0.022523 0.038000
0 0.130631 0.744000 0.081081 0.114000
0 0.402402 0.556000 0.019520 0.036000
0 0.208709 0.656000 0.048048 0.068000
0 0.459459 0.690000 0.072072 0.068000
0 0.620120 0.588000 0.024024 0.030000
0 0.582583 0.584000 0.027027 0.036000
0 0.710210 0.542000 0.018018 0.028000
0 0.310811 0.638000 0.045045 0.060000
0 0.675676 0.586000 0.028529 0.038000
0 0.255255 0.602000 0.034535 0.050000
0 0.600601 0.558000 0.022523 0.024000
0 0.756757 0.564000 0.021021 0.028000
0 0.318318 0.696000 0.061562 0.092000
0 0.531532 0.580000 0.028529 0.030000
0 0.099099 0.590000 0.031532 0.046000
0 0.480480 0.592000 0.036036 0.040000
0 0.270270 0.728000 0.078078 0.102000
0 0.061562 0.868000 0.112613 0.140000
0 0.235736 0.564000 0.030030 0.038000
0 0.172673 0.688000 0.054054 0.080000
