0 0.310000 0.461667 0.015000 0.026667
0 0.311250 0.486667 0.022500 0.033333
0 0.356250 0.663333 0.115000 0.155000
0 0.028750 0.455000 0.025000 0.028333
0 0.541250 0.550000 0.061250 0.090000
0 0.163750 0.680000 0.131250 0.185000
0 0.223750 0.600000 0.082500 0.116667
0 0.245000 0.510000 0.036250 0.055000
0 0.332500 0.525000 0.052500 0.075000
0 0.652500 0.485000 0.026250 0.048333
0 0.517500 0.468333 0.022500 0.038333
0 0.500000 0.480000 0.026250 0.045000
0 0.336250 0.475000 0.015000 0.035000
0 0.405000 0.455000 0.020000 0.030000
0 0.368750 0.468333 0.016250 0.031667
0 0.071250 0.468333 0.023750 0.031667
0 0.086250 0.523333 0.056250 0.081667
0 0.227500 0.465000 0.020000 0.043333
0 0.093750 0.476667 0.032500 0.046667
0 0.355000 0.468333 0.020000 0.040000
0 0.203750 0.516667 0.031250 0.061667
0 0.252500 0.460000 0.016250 0.035000
0 0.555000 0.481667 0.026250 0.045000
0 0.122500 0.488333 0.027500 0.050000
0 0.567500 0.511667 0.036250 0.045000
0 0.743750 0.516667 0.038750 0.056667
0 0.176250 0.531667 0.057500 0.083333
0 0.766250 0.486667 0.027500 0.046667
0 0.201250 0.461667 0.018750 0.031667
0 0.545000 0.625000 0.097500 0.136667
0 0.872500 0.541667 0.043750 0.065000
0 0.690000 0.511667 0.036250 0.053333
0 0.362500 0.540000 0.037500 0.070000
0 0.908750 0.490000 0.023750 0.041667
0 0.896250 0.505000 0.038750 0.060000
0 0.463750 0.518333 0.041250 0.058333
0 0.401250 0.488333 0.023750 0.038333
0 0.151250 0.466667 0.025000 0.045000
0 0.633750 0.508333 0.037500 0.053333
0 0.446250 0.570000 0.073750 0.110000
0 0.448750 0.491667 0.031250 0.043333
0 0.600000 0.496667 0.031250 0.051667
0 0.848750 0.513333 0.033750 0.050000
0 0.018750 0.481667 0.032500 0.055000
0 0.828750 0.605000 0.068750 0.130000
