0 0.458178 0.169687 0.013011 0.026359
0 0.400558 0.285008 0.023234 0.047776
0 0.682156 0.102142 0.013941 0.028007
0 0.533457 0.200988 0.018587 0.037891
0 0.370818 0.214168 0.016729 0.029654
0 0.407993 0.174629 0.016729 0.031301
0 0.640335 0.232290 0.019517 0.046129
0 0.736989 0.174629 0.015799 0.032949
0 0.324349 0.247117 0.017658 0.031301
0 0.881041 0.199341 0.014870 0.037891
0 0.554833 0.289951 0.028810 0.054366
0 0.735130 0.125206 0.013011 0.029654
0 0.863383 0.131796 0.013011 0.026359
0 0.539033 0.158155 0.013941 0.032949
0 0.647770 0.098847 0.013011 0.028007
0 0.463755 0.196046 0.014870 0.032949
0 0.668216 0.354201 0.031599 0.064250
0 0.483271 0.308072 0.025093 0.049423
0 0.607807 0.329489 0.026952 0.064250
0 0.774164 0.123558 0.011152 0.026359
0 0.847584 0.149918 0.015799 0.034596
0 0.442379 0.225700 0.016729 0.039539
0 0.301115 0.265239 0.015799 0.044481
0 0.717472 0.281713 0.025093 0.052718
0 0.798327 0.187809 0.015799 0.034596
0 0.462825 0.154860 0.017658 0.031301
0 0.600372 0.205931 0.021375 0.036244
0 0.484201 0.163097 0.021375 0.031301
0 0.429368 0.191104 0.014870 0.031301
0 0.921004 0.158155 0.010223 0.023064
0 0.609665 0.252059 0.025093 0.047776
0 0.891264 0.163097 0.012082 0.024712
0 0.283457 0.266886 0.017658 0.028007
0 0.705390 0.184514 0.017658 0.036244
0 0.581784 0.133443 0.009294 0.026359
0 0.918216 0.176277 0.013941 0.028007
0 0.065985 0.393740 0.038104 0.070840
0 0.486059 0.130148 0.011152 0.021417
0 0.634758 0.123558 0.013011 0.018122
0 0.515799 0.164745 0.015799 0.029654
0 0.444238 0.196046 0.016729 0.029654
0 0.745353 0.253707 0.020446 0.049423
0 0.464684 0.232290 0.022305 0.036244
0 0.862454 0.222405 0.015799 0.046129
0 0.386617 0.197694 0.016729 0.029654
0 0.381041 0.215815 0.015799 0.037891
0 0.571561 0.243822 0.022305 0.041186
0 0.835502 0.171334 0.015799 0.034596
0 0.573420 0.164745 0.018587 0.042834
0 0.756506 0.172982 0.014870 0.036244
0 0.685874 0.144975 0.014870 0.032949
0 0.840149 0.186161 0.015799 0.042834
0 0.741636 0.151565 0.013941 0.026359
0 0.526952 0.140033 0.013011 0.028007
0 0.594796 0.148270 0.018587 0.032949
0 0.892193 0.131796 0.012082 0.029654
0 0.516729 0.136738 0.012082 0.024712
0 0.787175 0.140033 0.011152 0.029654
0 0.606877 0.128501 0.013011 0.028007
0 0.341078 0.276771 0.020446 0.042834
0 0.622677 0.100494 0.014870 0.024712
0 0.749071 0.107084 0.011152 0.028007
0 0.644052 0.186161 0.023234 0.034596
0 0.866171 0.159802 0.013941 0.036244
0 0.801115 0.138386 0.012082 0.024712
0 0.668216 0.125206 0.013011 0.028007
0 0.659851 0.257002 0.022305 0.047776
0 0.406134 0.228995 0.015799 0.031301
0 0.710037 0.144975 0.014870 0.036244
0 0.815985 0.255354 0.020446 0.047776
0 0.484201 0.196046 0.017658 0.031301
0 0.596654 0.100494 0.013941 0.028007
0 0.764870 0.133443 0.013011 0.026359
0 0.552045 0.140033 0.013941 0.029654
0 0.921933 0.209226 0.016729 0.037891
0 0.828996 0.144975 0.013941 0.032949
0 0.691450 0.225700 0.019517 0.042834
0 0.256506 0.280066 0.016729 0.034596
0 0.308550 0.235585 0.017658 0.031301
0 0.782528 0.283361 0.028810 0.057661
0 0.915428 0.285008 0.023234 0.052718
