0 0.743333 0.256667 0.030000 0.048333
0 0.561111 0.315000 0.036667 0.068333
0 0.894444 0.195000 0.028889 0.041667
0 0.810000 0.226667 0.024444 0.038333
0 0.313333 0.293333 0.030000 0.053333
0 0.062222 0.340000 0.043333 0.058333
0 0.138889 0.325000 0.043333 0.061667
0 0.314444 0.326667 0.036667 0.061667
0 0.806667 0.320000 0.043333 0.086667
0 0.356667 0.363333 0.074444 0.131667
0 0.848889 0.215000 0.024444 0.043333
0 0.483333 0.318333 0.056667 0.066667
0 0.500000 0.258333 0.018889 0.035000
0 0.582222 0.283333 0.032222 0.045000
0 0.920000 0.336667 0.104444 0.185000
0 0.258889 0.330000 0.055556 0.098333
0 0.486667 0.266667 0.025556 0.043333
0 0.454444 0.258333 0.025556 0.043333
0 0.601111 0.333333 0.054444 0.106667
0 0.421111 0.298333 0.024444 0.046667
0 0.387778 0.308333 0.035556 0.071667
0 0.674444 0.320000 0.091111 0.181667
0 0.210000 0.345000 0.066667 0.121667
0 0.501111 0.390000 0.083333 0.161667
0 0.841111 0.293333 0.034444 0.070000
0 0.753333 0.340000 0.056667 0.146667
0 0.844444 0.248333 0.022222 0.045000
0 0.767778 0.216667 0.022222 0.043333
0 0.798889 0.251667 0.024444 0.046667
