0 0.864253 0.214429 0.015837 0.038076
0 0.725113 0.124248 0.014706 0.034068
0 0.875566 0.190381 0.014706 0.036072
0 0.544118 0.162325 0.012443 0.034068
0 0.605204 0.250501 0.020362 0.044088
0 0.808824 0.162325 0.019231 0.050100
0 0.915158 0.194389 0.022624 0.048096
0 0.602941 0.072144 0.012443 0.030060
0 0.711538 0.166333 0.012443 0.032064
0 0.667421 0.114228 0.010181 0.026052
0 0.819005 0.134269 0.012443 0.026052
0 0.846154 0.108216 0.013575 0.028056
0 0.760181 0.134269 0.011312 0.032064
0 0.685520 0.140281 0.013575 0.034068
0 0.774887 0.136273 0.013575 0.032064
0 0.233032 0.238477 0.015837 0.040080
0 0.382353 0.200401 0.010181 0.024048
0 0.640271 0.114228 0.011312 0.028056
0 0.935520 0.106212 0.010181 0.026052
0 0.305430 0.256513 0.020362 0.038076
0 0.441176 0.234469 0.015837 0.038076
0 0.799774 0.120240 0.011312 0.026052
0 0.547511 0.140281 0.015837 0.032064
0 0.702489 0.218437 0.021493 0.054108
0 0.346154 0.232465 0.016968 0.042084
0 0.626697 0.070140 0.010181 0.028056
0 0.708145 0.292585 0.022624 0.060120
0 0.533937 0.310621 0.022624 0.056112
0 0.731900 0.222445 0.023756 0.054108
0 0.430995 0.138277 0.013575 0.028056
0 0.356335 0.214429 0.013575 0.036072
0 0.653846 0.060120 0.013575 0.024048
0 0.412896 0.264529 0.018100 0.050100
0 0.572398 0.172345 0.015837 0.036072
0 0.659502 0.172345 0.014706 0.034068
0 0.911765 0.148297 0.010181 0.020040
0 0.466063 0.150301 0.013575 0.026052
0 0.552036 0.082164 0.011312 0.022044
0 0.564480 0.242485 0.021493 0.046092
0 0.489819 0.296593 0.022624 0.058116
0 0.654977 0.202405 0.020362 0.046092
0 0.618778 0.134269 0.014706 0.032064
0 0.781674 0.118236 0.010181 0.026052
0 0.670814 0.336673 0.026018 0.064128
0 0.881222 0.102204 0.010181 0.028056
0 0.528281 0.132265 0.010181 0.026052
0 0.623303 0.208417 0.016968 0.046092
0 0.751131 0.174349 0.018100 0.038076
0 0.408371 0.220441 0.013575 0.034068
0 0.734163 0.142285 0.014706 0.038076
0 0.728507 0.186373 0.016968 0.040080
0 0.567873 0.338677 0.023756 0.064128
0 0.450226 0.142285 0.012443 0.028056
0 0.869910 0.120240 0.014706 0.032064
0 0.196833 0.374749 0.044118 0.094188
0 0.572398 0.146293 0.014706 0.036072
