0 0.521429 0.413333 0.038571 0.053333
0 0.182857 0.531429 0.088571 0.125714
0 0.682857 0.409524 0.024286 0.047619
0 0.874286 0.508571 0.061429 0.104762
0 0.465714 0.398095 0.031429 0.060952
0 0.041429 0.405714 0.044286 0.062857
0 0.918571 0.451429 0.047143 0.074286
0 0.522857 0.459048 0.042857 0.066667
0 0.312857 0.419048 0.058571 0.059048
0 0.960000 0.481905 0.037143 0.070476
0 0.944286 0.527619 0.048571 0.087619
0 0.510000 0.510476 0.070000 0.087619
0 0.751429 0.411429 0.031429 0.053333
0 0.640000 0.518095 0.067143 0.087619
0 0.360000 0.392381 0.040000 0.062857
0 0.185714 0.420952 0.050000 0.076190
0 0.645714 0.451429 0.055714 0.070476
0 0.815714 0.398095 0.041429 0.059048
0 0.282857 0.382857 0.040000 0.053333
0 0.385714 0.457143 0.060000 0.076190
0 0.241429 0.447619 0.061429 0.091429
0 0.428571 0.428571 0.044286 0.064762
0 0.767143 0.506667 0.058571 0.080000
0 0.144286 0.373333 0.054286 0.070476
0 0.724286 0.457143 0.037143 0.060952
0 0.680000 0.430476 0.031429 0.047619
0 0.020000 0.361905 0.038571 0.062857
0 0.825714 0.449524 0.048571 0.068571
0 0.088571 0.451429 0.071429 0.100952
0 0.361429 0.525714 0.081429 0.108571
0 0.544286 0.432381 0.034286 0.047619
0 0.605714 0.400000 0.040000 0.051429
