0 0.350575 0.657289 0.032567 0.046036
0 0.678161 0.626598 0.026820 0.033248
0 0.329502 0.578005 0.019157 0.028133
0 0.649425 0.647059 0.024904 0.028133
0 0.463602 0.639386 0.019157 0.033248
0 0.758621 0.631714 0.022989 0.025575
0 0.312261 0.618926 0.019157 0.030691
0 0.197318 0.634271 0.022989 0.030691
0 0.501916 0.629156 0.021073 0.030691
0 0.394636 0.626598 0.015326 0.025575
0 0.446360 0.649616 0.022989 0.030691
0 0.603448 0.618926 0.021073 0.028133
0 0.530651 0.621483 0.021073 0.033248
0 0.231801 0.649616 0.040230 0.058824
0 0.371648 0.624041 0.015326 0.025575
0 0.578544 0.621483 0.021073 0.033248
0 0.706897 0.647059 0.021073 0.030691
