0 0.846487 0.564162 0.018213 0.027746
0 0.742411 0.549133 0.010408 0.018497
0 0.948829 0.573410 0.024284 0.035838
0 0.860364 0.547977 0.020815 0.035838
0 0.828274 0.558382 0.019948 0.030058
0 0.411969 0.549133 0.011275 0.019653
0 0.424978 0.554913 0.011275 0.023121
0 0.490893 0.538728 0.006071 0.015029
0 0.307025 0.547977 0.007806 0.011561
0 0.291414 0.549133 0.009540 0.015029
0 0.257589 0.537572 0.007806 0.015029
0 0.761492 0.598844 0.030356 0.053179
0 0.676496 0.550289 0.015611 0.020809
0 0.869037 0.633526 0.034692 0.045087
0 0.711188 0.560694 0.020815 0.030058
0 0.898526 0.557225 0.018213 0.028902
0 0.728534 0.576879 0.020815 0.040462
0 0.302689 0.537572 0.008673 0.020809
0 0.921943 0.538728 0.014744 0.024277
0 0.281873 0.545665 0.007806 0.013873
0 0.838682 0.539884 0.015611 0.025434
0 0.346054 0.551445 0.010408 0.017341
0 0.976583 0.587283 0.034692 0.045087
0 0.824805 0.602312 0.033825 0.058960
0 0.528187 0.559538 0.016479 0.026590
0 0.433651 0.565318 0.014744 0.030058
0 0.432784 0.547977 0.013010 0.021965
0 0.375542 0.556069 0.013010 0.023121
0 0.618387 0.572254 0.022550 0.035838
0 0.503036 0.567630 0.020815 0.033526
0 0.815265 0.537572 0.017346 0.021965
0 0.871639 0.583815 0.033825 0.042775
0 0.385950 0.553757 0.009540 0.020809
0 0.351258 0.549133 0.012142 0.019653
0 0.308760 0.558382 0.009540 0.017341
0 0.645273 0.572254 0.019081 0.033526
0 0.895924 0.535260 0.017346 0.021965
0 0.398092 0.544509 0.013877 0.020809
0 0.681700 0.588439 0.028621 0.036994
0 0.814397 0.551445 0.016479 0.025434
0 0.210755 0.492486 0.045967 0.065896
0 0.775369 0.506358 0.013010 0.017341
0 0.484822 0.567630 0.016479 0.032370
0 0.928881 0.552601 0.018213 0.033526
0 0.973114 0.554913 0.019948 0.027746
0 0.542064 0.561850 0.016479 0.026590
0 0.262793 0.543353 0.007806 0.011561
0 0.966175 0.538728 0.011275 0.020809
0 0.317433 0.551445 0.012142 0.017341
0 0.948829 0.544509 0.014744 0.030058
0 0.450130 0.572254 0.019081 0.032370
0 0.564614 0.563006 0.021683 0.031214
0 0.809193 0.587283 0.022550 0.043931
0 0.363400 0.550289 0.012142 0.021965
0 0.079792 0.586127 0.034692 0.045087
0 0.511709 0.550289 0.013877 0.020809
0 0.582827 0.588439 0.028621 0.041618
