0 0.676667 0.250000 0.063333 0.105000
0 0.375000 0.625000 0.083333 0.110000
0 0.218333 0.555000 0.053333 0.092500
0 0.288333 0.675000 0.081667 0.132500
0 0.441667 0.492500 0.050000 0.097500
0 0.145000 0.527500 0.056667 0.092500
0 0.551667 0.582500 0.078333 0.117500
0 0.483333 0.532500 0.055000 0.085000
0 0.335000 0.237500 0.046667 0.095000
0 0.165000 0.637500 0.066667 0.110000
0 0.586667 0.770000 0.078333 0.142500
0 0.070000 0.765000 0.088333 0.150000
0 0.573333 0.290000 0.056667 0.087500
0 0.333333 0.550000 0.056667 0.100000
