0 0.219118 0.563636 0.045588 0.088636
0 0.976471 0.520455 0.041176 0.075000
0 0.520588 0.515909 0.035294 0.054545
0 0.247059 0.531818 0.038235 0.063636
0 0.305882 0.545455 0.051471 0.095455
0 0.391176 0.522727 0.044118 0.068182
0 0.860294 0.545455 0.041176 0.079545
0 0.072059 0.620455 0.064706 0.115909
0 0.610294 0.502273 0.036765 0.072727
0 0.889706 0.500000 0.041176 0.079545
0 0.573529 0.488636 0.035294 0.059091
0 0.270588 0.497727 0.038235 0.068182
0 0.252941 0.618182 0.064706 0.111364
0 0.538235 0.568182 0.042647 0.081818
0 0.666176 0.561364 0.047059 0.095455
0 0.516176 0.486364 0.030882 0.052273
0 0.710294 0.606818 0.055882 0.102273
0 0.576471 0.584091 0.057353 0.104545
0 0.975000 0.577273 0.048529 0.104545
0 0.769118 0.493182 0.033824 0.061364
