0 0.892000 0.666000 0.026667 0.064000
0 0.436000 0.688000 0.028000 0.052000
0 0.914667 0.696000 0.034667 0.062000
0 0.438667 0.636000 0.028000 0.052000
0 0.682667 0.614000 0.024000 0.042000
0 0.974667 0.920000 0.049333 0.122000
0 0.628000 0.654000 0.030667 0.064000
0 0.456000 0.640000 0.034667 0.060000
0 0.654667 0.728000 0.062667 0.086000
0 0.966667 0.668000 0.032000 0.064000
0 0.502667 0.768000 0.048000 0.094000
0 0.304000 0.646000 0.040000 0.058000
0 0.394667 0.636000 0.028000 0.056000
0 0.925333 0.652000 0.041333 0.062000
0 0.649333 0.610000 0.024000 0.050000
0 0.592000 0.660000 0.030667 0.064000
0 0.268000 0.656000 0.038667 0.068000
0 0.120000 0.688000 0.041333 0.064000
0 0.624000 0.770000 0.056000 0.082000
0 0.372000 0.660000 0.036000 0.054000
0 0.453333 0.738000 0.050667 0.082000
0 0.609333 0.606000 0.022667 0.042000
0 0.201333 0.658000 0.033333 0.054000
0 0.588000 0.738000 0.042667 0.076000
0 0.508000 0.622000 0.030667 0.058000
0 0.524000 0.742000 0.040000 0.082000
0 0.716000 0.684000 0.045333 0.068000
0 0.137333 0.648000 0.042667 0.060000
0 0.197333 0.698000 0.038667 0.056000
