0 0.770909 0.243836 0.025455 0.043836
0 0.043636 0.079452 0.030909 0.052055
0 0.680000 0.189041 0.034545 0.046575
0 0.116364 0.282192 0.070909 0.123288
0 0.903636 0.271233 0.038182 0.084932
0 0.570909 0.208219 0.029091 0.054795
0 0.821818 0.213699 0.018182 0.041096
0 0.852727 0.202740 0.018182 0.043836
0 0.380000 0.301370 0.065455 0.131507
0 0.972727 0.284932 0.032727 0.079452
0 0.254545 0.293151 0.089091 0.147945
0 0.792727 0.257534 0.041818 0.076712
0 0.480000 0.175342 0.030909 0.052055
0 0.723636 0.191781 0.025455 0.038356
0 0.689091 0.156164 0.018182 0.027397
0 0.309091 0.169863 0.052727 0.084932
0 0.343636 0.123288 0.025455 0.052055
0 0.116364 0.180822 0.036364 0.068493
0 0.600000 0.180822 0.025455 0.041096
0 0.518182 0.150685 0.023636 0.041096
0 0.049091 0.150685 0.058182 0.090411
0 0.605455 0.210959 0.030909 0.054795
0 0.403636 0.139726 0.029091 0.046575
0 0.856364 0.265753 0.030909 0.076712
0 0.492727 0.284932 0.061818 0.123288
0 0.745455 0.158904 0.014545 0.030137
0 0.645455 0.172603 0.025455 0.049315
0 0.120000 0.109589 0.034545 0.052055
0 0.770909 0.205479 0.021818 0.038356
0 0.445455 0.147945 0.030909 0.054795
0 0.729091 0.241096 0.036364 0.065753
0 0.801818 0.186301 0.016364 0.038356
0 0.232727 0.169863 0.041818 0.068493
0 0.721818 0.150685 0.014545 0.024658
0 0.540000 0.147945 0.023636 0.038356
0 0.016364 0.082192 0.030909 0.068493
