0 0.437050 0.273414 0.015288 0.027190
0 0.642986 0.379154 0.026079 0.052870
0 0.902878 0.265861 0.017986 0.031722
0 0.732014 0.430514 0.026978 0.052870
0 0.563849 0.226586 0.014388 0.024169
0 0.899281 0.351964 0.020683 0.042296
0 0.686151 0.226586 0.016187 0.028701
0 0.449640 0.256798 0.016187 0.024169
0 0.383993 0.317221 0.017986 0.028701
0 0.629496 0.225076 0.017086 0.030211
0 0.565647 0.259819 0.020683 0.028701
0 0.971223 0.299094 0.011691 0.024169
0 0.642986 0.262840 0.015288 0.031722
0 0.601619 0.259819 0.017986 0.024169
0 0.434353 0.370091 0.025180 0.045317
0 0.716727 0.268882 0.017086 0.036254
0 0.535072 0.379154 0.021583 0.042296
0 0.841727 0.534743 0.031475 0.069486
0 0.963129 0.391239 0.022482 0.033233
0 0.723921 0.312689 0.025180 0.040785
0 0.578237 0.225076 0.021583 0.025680
0 0.687950 0.333837 0.022482 0.039275
0 0.865108 0.261329 0.014388 0.025680
0 0.185252 0.365559 0.017086 0.036254
0 0.643885 0.229607 0.011691 0.031722
0 0.460432 0.430514 0.031475 0.055891
0 0.545863 0.255287 0.017986 0.037764
0 0.759892 0.255287 0.020683 0.037764
0 0.836331 0.315710 0.017986 0.037764
0 0.593525 0.484894 0.029676 0.064955
0 0.873201 0.493958 0.032374 0.060423
0 0.880396 0.288520 0.016187 0.037764
0 0.316547 0.356495 0.025180 0.037764
0 0.638489 0.318731 0.026978 0.043807
0 0.598921 0.356495 0.026079 0.042296
0 0.328237 0.311178 0.017986 0.028701
0 0.669065 0.220544 0.017086 0.028701
0 0.537770 0.427492 0.026079 0.054381
0 0.791367 0.454683 0.029676 0.054381
0 0.833633 0.377644 0.019784 0.040785
0 0.678058 0.287009 0.017986 0.033233
0 0.921763 0.348943 0.017086 0.046828
0 0.876799 0.342900 0.022482 0.042296
0 0.254496 0.332326 0.019784 0.031722
0 0.604317 0.406344 0.027878 0.040785
0 0.670863 0.392749 0.024281 0.048338
0 0.549460 0.288520 0.018885 0.031722
0 0.452338 0.336858 0.024281 0.034743
0 0.828237 0.250755 0.015288 0.028701
0 0.636691 0.503021 0.031475 0.058912
0 0.493705 0.341390 0.021583 0.037764
0 0.496403 0.283988 0.016187 0.028701
0 0.965827 0.332326 0.020683 0.033233
0 0.700540 0.383686 0.026079 0.036254
0 0.098921 0.574018 0.040468 0.074018
0 0.783273 0.276435 0.026079 0.040785
0 0.512590 0.252266 0.017986 0.025680
0 0.800360 0.249245 0.015288 0.024169
0 0.846223 0.356495 0.022482 0.042296
0 0.883993 0.403323 0.025180 0.054381
0 0.944245 0.500000 0.033273 0.058912
0 0.714029 0.563444 0.036871 0.072508
0 0.372302 0.274924 0.017986 0.027190
0 0.254496 0.395770 0.027878 0.051360
0 0.927158 0.311178 0.017986 0.028701
0 0.460432 0.234139 0.012590 0.021148
0 0.509892 0.290030 0.017986 0.031722
0 0.947842 0.361027 0.019784 0.031722
0 0.412770 0.267372 0.017086 0.024169
0 0.614209 0.216012 0.019784 0.031722
