0 0.921371 0.257840 0.035282 0.062718
0 0.844758 0.256098 0.021169 0.052265
0 0.408266 0.238676 0.030242 0.062718
0 0.782258 0.278746 0.022177 0.041812
0 0.299395 0.167247 0.016129 0.029617
0 0.950605 0.334495 0.040323 0.078397
0 0.357863 0.155052 0.018145 0.038328
0 0.860887 0.294425 0.028226 0.073171
0 0.756048 0.277003 0.022177 0.054007
0 0.545363 0.195122 0.023185 0.036585
0 0.488911 0.184669 0.028226 0.059233
0 0.693548 0.209059 0.021169 0.045296
0 0.645161 0.163763 0.024194 0.057491
0 0.621976 0.196864 0.021169 0.050523
0 0.439516 0.172474 0.026210 0.057491
