0 0.493333 0.427136 0.103333 0.150754
0 0.660000 0.422111 0.076667 0.170854
0 0.050000 0.110553 0.063333 0.105528
0 0.203333 0.175879 0.056667 0.090452
0 0.150000 0.437186 0.110000 0.190955
0 0.846667 0.165829 0.166667 0.301508
0 0.370000 0.346734 0.070000 0.140704
0 0.676667 0.190955 0.053333 0.095477
0 0.760000 0.371859 0.060000 0.140704
0 0.330000 0.452261 0.090000 0.155779
0 0.483333 0.276382 0.060000 0.115578
0 0.706667 0.351759 0.060000 0.110553
0 0.750000 0.261307 0.053333 0.080402
0 0.213333 0.251256 0.080000 0.135678
0 0.320000 0.226131 0.070000 0.125628
0 0.403333 0.231156 0.056667 0.105528
0 0.480000 0.155779 0.046667 0.085427
0 0.036667 0.221106 0.070000 0.145729
0 0.063333 0.145729 0.056667 0.090452
0 0.086667 0.226131 0.053333 0.100503
0 0.566667 0.316583 0.070000 0.125628
0 0.610000 0.276382 0.050000 0.110553
0 0.920000 0.251256 0.050000 0.115578
0 0.253333 0.216080 0.050000 0.115578
