0 0.740000 0.453659 0.025455 0.036585
0 0.683636 0.463415 0.056364 0.090244
0 0.052727 0.351220 0.029091 0.039024
0 0.780000 0.441463 0.016364 0.034146
0 0.114545 0.409756 0.036364 0.058537
0 0.234545 0.370732 0.023636 0.039024
0 0.325455 0.385366 0.021818 0.039024
0 0.341818 0.375610 0.018182 0.036585
0 0.394545 0.353659 0.020000 0.024390
0 0.880000 0.341463 0.025455 0.036585
0 0.500000 0.400000 0.020000 0.034146
0 0.358182 0.626829 0.078182 0.126829
0 0.374545 0.387805 0.014545 0.029268
0 0.790909 0.424390 0.020000 0.031707
0 0.256364 0.373171 0.027273 0.034146
0 0.560000 0.392683 0.021818 0.026829
0 0.030909 0.387805 0.038182 0.048780
0 0.716364 0.360976 0.021818 0.031707
0 0.392727 0.380488 0.012727 0.026829
0 0.449091 0.568293 0.070909 0.104878
0 0.410909 0.387805 0.027273 0.039024
0 0.740000 0.365854 0.014545 0.021951
0 0.589091 0.414634 0.021818 0.036585
0 0.380000 0.514634 0.050909 0.070732
0 0.530909 0.395122 0.012727 0.021951
0 0.218182 0.465854 0.045455 0.070732
0 0.472727 0.404878 0.018182 0.034146
0 0.330909 0.485366 0.041818 0.065854
0 0.490909 0.487805 0.034545 0.058537
0 0.041818 0.763415 0.080000 0.197561
0 0.081818 0.429268 0.041818 0.065854
0 0.520000 0.400000 0.016364 0.029268
0 0.756364 0.439024 0.027273 0.041463
0 0.194545 0.363415 0.023636 0.041463
0 0.458182 0.387805 0.020000 0.029268
0 0.050909 0.478049 0.058182 0.092683
0 0.012727 0.453659 0.023636 0.063415
0 0.289091 0.319512 0.018182 0.034146
0 0.569091 0.421951 0.023636 0.034146
0 0.021818 0.343902 0.032727 0.039024
0 0.327273 0.548780 0.056364 0.075610
0 0.261818 0.356098 0.020000 0.031707
0 0.812727 0.360976 0.023636 0.034146
0 0.163636 0.353659 0.027273 0.039024
0 0.367273 0.370732 0.018182 0.024390
0 0.420000 0.500000 0.041818 0.058537
0 0.498182 0.363415 0.020000 0.029268
0 0.725455 0.451220 0.025455 0.031707
0 0.452727 0.363415 0.016364 0.021951
0 0.438182 0.392683 0.020000 0.034146
0 0.534545 0.424390 0.029091 0.046341
0 0.034545 0.587805 0.067273 0.114634
0 0.141818 0.478049 0.045455 0.065854
0 0.312727 0.331707 0.018182 0.024390
0 0.563636 0.541463 0.072727 0.114634
0 0.234545 0.719512 0.101818 0.136585
0 0.130909 0.351220 0.029091 0.041463
0 0.138182 0.602439 0.067273 0.102439
0 0.187273 0.436585 0.036364 0.053659
0 0.220000 0.553659 0.063636 0.085366
0 0.360000 0.351220 0.014545 0.026829
0 0.350909 0.451220 0.040000 0.046341
0 0.289091 0.363415 0.018182 0.031707
