0 0.858736 0.140264 0.011152 0.028053
0 0.476766 0.308581 0.019517 0.051155
0 0.425651 0.176568 0.011152 0.024752
0 0.654275 0.264026 0.020446 0.052805
0 0.744424 0.113861 0.013011 0.029703
0 0.315056 0.268977 0.015799 0.037954
0 0.444238 0.222772 0.015799 0.036304
0 0.435874 0.206271 0.013941 0.029703
0 0.524164 0.145215 0.013011 0.033003
0 0.341078 0.229373 0.013941 0.034653
0 0.712825 0.283828 0.021375 0.051155
0 0.595725 0.112211 0.010223 0.026403
0 0.580855 0.125413 0.009294 0.023102
0 0.898699 0.133663 0.008364 0.026403
0 0.657993 0.211221 0.018587 0.039604
0 0.551115 0.148515 0.013011 0.033003
0 0.681227 0.161716 0.014870 0.034653
0 0.790892 0.188119 0.015799 0.039604
0 0.776952 0.136964 0.011152 0.033003
0 0.636617 0.127063 0.011152 0.024752
0 0.789963 0.141914 0.010223 0.029703
0 0.660781 0.127063 0.012082 0.029703
0 0.777881 0.297030 0.024164 0.057756
0 0.703532 0.148515 0.013941 0.037954
0 0.696097 0.100660 0.011152 0.026403
0 0.927509 0.158416 0.011152 0.031353
0 0.336431 0.277228 0.015799 0.039604
0 0.521375 0.214521 0.017658 0.037954
0 0.565056 0.252475 0.020446 0.051155
0 0.047398 0.400990 0.027881 0.067657
0 0.640335 0.189769 0.018587 0.037954
0 0.404275 0.293729 0.017658 0.049505
0 0.381041 0.202970 0.011152 0.029703
0 0.670074 0.330033 0.025093 0.062706
0 0.351301 0.235974 0.013941 0.028053
0 0.839219 0.183168 0.014870 0.041254
0 0.531599 0.133663 0.011152 0.024752
0 0.597584 0.222772 0.017658 0.039604
0 0.912639 0.280528 0.018587 0.052805
0 0.464684 0.196370 0.014870 0.034653
0 0.483271 0.135314 0.009294 0.024752
0 0.375465 0.224422 0.014870 0.037954
0 0.736989 0.120462 0.013011 0.031353
0 0.618030 0.112211 0.011152 0.021452
0 0.698885 0.217822 0.018587 0.049505
0 0.734201 0.194719 0.013011 0.036304
0 0.844796 0.155116 0.013011 0.034653
0 0.600372 0.268977 0.021375 0.046205
0 0.753717 0.226073 0.019517 0.044554
0 0.916357 0.193069 0.013011 0.036304
0 0.602230 0.325083 0.024164 0.051155
0 0.447026 0.158416 0.012082 0.021452
0 0.553903 0.292079 0.022305 0.054455
0 0.636617 0.107261 0.009294 0.026403
0 0.886617 0.178218 0.011152 0.034653
0 0.468401 0.163366 0.012082 0.034653
0 0.867100 0.216172 0.016729 0.037954
0 0.738848 0.141914 0.013941 0.029703
0 0.878253 0.201320 0.016729 0.039604
0 0.538104 0.165017 0.014870 0.031353
0 0.763011 0.163366 0.014870 0.042904
0 0.416357 0.219472 0.014870 0.034653
0 0.306691 0.232673 0.012082 0.024752
0 0.824349 0.143564 0.013011 0.034653
0 0.488848 0.202970 0.014870 0.033003
0 0.471190 0.226073 0.018587 0.042904
0 0.295539 0.264026 0.015799 0.034653
0 0.784387 0.120462 0.009294 0.026403
0 0.809480 0.168317 0.014870 0.031353
0 0.922862 0.158416 0.008364 0.024752
0 0.450743 0.173267 0.012082 0.029703
0 0.691450 0.176568 0.014870 0.039604
