0 0.130909 0.509589 0.025455 0.035616
0 0.125455 0.660274 0.089091 0.115068
0 0.541818 0.473973 0.049091 0.082192
0 0.394545 0.528767 0.061818 0.104110
0 0.072727 0.613699 0.056364 0.071233
0 0.061818 0.564384 0.038182 0.054795
0 0.230909 0.526027 0.040000 0.073973
0 0.318182 0.471233 0.029091 0.038356
0 0.681818 0.402740 0.067273 0.115068
0 0.196364 0.635616 0.110909 0.142466
0 0.196364 0.526027 0.027273 0.043836
0 0.149091 0.501370 0.021818 0.032877
0 0.323636 0.509589 0.029091 0.057534
0 0.025455 0.583562 0.047273 0.071233
0 0.069091 0.531507 0.029091 0.046575
0 0.114545 0.531507 0.027273 0.046575
0 0.434545 0.457534 0.021818 0.041096
0 0.503636 0.517808 0.089091 0.158904
