0 0.744208 0.147841 0.016682 0.028239
0 0.839666 0.318937 0.023170 0.063123
0 0.466172 0.154485 0.013902 0.029900
0 0.541242 0.111296 0.011121 0.026578
0 0.614458 0.131229 0.012048 0.024917
0 0.513438 0.141196 0.015755 0.028239
0 0.731233 0.186047 0.024096 0.044850
0 0.922150 0.205980 0.013902 0.029900
0 0.774791 0.149502 0.018536 0.036545
0 0.636701 0.094684 0.012048 0.016611
0 0.481928 0.164452 0.013902 0.029900
0 0.894347 0.177741 0.018536 0.039867
0 0.594069 0.098007 0.010195 0.021595
0 0.624652 0.199336 0.017609 0.036545
0 0.586654 0.122924 0.012048 0.021595
0 0.581094 0.139535 0.013902 0.031561
0 0.880445 0.152824 0.014829 0.029900
0 0.602410 0.152824 0.012975 0.029900
0 0.613531 0.096346 0.012975 0.023256
0 0.295644 0.239203 0.017609 0.029900
0 0.393883 0.187708 0.013902 0.021595
0 0.501390 0.275748 0.031511 0.049834
0 0.694161 0.098007 0.010195 0.024917
0 0.623726 0.244186 0.022243 0.043189
0 0.675626 0.151163 0.019462 0.033223
0 0.362373 0.192691 0.015755 0.029900
0 0.559778 0.102990 0.011121 0.024917
0 0.828545 0.131229 0.014829 0.033223
0 0.854495 0.249169 0.023170 0.041528
0 0.553290 0.260797 0.022243 0.043189
0 0.907322 0.254153 0.017609 0.053156
0 0.443930 0.186047 0.013902 0.028239
0 0.858202 0.141196 0.015755 0.028239
0 0.299351 0.264120 0.019462 0.033223
0 0.831325 0.112957 0.014829 0.026578
0 0.902688 0.363787 0.035218 0.083056
0 0.778499 0.194352 0.018536 0.041528
0 0.381835 0.227575 0.016682 0.038206
0 0.361446 0.257475 0.017609 0.038206
0 0.471733 0.227575 0.020389 0.041528
0 0.916589 0.234219 0.020389 0.046512
0 0.797961 0.147841 0.018536 0.038206
0 0.519926 0.204319 0.019462 0.036545
0 0.886006 0.127907 0.011121 0.031561
0 0.921223 0.151163 0.012975 0.029900
0 0.667285 0.197674 0.018536 0.038206
0 0.688601 0.312292 0.030584 0.071429
0 0.557924 0.162791 0.016682 0.033223
0 0.447637 0.156146 0.012048 0.026578
0 0.506024 0.121262 0.013902 0.026578
0 0.726599 0.239203 0.022243 0.051495
0 0.440222 0.222591 0.017609 0.038206
0 0.755329 0.215947 0.021316 0.049834
0 0.692308 0.179402 0.019462 0.041528
0 0.845227 0.171096 0.013902 0.034884
0 0.784059 0.378738 0.030584 0.071429
0 0.278035 0.245847 0.017609 0.029900
0 0.620945 0.317276 0.029657 0.059801
0 0.468026 0.182724 0.014829 0.031561
0 0.873957 0.202658 0.019462 0.044850
0 0.637627 0.109635 0.012048 0.019934
0 0.541242 0.317276 0.027804 0.051495
0 0.829472 0.210963 0.020389 0.048173
0 0.666358 0.161130 0.016682 0.036545
0 0.751622 0.320598 0.036145 0.074751
0 0.490269 0.192691 0.018536 0.039867
0 0.402224 0.222591 0.024096 0.051495
0 0.418906 0.176080 0.012975 0.024917
0 0.563485 0.131229 0.012048 0.028239
0 0.855422 0.117940 0.013902 0.033223
0 0.803522 0.234219 0.021316 0.038206
0 0.744208 0.117940 0.013902 0.029900
0 0.714551 0.232558 0.015755 0.038206
0 0.439296 0.149502 0.010195 0.033223
0 0.533828 0.171096 0.018536 0.033223
0 0.643188 0.124585 0.012975 0.026578
0 0.765524 0.126246 0.012975 0.029900
