0 0.489222 0.131796 0.016870 0.028007
0 0.837863 0.317957 0.025305 0.074135
0 0.140581 0.433278 0.048735 0.085667
0 0.366448 0.253707 0.035614 0.041186
0 0.777882 0.280066 0.024367 0.067545
0 0.569822 0.121911 0.019681 0.036244
0 0.409560 0.189456 0.014995 0.028007
0 0.468604 0.238880 0.021556 0.041186
0 0.723524 0.227348 0.020619 0.054366
0 0.314902 0.289951 0.023430 0.044481
0 0.313027 0.235585 0.023430 0.029654
0 0.895970 0.149918 0.020619 0.029654
0 0.718838 0.179572 0.018744 0.029654
0 0.889410 0.204283 0.016870 0.042834
0 0.447985 0.166392 0.017807 0.041186
0 0.894096 0.184514 0.021556 0.041186
0 0.855670 0.166392 0.015933 0.039539
0 0.809747 0.125206 0.014995 0.037891
0 0.635426 0.126853 0.014995 0.021417
0 0.779756 0.202636 0.018744 0.042834
0 0.864105 0.263591 0.028116 0.046129
0 0.395501 0.219110 0.024367 0.036244
0 0.580131 0.172982 0.014058 0.024712
0 0.492034 0.313015 0.030928 0.059308
0 0.255858 0.263591 0.019681 0.034596
0 0.556701 0.255354 0.027179 0.052718
0 0.674789 0.118616 0.014058 0.029654
0 0.498594 0.153213 0.019681 0.036244
0 0.275539 0.268534 0.026242 0.037891
0 0.621368 0.248764 0.022493 0.041186
0 0.348641 0.233937 0.020619 0.028007
0 0.740394 0.128501 0.018744 0.032949
0 0.788191 0.154860 0.018744 0.034596
0 0.530459 0.210873 0.024367 0.049423
0 0.832240 0.214168 0.019681 0.042834
0 0.924086 0.232290 0.015933 0.049423
0 0.332709 0.214168 0.019681 0.026359
0 0.850047 0.197694 0.018744 0.037891
0 0.626992 0.200988 0.020619 0.041186
0 0.658857 0.184514 0.014995 0.036244
0 0.807873 0.182867 0.021556 0.034596
0 0.676664 0.260297 0.027179 0.056013
0 0.437676 0.202636 0.026242 0.042834
0 0.509841 0.194399 0.024367 0.042834
0 0.388004 0.177924 0.016870 0.029654
0 0.432990 0.243822 0.026242 0.047776
0 0.358950 0.197694 0.020619 0.028007
0 0.301781 0.265239 0.023430 0.044481
0 0.689784 0.200988 0.022493 0.046129
0 0.708529 0.153213 0.018744 0.034596
0 0.755389 0.225700 0.024367 0.042834
0 0.765698 0.169687 0.016870 0.031301
0 0.733833 0.265239 0.027179 0.059308
0 0.388941 0.288303 0.026242 0.046129
0 0.475164 0.197694 0.026242 0.044481
0 0.663543 0.220758 0.027179 0.052718
0 0.567948 0.293245 0.031865 0.065898
0 0.621368 0.156507 0.020619 0.036244
