0 0.690408 0.165000 0.017094 0.030000
0 0.320988 0.226667 0.014245 0.028333
0 0.474834 0.160000 0.011396 0.031667
0 0.390313 0.203333 0.014245 0.028333
0 0.886990 0.208333 0.015195 0.033333
0 0.765432 0.170000 0.018044 0.031667
0 0.821462 0.128333 0.011396 0.026667
0 0.540361 0.205000 0.018044 0.030000
0 0.430199 0.246667 0.017094 0.038333
0 0.773029 0.143333 0.013295 0.025000
0 0.043685 0.411667 0.032289 0.063333
0 0.716049 0.290000 0.024691 0.050000
0 0.748338 0.188333 0.018044 0.038333
0 0.440646 0.205000 0.018044 0.033333
0 0.425451 0.193333 0.014245 0.033333
0 0.563153 0.301667 0.022792 0.055000
0 0.536562 0.143333 0.012346 0.025000
0 0.746439 0.123333 0.011396 0.030000
0 0.673314 0.210000 0.016144 0.035000
0 0.617284 0.123333 0.011396 0.026667
0 0.399810 0.308333 0.023742 0.046667
0 0.699905 0.103333 0.012346 0.031667
0 0.401709 0.211667 0.013295 0.026667
0 0.877493 0.236667 0.017094 0.040000
0 0.380817 0.235000 0.016144 0.028333
0 0.836657 0.153333 0.016144 0.031667
0 0.642925 0.111667 0.013295 0.026667
0 0.343780 0.221667 0.016144 0.031667
0 0.777778 0.283333 0.024691 0.046667
0 0.621083 0.106667 0.011396 0.021667
0 0.638177 0.131667 0.012346 0.026667
0 0.875594 0.153333 0.013295 0.031667
0 0.906933 0.131667 0.009497 0.025000
0 0.302944 0.263333 0.018044 0.038333
0 0.416904 0.228333 0.016144 0.036667
0 0.901235 0.188333 0.013295 0.033333
0 0.486230 0.145000 0.009497 0.021667
0 0.805318 0.138333 0.009497 0.028333
0 0.465337 0.210000 0.018044 0.033333
0 0.365622 0.223333 0.016144 0.035000
0 0.593542 0.150000 0.012346 0.031667
0 0.931624 0.271667 0.018044 0.048333
0 0.735043 0.166667 0.014245 0.036667
0 0.671415 0.356667 0.030389 0.070000
0 0.716049 0.146667 0.013295 0.033333
0 0.704653 0.226667 0.020893 0.046667
0 0.606838 0.255000 0.017094 0.041667
0 0.451092 0.151667 0.011396 0.026667
0 0.519468 0.160000 0.012346 0.025000
0 0.493827 0.295000 0.024691 0.058333
0 0.340931 0.296667 0.018993 0.038333
0 0.477683 0.173333 0.013295 0.031667
0 0.752137 0.106667 0.011396 0.026667
0 0.457740 0.166667 0.013295 0.031667
0 0.647673 0.185000 0.018044 0.036667
0 0.306743 0.295000 0.021842 0.031667
0 0.605888 0.170000 0.017094 0.038333
0 0.258310 0.291667 0.017094 0.028333
0 0.614435 0.220000 0.018044 0.040000
0 0.850902 0.195000 0.016144 0.041667
0 0.409307 0.181667 0.015195 0.028333
0 0.578348 0.166667 0.015195 0.031667
0 0.938272 0.155000 0.012346 0.030000
0 0.879392 0.135000 0.010446 0.025000
0 0.828110 0.166667 0.012346 0.033333
0 0.790123 0.120000 0.009497 0.026667
0 0.554606 0.163333 0.016144 0.035000
0 0.601140 0.376667 0.028490 0.046667
0 0.484330 0.210000 0.013295 0.030000
0 0.566002 0.251667 0.020893 0.043333
0 0.598291 0.106667 0.013295 0.028333
0 0.290598 0.270000 0.015195 0.033333
0 0.768281 0.231667 0.020893 0.045000
0 0.800570 0.191667 0.015195 0.038333
0 0.866097 0.160000 0.016144 0.031667
0 0.675214 0.126667 0.010446 0.026667
