0 0.663704 0.593644 0.011852 0.024972
0 0.885926 0.611805 0.020741 0.037457
0 0.242222 0.576617 0.015556 0.031782
0 0.314074 0.683314 0.037037 0.078320
0 0.445926 0.589103 0.011852 0.020431
0 0.041481 0.612940 0.018519 0.034052
0 0.640741 0.591373 0.015556 0.024972
0 0.697037 0.594779 0.011852 0.021566
0 0.617037 0.620885 0.023704 0.040863
0 0.330370 0.585698 0.017778 0.034052
0 0.556296 0.589103 0.011852 0.021566
0 0.548889 0.601589 0.013333 0.024972
0 0.502222 0.597049 0.020000 0.030647
0 0.297778 0.603859 0.021481 0.037457
0 0.420000 0.587968 0.014815 0.019296
0 0.034815 0.592509 0.020000 0.034052
0 0.573333 0.637911 0.020000 0.040863
0 0.942222 0.636776 0.028148 0.059024
0 0.766667 0.624291 0.025185 0.041998
0 0.912593 0.637911 0.033333 0.059024
0 0.863704 0.607264 0.021481 0.037457
0 0.562963 0.607264 0.018519 0.029512
0 0.376296 0.725312 0.050370 0.101022
0 0.593333 0.635641 0.024444 0.038593
0 0.857778 0.637911 0.029630 0.061294
0 0.571852 0.593644 0.013333 0.023837
0 0.094815 0.597049 0.021481 0.037457
0 0.428148 0.622020 0.025926 0.046538
0 0.252593 0.720772 0.051852 0.091941
0 0.420000 0.601589 0.016296 0.023837
0 0.078519 0.643587 0.031111 0.047673
0 0.339259 0.587968 0.012593 0.030647
0 0.056296 0.627696 0.023704 0.047673
0 0.151111 0.643587 0.027407 0.051078
0 0.125185 0.592509 0.017037 0.029512
0 0.178519 0.641317 0.032593 0.062429
0 0.118519 0.615210 0.020741 0.037457
0 0.115556 0.726447 0.051852 0.101022
0 0.327407 0.617480 0.020741 0.043133
0 0.828148 0.606129 0.018519 0.037457
0 0.465926 0.603859 0.018519 0.027242
0 0.202963 0.616345 0.022222 0.046538
0 0.925185 0.607264 0.025926 0.043133
0 0.478519 0.591373 0.014074 0.028377
0 0.597778 0.608400 0.015556 0.024972
0 0.231111 0.639047 0.025185 0.051078
0 0.178519 0.607264 0.020741 0.036322
0 0.684444 0.652667 0.035556 0.070375
0 0.711852 0.644722 0.026667 0.056754
0 0.853333 0.594779 0.020741 0.036322
0 0.668889 0.624291 0.028148 0.045403
0 0.108889 0.683314 0.041481 0.049943
0 0.457037 0.645857 0.030370 0.057889
0 0.208889 0.685585 0.036296 0.078320
0 0.533333 0.633371 0.020741 0.046538
0 0.511852 0.615210 0.024444 0.031782
0 0.381481 0.614075 0.016296 0.036322
0 0.149630 0.620885 0.026667 0.038593
0 0.474074 0.633371 0.020741 0.048808
0 0.479259 0.611805 0.013333 0.031782
0 0.826667 0.650397 0.026667 0.060159
0 0.753333 0.610670 0.020000 0.034052
0 0.743704 0.591373 0.014815 0.028377
0 0.093333 0.657208 0.031852 0.056754
0 0.570370 0.617480 0.019259 0.032917
0 0.515556 0.578888 0.016296 0.022701
0 0.402963 0.629966 0.021481 0.048808
0 0.282222 0.589103 0.018519 0.028377
0 0.367407 0.620885 0.021481 0.044268
0 0.789630 0.604994 0.015556 0.035187
0 0.140741 0.592509 0.014074 0.032917
0 0.774074 0.659478 0.037778 0.074915
0 0.509630 0.628831 0.026667 0.039728
0 0.641481 0.614075 0.018519 0.032917
0 0.563704 0.585698 0.010370 0.023837
0 0.397778 0.591373 0.015556 0.031782
0 0.589630 0.592509 0.016296 0.026107
0 0.355556 0.590238 0.014074 0.019296
0 0.772593 0.604994 0.016296 0.034052
0 0.257778 0.651532 0.031111 0.052213
0 0.612593 0.666288 0.037037 0.065834
0 0.512593 0.666288 0.030370 0.061294
0 0.348148 0.609535 0.017037 0.035187
0 0.720000 0.610670 0.018519 0.037457
