0 0.652800 0.436798 0.035200 0.070225
0 0.235200 0.327247 0.019200 0.037921
0 0.908000 0.345506 0.018400 0.037921
0 0.687200 0.247191 0.015200 0.035112
0 0.826400 0.446629 0.035200 0.068820
0 0.353600 0.283708 0.017600 0.036517
0 0.661600 0.223315 0.016800 0.032303
0 0.540800 0.278090 0.020000 0.042135
0 0.281600 0.299157 0.018400 0.037921
0 0.550400 0.250000 0.017600 0.029494
0 0.794400 0.290730 0.015200 0.039326
0 0.531200 0.352528 0.024800 0.050562
0 0.534400 0.394663 0.027200 0.053371
0 0.401600 0.330056 0.021600 0.036517
0 0.652800 0.375000 0.026400 0.061798
0 0.625600 0.287921 0.020000 0.039326
0 0.451200 0.237360 0.012800 0.026685
0 0.747200 0.273876 0.018400 0.035112
0 0.421600 0.254213 0.012000 0.025281
0 0.336000 0.349719 0.022400 0.047753
0 0.513600 0.304775 0.019200 0.035112
0 0.828000 0.247191 0.016000 0.032303
0 0.588000 0.241573 0.013600 0.026685
0 0.854400 0.358146 0.024000 0.046348
0 0.464000 0.233146 0.012800 0.026685
0 0.494400 0.257022 0.016800 0.029494
0 0.628000 0.250000 0.014400 0.030899
0 0.542400 0.217697 0.013600 0.023876
0 0.836800 0.401685 0.024000 0.043539
0 0.285600 0.352528 0.020800 0.047753
0 0.396800 0.272472 0.015200 0.026685
0 0.261600 0.337079 0.021600 0.044944
0 0.561600 0.234551 0.015200 0.026685
0 0.758400 0.255618 0.013600 0.033708
0 0.792800 0.234551 0.013600 0.026685
0 0.673600 0.220506 0.011200 0.029494
0 0.722400 0.386236 0.025600 0.054775
0 0.393600 0.245787 0.013600 0.026685
0 0.727200 0.214888 0.015200 0.030899
0 0.369600 0.311798 0.017600 0.033708
0 0.510400 0.238764 0.015200 0.029494
0 0.680800 0.344101 0.023200 0.051966
0 0.466400 0.264045 0.018400 0.032303
0 0.464800 0.300562 0.017600 0.029494
0 0.839200 0.273876 0.014400 0.029494
0 0.616000 0.207865 0.012800 0.026685
0 0.440800 0.299157 0.020000 0.033708
0 0.874400 0.276685 0.016800 0.037921
0 0.891200 0.459270 0.032800 0.070225
0 0.755200 0.400281 0.026400 0.056180
0 0.899200 0.390449 0.027200 0.051966
0 0.852800 0.311798 0.016800 0.037921
0 0.562400 0.214888 0.014400 0.023876
0 0.020000 0.401685 0.025600 0.053371
0 0.668800 0.257022 0.016800 0.032303
0 0.582400 0.321629 0.018400 0.043539
0 0.830400 0.297753 0.017600 0.037921
0 0.628000 0.219101 0.015200 0.028090
0 0.374400 0.338483 0.019200 0.037921
0 0.600000 0.199438 0.012800 0.030899
0 0.527200 0.258427 0.016000 0.029494
0 0.599200 0.366573 0.025600 0.053371
0 0.732800 0.261236 0.015200 0.033708
0 0.700800 0.497191 0.040800 0.085674
0 0.424800 0.272472 0.016800 0.032303
0 0.744000 0.242978 0.014400 0.025281
0 0.816000 0.516854 0.039200 0.070225
0 0.708800 0.283708 0.015200 0.039326
0 0.792800 0.358146 0.023200 0.050562
0 0.905600 0.310393 0.013600 0.033708
0 0.405600 0.290730 0.016800 0.030899
0 0.443200 0.332865 0.022400 0.039326
0 0.492800 0.386236 0.026400 0.063202
