0 0.837449 0.268248 0.022634 0.056569
0 0.305556 0.211679 0.027778 0.047445
0 0.716049 0.195255 0.018519 0.036496
0 0.611111 0.209854 0.018519 0.040146
0 0.681070 0.177007 0.017490 0.041971
0 0.533951 0.156934 0.017490 0.041971
0 0.614198 0.235401 0.021605 0.049270
0 0.565844 0.295620 0.043210 0.093066
0 0.750000 0.281022 0.029835 0.082117
0 0.669753 0.217153 0.021605 0.045620
0 0.726337 0.282847 0.022634 0.060219
0 0.341564 0.195255 0.019547 0.031022
0 0.669753 0.255474 0.025720 0.058394
0 0.781893 0.354015 0.050412 0.114964
0 0.326132 0.193431 0.016461 0.038321
