0 0.676558 0.318261 0.028684 0.060870
0 0.794263 0.212174 0.012859 0.033043
0 0.454006 0.208696 0.017804 0.031304
0 0.890208 0.160000 0.012859 0.026087
0 0.836795 0.180870 0.012859 0.034783
0 0.794263 0.293913 0.023739 0.055652
0 0.907023 0.387826 0.027695 0.050435
0 0.747774 0.172174 0.015826 0.038261
0 0.718101 0.382609 0.030663 0.062609
0 0.517310 0.147826 0.010880 0.024348
0 0.678536 0.210435 0.017804 0.034783
0 0.702275 0.116522 0.011869 0.022609
0 0.765579 0.126957 0.014837 0.029565
0 0.833828 0.408696 0.034619 0.064348
0 0.599407 0.306087 0.028684 0.057391
0 0.562809 0.160000 0.010880 0.026087
0 0.360040 0.194783 0.014837 0.031304
0 0.783383 0.180870 0.012859 0.033043
0 0.597428 0.156522 0.015826 0.027826
0 0.629080 0.264348 0.018793 0.036522
0 0.800198 0.173913 0.012859 0.033043
0 0.709199 0.200000 0.015826 0.034783
0 0.570722 0.153043 0.012859 0.024348
0 0.942631 0.231304 0.015826 0.036522
0 0.673591 0.111304 0.009891 0.019130
0 0.643917 0.116522 0.009891 0.022609
0 0.673591 0.179130 0.015826 0.036522
0 0.732938 0.217391 0.018793 0.045217
0 0.655786 0.142609 0.012859 0.026087
0 0.861523 0.198261 0.015826 0.036522
0 0.612265 0.104348 0.012859 0.020870
0 0.420376 0.173913 0.016815 0.024348
0 0.649852 0.107826 0.010880 0.020870
0 0.503462 0.123478 0.009891 0.019130
0 0.609298 0.135652 0.012859 0.029565
0 0.549951 0.125217 0.010880 0.020870
0 0.669634 0.114783 0.010880 0.027826
0 0.926805 0.175652 0.013848 0.026087
0 0.488625 0.217391 0.020772 0.031304
0 0.541048 0.182609 0.016815 0.029565
0 0.931751 0.281739 0.018793 0.033043
0 0.854599 0.299130 0.018793 0.048696
0 0.814045 0.273043 0.019782 0.038261
0 0.907023 0.193043 0.012859 0.040000
0 0.586548 0.175652 0.016815 0.029565
0 0.890208 0.229565 0.018793 0.040000
0 0.534125 0.149565 0.012859 0.027826
0 0.480712 0.187826 0.016815 0.029565
0 0.875371 0.186087 0.012859 0.027826
0 0.467854 0.175652 0.014837 0.026087
0 0.332344 0.187826 0.015826 0.029565
0 0.457962 0.173913 0.012859 0.027826
0 0.678536 0.273043 0.020772 0.036522
0 0.211672 0.366957 0.046489 0.080000
0 0.875371 0.276522 0.021761 0.045217
0 0.711177 0.163478 0.014837 0.034783
0 0.949555 0.196522 0.013848 0.031304
0 0.507418 0.160000 0.012859 0.026087
0 0.901088 0.429565 0.030663 0.074783
0 0.848665 0.217391 0.016815 0.040000
0 0.946588 0.212174 0.014837 0.026087
0 0.588526 0.120000 0.012859 0.027826
0 0.498516 0.140870 0.011869 0.017391
0 0.633037 0.215652 0.018793 0.040000
0 0.817013 0.201739 0.013848 0.033043
0 0.316518 0.233043 0.014837 0.031304
0 0.463897 0.142609 0.011869 0.019130
0 0.550940 0.165217 0.014837 0.027826
0 0.790307 0.137391 0.013848 0.029565
0 0.628091 0.158261 0.013848 0.031304
0 0.915925 0.180870 0.013848 0.024348
0 0.574679 0.246957 0.018793 0.036522
0 0.769535 0.142609 0.012859 0.029565
0 0.452028 0.158261 0.012859 0.020870
