0 0.454000 0.275138 0.018000 0.036464
0 0.527333 0.314917 0.027333 0.056354
0 0.281333 0.280663 0.038000 0.074033
0 0.184667 0.232044 0.033333 0.075138
0 0.036000 0.190055 0.041333 0.070718
0 0.044667 0.266298 0.050000 0.102762
0 0.261333 0.380110 0.059333 0.100552
0 0.274000 0.214365 0.032667 0.060773
0 0.378667 0.233149 0.022000 0.038674
0 0.481333 0.283978 0.018667 0.040884
0 0.179333 0.182320 0.033333 0.053039
0 0.456667 0.309392 0.029333 0.054144
0 0.436667 0.279558 0.018000 0.050829
0 0.138000 0.181215 0.032000 0.059669
0 0.616000 0.367956 0.025333 0.045304
0 0.315333 0.245304 0.028000 0.053039
0 0.236667 0.286188 0.044000 0.087293
0 0.595333 0.367956 0.017333 0.043094
0 0.409333 0.391160 0.043333 0.074033
0 0.550667 0.317127 0.024000 0.049724
0 0.167333 0.398895 0.057333 0.106077
0 0.125333 0.234254 0.034667 0.072928
0 0.099333 0.375691 0.078667 0.154696
0 0.420000 0.289503 0.028000 0.064088
0 0.566000 0.380110 0.026667 0.048619
0 0.874000 0.367956 0.030000 0.059669
0 0.488667 0.308287 0.024000 0.053039
0 0.021333 0.144751 0.040667 0.064088
0 0.576000 0.362431 0.020667 0.038674
0 0.513333 0.384530 0.030667 0.051934
0 0.347333 0.405525 0.052000 0.089503
0 0.539333 0.380110 0.030667 0.060773
0 0.695333 0.424309 0.024667 0.041989
0 0.359333 0.257459 0.031333 0.053039
0 0.511333 0.316022 0.022667 0.047514
0 0.384000 0.271823 0.025333 0.049724
