0 0.351271 0.374502 0.044843 0.057769
0 0.784753 0.571713 0.109118 0.153386
0 0.705531 0.627490 0.156951 0.195219
0 0.164425 0.374502 0.032885 0.067729
0 0.417040 0.563745 0.110613 0.167331
0 0.635277 0.404382 0.055306 0.069721
0 0.239163 0.352590 0.040359 0.055777
0 0.566517 0.364542 0.034380 0.051793
0 0.596413 0.396414 0.044843 0.077689
0 0.367713 0.456175 0.077728 0.113546
0 0.713004 0.486056 0.074738 0.119522
0 0.671151 0.458167 0.055306 0.099602
0 0.434978 0.416335 0.062780 0.079681
0 0.627803 0.446215 0.046338 0.075697
