0 0.177500 0.580000 0.059000 0.096000
0 0.120500 0.587667 0.074250 0.111333
0 0.444500 0.537667 0.062750 0.100000
0 0.576750 0.364667 0.063500 0.085667
0 0.701000 0.570000 0.051500 0.082000
0 0.516000 0.522667 0.068250 0.097000
0 0.301000 0.589667 0.075750 0.109333
0 0.805000 0.646667 0.106750 0.142333
0 0.596500 0.686667 0.115000 0.153333
0 0.340750 0.543000 0.055250 0.097000
0 0.322500 0.651333 0.088750 0.127333
0 0.066500 0.844333 0.128000 0.196000
0 0.854750 0.568000 0.071250 0.102000
0 0.886250 0.513667 0.050750 0.085000
0 0.514250 0.921333 0.196250 0.156333
0 0.948250 0.505333 0.082750 0.122000
0 0.784000 0.511667 0.061500 0.095000
0 0.512250 0.601000 0.092250 0.120333
0 0.639250 0.548667 0.070500 0.104000
