0 0.565321 0.256338 0.012668 0.030986
0 0.349960 0.333803 0.016627 0.038028
0 0.404592 0.284507 0.017419 0.029577
0 0.545527 0.228169 0.011085 0.019718
0 0.783056 0.373239 0.022961 0.047887
0 0.458432 0.318310 0.019002 0.035211
0 0.703880 0.284507 0.015044 0.029577
0 0.421219 0.260563 0.019002 0.030986
0 0.619952 0.304225 0.019002 0.036620
0 0.620744 0.249296 0.017419 0.035211
0 0.561362 0.209859 0.014252 0.023944
0 0.456849 0.414085 0.029295 0.061972
0 0.566112 0.278873 0.016627 0.023944
0 0.517023 0.276056 0.014252 0.029577
0 0.286619 0.363380 0.019002 0.040845
0 0.583531 0.321127 0.019794 0.039437
0 0.512272 0.247887 0.014252 0.033803
0 0.437055 0.339437 0.018211 0.030986
0 0.885194 0.456338 0.029295 0.056338
0 0.641330 0.236620 0.014252 0.035211
0 0.255740 0.359155 0.022961 0.033803
0 0.528899 0.405634 0.024545 0.045070
0 0.496437 0.316901 0.017419 0.035211
0 0.790974 0.273239 0.011876 0.032394
0 0.463975 0.267606 0.015044 0.036620
0 0.686461 0.498592 0.033254 0.080282
0 0.139351 0.469014 0.041172 0.083099
0 0.761679 0.236620 0.016627 0.033803
0 0.672209 0.346479 0.018211 0.045070
0 0.805226 0.338028 0.016627 0.040845
0 0.897862 0.350704 0.016627 0.039437
0 0.348377 0.297183 0.015044 0.033803
0 0.689628 0.260563 0.013460 0.030986
0 0.330958 0.363380 0.019794 0.045070
0 0.381631 0.332394 0.018211 0.042254
0 0.749802 0.266197 0.021378 0.040845
0 0.733175 0.233803 0.011085 0.032394
0 0.907363 0.311268 0.014252 0.026761
0 0.828979 0.314085 0.014252 0.033803
0 0.523357 0.246479 0.015044 0.035211
0 0.664291 0.235211 0.012668 0.030986
0 0.660333 0.263380 0.013460 0.026761
0 0.816310 0.267606 0.018211 0.032394
0 0.636580 0.216901 0.013460 0.025352
0 0.622328 0.452113 0.033254 0.063380
0 0.833729 0.377465 0.016627 0.049296
0 0.600950 0.204225 0.014252 0.029577
0 0.384006 0.261972 0.018211 0.028169
0 0.492478 0.263380 0.015835 0.038028
0 0.723674 0.243662 0.012668 0.022535
0 0.438638 0.254930 0.020586 0.029577
0 0.885986 0.402817 0.024545 0.040845
0 0.406968 0.326761 0.019002 0.038028
0 0.429929 0.309859 0.021378 0.038028
0 0.576405 0.394366 0.024545 0.045070
0 0.873317 0.322535 0.018211 0.036620
0 0.424386 0.285915 0.016627 0.035211
0 0.722882 0.397183 0.025337 0.045070
0 0.650040 0.370423 0.025337 0.063380
0 0.714964 0.263380 0.014252 0.040845
0 0.836105 0.264789 0.016627 0.035211
0 0.657165 0.236620 0.011085 0.032394
0 0.855899 0.353521 0.015835 0.049296
0 0.902613 0.269014 0.011085 0.030986
0 0.564529 0.438028 0.025337 0.046479
0 0.751386 0.428169 0.027712 0.052113
0 0.742676 0.291549 0.017419 0.035211
0 0.848773 0.254930 0.010293 0.026761
0 0.285036 0.304225 0.015044 0.033803
0 0.612035 0.214085 0.015835 0.023944
