0 0.850199 0.292135 0.028685 0.061798
0 0.812749 0.403090 0.039841 0.081461
0 0.867729 0.251404 0.023108 0.046348
0 0.581673 0.122191 0.013546 0.022472
0 0.710757 0.228933 0.019124 0.044944
0 0.164940 0.478933 0.037450 0.067416
0 0.526693 0.140449 0.014343 0.032303
0 0.603984 0.259831 0.024701 0.046348
0 0.912351 0.289326 0.020717 0.049157
0 0.660558 0.109551 0.011952 0.023876
0 0.633466 0.094101 0.011155 0.026685
0 0.834263 0.129213 0.012749 0.029494
0 0.567331 0.181180 0.018327 0.033708
0 0.298805 0.235955 0.016733 0.035112
0 0.579283 0.146067 0.015936 0.032303
0 0.915538 0.241573 0.019920 0.047753
0 0.348207 0.280899 0.021514 0.044944
0 0.901992 0.337079 0.026295 0.064607
0 0.451793 0.212079 0.019920 0.036517
0 0.775299 0.150281 0.017530 0.029494
0 0.552191 0.250000 0.023904 0.047753
0 0.615936 0.206461 0.017530 0.044944
0 0.349004 0.228933 0.015936 0.028090
0 0.885259 0.429775 0.035060 0.078652
0 0.862948 0.219101 0.020717 0.035112
0 0.788048 0.110955 0.011952 0.023876
0 0.769721 0.216292 0.016733 0.033708
0 0.397610 0.224719 0.017530 0.036517
0 0.590438 0.099719 0.011952 0.021067
0 0.604781 0.154494 0.015936 0.036517
0 0.732271 0.143258 0.016733 0.037921
0 0.922709 0.157303 0.013546 0.028090
0 0.483665 0.212079 0.018327 0.037921
0 0.432669 0.213483 0.015139 0.028090
0 0.449402 0.148876 0.013546 0.025281
0 0.796016 0.178371 0.019124 0.036517
0 0.696414 0.106742 0.009562 0.023876
0 0.514741 0.158708 0.015139 0.030899
0 0.921912 0.212079 0.015139 0.032303
0 0.356175 0.259831 0.020717 0.028090
0 0.419920 0.182584 0.014343 0.030899
0 0.611952 0.101124 0.013546 0.023876
0 0.377689 0.219101 0.019920 0.040730
0 0.873307 0.123596 0.012749 0.025281
0 0.814343 0.250000 0.023108 0.053371
0 0.390438 0.278090 0.022311 0.046348
0 0.682072 0.157303 0.015936 0.026685
0 0.752988 0.174157 0.016733 0.037921
0 0.289243 0.269663 0.018327 0.039326
0 0.562550 0.105337 0.012749 0.021067
0 0.896414 0.153090 0.015139 0.029494
0 0.491633 0.129213 0.011952 0.025281
0 0.906773 0.146067 0.011952 0.029494
0 0.323506 0.269663 0.020717 0.039326
0 0.464542 0.144663 0.015936 0.030899
0 0.683665 0.183989 0.017530 0.039326
0 0.537052 0.283708 0.028685 0.061798
0 0.654980 0.273876 0.026295 0.054775
0 0.556972 0.134831 0.013546 0.028090
0 0.840637 0.189607 0.017530 0.033708
0 0.660558 0.132022 0.015139 0.022472
0 0.712351 0.141854 0.015936 0.033708
0 0.849402 0.160112 0.016733 0.033708
0 0.492430 0.147472 0.015936 0.028090
0 0.780080 0.133427 0.015936 0.025281
0 0.768924 0.294944 0.026295 0.063202
0 0.505179 0.129213 0.012749 0.030899
0 0.443825 0.167135 0.015139 0.030899
0 0.346614 0.207865 0.017530 0.029494
0 0.823904 0.217697 0.019124 0.036517
0 0.637450 0.130618 0.016733 0.029494
0 0.804781 0.122191 0.013546 0.033708
0 0.652590 0.228933 0.023904 0.046348
0 0.721912 0.168539 0.019920 0.044944
0 0.742629 0.117978 0.013546 0.028090
0 0.741833 0.255618 0.023904 0.049157
0 0.406375 0.193820 0.013546 0.029494
0 0.489243 0.176966 0.018327 0.033708
0 0.804781 0.157303 0.018327 0.033708
0 0.545020 0.157303 0.015139 0.033708
0 0.611952 0.125000 0.015139 0.028090
