0 0.364000 0.483483 0.026000 0.051051
0 0.838000 0.486486 0.036000 0.051051
0 0.570000 0.693694 0.086000 0.150150
0 0.938000 0.483483 0.038000 0.063063
0 0.688000 0.468468 0.026000 0.048048
0 0.910000 0.525526 0.048000 0.078078
0 0.788000 0.513514 0.044000 0.063063
0 0.560000 0.453453 0.022000 0.036036
0 0.818000 0.909910 0.138000 0.177177
0 0.616000 0.516517 0.024000 0.036036
0 0.578000 0.561562 0.036000 0.063063
0 0.742000 0.477477 0.032000 0.048048
0 0.270000 0.528529 0.032000 0.054054
0 0.406000 0.495495 0.028000 0.045045
0 0.924000 0.621622 0.074000 0.126126
0 0.700000 0.498498 0.026000 0.042042
0 0.384000 0.603604 0.036000 0.072072
0 0.442000 0.621622 0.048000 0.090090
0 0.194000 0.336336 0.142000 0.177177
0 0.698000 0.594595 0.048000 0.081081
0 0.454000 0.480480 0.020000 0.033033
0 0.532000 0.510511 0.034000 0.063063
0 0.480000 0.468468 0.022000 0.045045
0 0.516000 0.459459 0.022000 0.036036
