0 0.553803 0.117940 0.014842 0.038206
0 0.683673 0.171096 0.033395 0.058140
0 0.348794 0.262458 0.021336 0.034884
0 0.490724 0.285714 0.025046 0.053156
0 0.863636 0.217608 0.018553 0.038206
0 0.504638 0.167774 0.021336 0.033223
0 0.487013 0.212625 0.021336 0.034884
0 0.762523 0.132890 0.018553 0.051495
0 0.587199 0.098007 0.013915 0.034884
0 0.582560 0.126246 0.016698 0.039867
0 0.467532 0.142857 0.020408 0.041528
0 0.469388 0.182724 0.024119 0.038206
0 0.698516 0.126246 0.023191 0.049834
0 0.908163 0.191030 0.012987 0.031561
0 0.554731 0.157807 0.016698 0.036545
0 0.769944 0.116279 0.011132 0.031561
0 0.312616 0.219269 0.017625 0.038206
0 0.828386 0.132890 0.017625 0.034884
0 0.871985 0.169435 0.022263 0.049834
0 0.061224 0.395349 0.029685 0.073090
0 0.888683 0.124585 0.013915 0.034884
0 0.724490 0.126246 0.017625 0.038206
0 0.343228 0.209302 0.017625 0.036545
0 0.299629 0.257475 0.025046 0.048173
0 0.925788 0.157807 0.019481 0.029900
0 0.605751 0.272425 0.032468 0.051495
0 0.907236 0.154485 0.014842 0.033223
0 0.481447 0.131229 0.016698 0.028239
0 0.414657 0.169435 0.020408 0.034884
0 0.451763 0.225914 0.020408 0.046512
0 0.603896 0.210963 0.021336 0.043189
0 0.857143 0.146179 0.017625 0.031561
0 0.556586 0.232558 0.025974 0.048173
0 0.600186 0.323920 0.035250 0.059801
0 0.742115 0.152824 0.020408 0.038206
0 0.886827 0.189369 0.024119 0.041528
0 0.384972 0.302326 0.019481 0.048173
0 0.760668 0.229236 0.025974 0.053156
0 0.844156 0.142857 0.015770 0.038206
0 0.649351 0.167774 0.019481 0.031561
0 0.447124 0.139535 0.012987 0.038206
0 0.810761 0.151163 0.019481 0.036545
0 0.649351 0.117940 0.022263 0.039867
0 0.736549 0.136213 0.016698 0.033223
0 0.614100 0.112957 0.022263 0.044850
0 0.700371 0.280731 0.025046 0.049834
0 0.913729 0.272425 0.023191 0.048173
0 0.653061 0.197674 0.030612 0.049834
0 0.573284 0.147841 0.016698 0.039867
0 0.791280 0.126246 0.014842 0.041528
0 0.858071 0.127907 0.014842 0.029900
0 0.440631 0.194352 0.026902 0.038206
0 0.800557 0.237542 0.018553 0.048173
0 0.531540 0.132890 0.018553 0.033223
0 0.785714 0.172757 0.016698 0.041528
0 0.536178 0.191030 0.016698 0.044850
0 0.776438 0.282392 0.026902 0.064784
0 0.693878 0.222591 0.030612 0.061462
0 0.682746 0.106312 0.018553 0.036545
0 0.526902 0.302326 0.026902 0.058140
0 0.653061 0.259136 0.019481 0.041528
0 0.256030 0.279070 0.018553 0.029900
0 0.369202 0.215947 0.018553 0.039867
0 0.853432 0.186047 0.020408 0.034884
0 0.668831 0.112957 0.020408 0.034884
0 0.739332 0.101329 0.011132 0.026578
0 0.619666 0.141196 0.019481 0.036545
0 0.410019 0.225914 0.017625 0.038206
0 0.640074 0.096346 0.018553 0.029900
0 0.665121 0.343854 0.031540 0.061462
0 0.732839 0.177741 0.024119 0.048173
