0 0.090278 0.497917 0.055556 0.085417
0 0.508333 0.725000 0.111111 0.212500
0 0.277778 0.716667 0.080556 0.164583
0 0.468056 0.595833 0.065278 0.095833
0 0.197222 0.577083 0.076389 0.122917
0 0.801389 0.564583 0.055556 0.095833
0 0.556944 0.656250 0.065278 0.131250
0 0.670833 0.558333 0.070833 0.104167
0 0.909722 0.647917 0.076389 0.125000
0 0.076389 0.614583 0.083333 0.133333
0 0.016667 0.452083 0.030556 0.075000
0 0.976389 0.597917 0.036111 0.081250
0 0.841667 0.612500 0.061111 0.102083
0 0.456944 0.522917 0.055556 0.095833
0 0.945833 0.575000 0.050000 0.091667
0 0.319444 0.562500 0.070833 0.131250
0 0.094444 0.431250 0.050000 0.079167
0 0.108333 0.460417 0.041667 0.079167
0 0.244444 0.489583 0.054167 0.091667
0 0.872222 0.331250 0.058333 0.108333
0 0.562500 0.556250 0.044444 0.104167
0 0.751389 0.637500 0.088889 0.150000
