0 0.857561 0.307292 0.029268 0.059028
0 0.680000 0.125000 0.010732 0.024306
0 0.749268 0.135417 0.013659 0.036458
0 0.809756 0.267361 0.026341 0.050347
0 0.354146 0.210069 0.016585 0.034722
0 0.676098 0.331597 0.035122 0.069444
0 0.560976 0.201389 0.017561 0.043403
0 0.699512 0.180556 0.016585 0.032986
0 0.632195 0.119792 0.013659 0.029514
0 0.472195 0.138889 0.013659 0.026042
0 0.474146 0.230903 0.021463 0.048611
0 0.633171 0.248264 0.024390 0.046875
0 0.627317 0.151042 0.014634 0.031250
0 0.480976 0.180556 0.016585 0.032986
0 0.890732 0.394097 0.028293 0.074653
0 0.757073 0.161458 0.016585 0.036458
0 0.587317 0.112847 0.013659 0.029514
0 0.719024 0.173611 0.016585 0.022569
0 0.645854 0.149306 0.013659 0.022569
0 0.798049 0.170139 0.014634 0.034722
0 0.525854 0.131944 0.015610 0.031250
0 0.448780 0.215278 0.021463 0.041667
0 0.665366 0.277778 0.024390 0.046875
0 0.589268 0.239583 0.020488 0.046875
0 0.943415 0.210069 0.014634 0.036458
0 0.690732 0.119792 0.012683 0.029514
0 0.811707 0.208333 0.020488 0.041667
0 0.867317 0.189236 0.016585 0.029514
0 0.778537 0.190972 0.020488 0.038194
0 0.593171 0.291667 0.029268 0.062500
0 0.503415 0.142361 0.011707 0.026042
0 0.465366 0.163194 0.015610 0.032986
0 0.586341 0.180556 0.020488 0.036458
0 0.783415 0.144097 0.013659 0.032986
0 0.507317 0.123264 0.012683 0.026042
0 0.417561 0.166667 0.013659 0.031250
0 0.904390 0.164931 0.015610 0.034722
0 0.619512 0.111111 0.010732 0.026042
0 0.735610 0.338542 0.036098 0.065972
0 0.739512 0.187500 0.020488 0.041667
0 0.626341 0.296875 0.033171 0.074653
0 0.353171 0.184028 0.020488 0.036458
0 0.415610 0.203125 0.017561 0.038194
0 0.072195 0.305556 0.029268 0.057292
0 0.831220 0.187500 0.021463 0.043403
0 0.552195 0.168403 0.017561 0.034722
0 0.806829 0.309028 0.029268 0.065972
0 0.938537 0.289931 0.025366 0.043403
0 0.645854 0.109375 0.009756 0.020833
0 0.935610 0.243056 0.018537 0.038194
0 0.773659 0.229167 0.027317 0.045139
0 0.667317 0.119792 0.011707 0.027778
0 0.884878 0.241319 0.020488 0.050347
0 0.498537 0.159722 0.016585 0.032986
0 0.446829 0.184028 0.017561 0.032986
0 0.595122 0.154514 0.018537 0.038194
0 0.670244 0.218750 0.025366 0.046875
0 0.541463 0.131944 0.012683 0.031250
0 0.835122 0.345486 0.033171 0.064236
0 0.763902 0.137153 0.013659 0.027778
0 0.518049 0.168403 0.015610 0.034722
0 0.544390 0.144097 0.012683 0.026042
0 0.705366 0.204861 0.019512 0.043403
0 0.662439 0.187500 0.020488 0.041667
0 0.449756 0.161458 0.015610 0.026042
0 0.631220 0.220486 0.023415 0.045139
0 0.604878 0.135417 0.014634 0.032986
0 0.908293 0.326389 0.023415 0.062500
0 0.526829 0.295139 0.026341 0.057292
0 0.641951 0.133681 0.009756 0.027778
0 0.719024 0.227431 0.026341 0.045139
0 0.894634 0.201389 0.015610 0.038194
0 0.425366 0.178819 0.014634 0.029514
0 0.859512 0.239583 0.022439 0.043403
0 0.844878 0.159722 0.018537 0.039931
0 0.321951 0.230903 0.017561 0.038194
0 0.941463 0.177083 0.013659 0.036458
