0 0.282667 0.325416 0.026667 0.059382
0 0.402667 0.439430 0.044000 0.106888
0 0.697333 0.422803 0.042667 0.087886
0 0.372000 0.337292 0.025333 0.061758
0 0.768000 0.420428 0.052000 0.092637
0 0.622667 0.399050 0.046667 0.090261
0 0.341333 0.332542 0.028000 0.054632
0 0.578667 0.325416 0.030667 0.057007
0 0.978667 0.394299 0.041333 0.080760
0 0.898667 0.629454 0.085333 0.166271
0 0.521333 0.479810 0.050667 0.109264
0 0.141333 0.337292 0.029333 0.047506
0 0.738667 0.541568 0.078667 0.154394
0 0.314667 0.325416 0.022667 0.059382
0 0.470667 0.306413 0.025333 0.038005
0 0.056000 0.225653 0.065333 0.133017
0 0.522667 0.320665 0.025333 0.047506
0 0.194667 0.377672 0.036000 0.076010
0 0.745333 0.370546 0.036000 0.080760
0 0.606667 0.496437 0.062667 0.123515
0 0.829333 0.377672 0.044000 0.095012
0 0.452000 0.451306 0.048000 0.104513
0 0.966667 0.467933 0.064000 0.123515
0 0.408000 0.349169 0.029333 0.061758
0 0.248000 0.391924 0.041333 0.071259
0 0.149333 0.372922 0.036000 0.057007
