0 0.830962 0.347202 0.020921 0.038737
0 0.517155 0.401722 0.031799 0.060258
0 0.630126 0.380201 0.023431 0.047346
0 0.831799 0.252511 0.016736 0.035868
0 0.698745 0.329986 0.021757 0.044476
0 0.623431 0.253945 0.013389 0.028694
0 0.588285 0.248207 0.011715 0.025825
0 0.578243 0.292683 0.017573 0.037303
0 0.652720 0.308465 0.020084 0.045911
0 0.794979 0.271162 0.015063 0.031564
0 0.864435 0.461980 0.027615 0.063128
0 0.665272 0.342898 0.022594 0.047346
0 0.938075 0.400287 0.022594 0.051650
0 0.866109 0.312769 0.020084 0.035868
0 0.368201 0.301291 0.015900 0.028694
0 0.515481 0.269727 0.017573 0.037303
0 0.704603 0.236729 0.013389 0.027260
0 0.759833 0.407461 0.028452 0.057389
0 0.761506 0.228121 0.015063 0.031564
0 0.933891 0.463415 0.031799 0.067432
0 0.915481 0.295552 0.016736 0.038737
0 0.661925 0.249641 0.016736 0.032999
0 0.692050 0.278336 0.018410 0.037303
0 0.558159 0.374462 0.028452 0.057389
0 0.567364 0.233859 0.016736 0.035868
0 0.676987 0.225251 0.010879 0.018651
0 0.880335 0.269727 0.017573 0.030129
0 0.551464 0.263989 0.015900 0.032999
0 0.877824 0.417504 0.024268 0.047346
0 0.892887 0.324247 0.021757 0.043042
0 0.723013 0.256815 0.015900 0.028694
0 0.863598 0.266858 0.019247 0.040172
0 0.766527 0.275466 0.016736 0.031564
0 0.532218 0.252511 0.013389 0.034433
0 0.897908 0.361549 0.025941 0.051650
0 0.300418 0.371593 0.021757 0.044476
0 0.620921 0.228121 0.013389 0.028694
0 0.809205 0.407461 0.030126 0.061693
0 0.708787 0.361549 0.022594 0.045911
0 0.268619 0.360115 0.024268 0.050215
0 0.688703 0.233859 0.012552 0.025825
0 0.687029 0.456241 0.034310 0.068867
0 0.243515 0.341463 0.019247 0.041607
0 0.802510 0.236729 0.015063 0.028694
0 0.415063 0.282640 0.014226 0.027260
0 0.456067 0.311334 0.018410 0.037303
0 0.297071 0.315638 0.022594 0.043042
0 0.644351 0.220947 0.014226 0.027260
0 0.628452 0.437590 0.035146 0.057389
0 0.781590 0.256815 0.015063 0.030129
0 0.587448 0.226686 0.015063 0.030129
0 0.671967 0.243902 0.015063 0.025825
0 0.349791 0.367288 0.025105 0.053085
0 0.948117 0.358680 0.020084 0.041607
0 0.483682 0.239598 0.012552 0.027260
0 0.834310 0.307030 0.018410 0.035868
0 0.442678 0.288379 0.015900 0.032999
0 0.468619 0.345768 0.024268 0.041607
0 0.891213 0.252511 0.016736 0.044476
0 0.487029 0.276901 0.017573 0.030129
0 0.438494 0.263989 0.013389 0.022956
0 0.946444 0.325681 0.020084 0.034433
0 0.656904 0.233859 0.014226 0.031564
0 0.736402 0.513630 0.042678 0.083214
0 0.473640 0.251076 0.013389 0.028694
0 0.421757 0.348637 0.024268 0.040172
0 0.628452 0.209469 0.012552 0.027260
0 0.876987 0.292683 0.014226 0.034433
0 0.955649 0.286944 0.019247 0.040172
0 0.385774 0.328551 0.018410 0.028694
0 0.613389 0.332855 0.023431 0.047346
0 0.529707 0.285509 0.016736 0.040172
0 0.857741 0.548063 0.038494 0.071736
0 0.422594 0.302726 0.016736 0.031564
0 0.562343 0.410330 0.035146 0.055954
0 0.828452 0.380201 0.022594 0.051650
0 0.486192 0.309900 0.016736 0.028694
0 0.677824 0.374462 0.029289 0.058824
0 0.582427 0.272597 0.013389 0.028694
0 0.392469 0.354376 0.018410 0.034433
0 0.757322 0.252511 0.011715 0.028694
0 0.784100 0.286944 0.017573 0.035868
