0 0.160000 0.652500 0.071667 0.122500
0 0.568333 0.475000 0.016667 0.025000
0 0.100000 0.560000 0.043333 0.057500
0 0.943333 0.387500 0.018333 0.032500
0 0.668333 0.517500 0.028333 0.047500
0 0.751667 0.407500 0.016667 0.025000
0 0.736667 0.437500 0.013333 0.030000
0 0.325000 0.490000 0.013333 0.017500
0 0.706667 0.412500 0.015000 0.030000
0 0.901667 0.490000 0.026667 0.042500
0 0.588333 0.657500 0.058333 0.105000
0 0.233333 0.512500 0.023333 0.040000
0 0.276667 0.500000 0.021667 0.035000
0 0.748333 0.477500 0.020000 0.035000
0 0.471667 0.600000 0.045000 0.087500
0 0.111667 0.642500 0.071667 0.105000
0 0.948333 0.422500 0.023333 0.045000
0 0.553333 0.410000 0.013333 0.030000
0 0.268333 0.702500 0.080000 0.147500
0 0.260000 0.427500 0.015000 0.030000
0 0.641667 0.407500 0.016667 0.025000
0 0.010000 0.432500 0.018333 0.030000
0 0.316667 0.545000 0.030000 0.057500
0 0.088333 0.442500 0.020000 0.035000
0 0.200000 0.450000 0.016667 0.032500
0 0.456667 0.417500 0.015000 0.022500
0 0.460000 0.450000 0.015000 0.030000
0 0.301667 0.582500 0.036667 0.052500
0 0.406667 0.447500 0.013333 0.025000
0 0.316667 0.435000 0.013333 0.027500
0 0.791667 0.427500 0.018333 0.030000
0 0.110000 0.472500 0.023333 0.030000
0 0.751667 0.510000 0.025000 0.050000
0 0.165000 0.470000 0.016667 0.025000
0 0.318333 0.472500 0.015000 0.022500
0 0.461667 0.482500 0.020000 0.025000
0 0.325000 0.612500 0.040000 0.062500
0 0.413333 0.432500 0.013333 0.020000
0 0.820000 0.527500 0.021667 0.047500
0 0.871667 0.395000 0.016667 0.035000
0 0.015000 0.502500 0.028333 0.047500
0 0.141667 0.440000 0.016667 0.032500
0 0.858333 0.432500 0.018333 0.032500
0 0.620000 0.432500 0.028333 0.045000
0 0.801667 0.400000 0.016667 0.030000
0 0.665000 0.437500 0.015000 0.027500
0 0.816667 0.467500 0.023333 0.037500
0 0.565000 0.450000 0.016667 0.027500
0 0.393333 0.522500 0.025000 0.037500
0 0.390000 0.490000 0.015000 0.027500
0 0.963333 0.535000 0.035000 0.057500
0 0.326667 0.522500 0.021667 0.037500
0 0.223333 0.465000 0.020000 0.035000
0 0.356667 0.432500 0.011667 0.025000
0 0.688333 0.477500 0.016667 0.032500
0 0.371667 0.480000 0.020000 0.030000
0 0.125000 0.552500 0.031667 0.062500
0 0.296667 0.885000 0.133333 0.217500
