0 0.425617 0.227336 0.019093 0.041841
0 0.307876 0.232915 0.015911 0.030683
0 0.849642 0.161785 0.013524 0.034868
0 0.683373 0.188285 0.017502 0.040446
0 0.817025 0.153417 0.015115 0.034868
0 0.463007 0.234310 0.017502 0.041841
0 0.587908 0.138075 0.015911 0.034868
0 0.350040 0.227336 0.016706 0.032078
0 0.760541 0.177127 0.019093 0.037657
0 0.608592 0.249651 0.023071 0.052999
0 0.906921 0.306834 0.023071 0.058577
0 0.892601 0.160391 0.014320 0.032078
0 0.590294 0.168759 0.015115 0.037657
0 0.727924 0.135286 0.012729 0.032078
0 0.448687 0.153417 0.015115 0.027894
0 0.825776 0.341702 0.027844 0.073919
0 0.343675 0.259414 0.019093 0.040446
0 0.778043 0.117155 0.013524 0.029289
0 0.544948 0.291492 0.027844 0.055788
0 0.505171 0.188285 0.017502 0.036262
0 0.287192 0.271967 0.017502 0.041841
0 0.345267 0.309623 0.018298 0.040446
0 0.544153 0.165969 0.015115 0.033473
0 0.782816 0.154812 0.014320 0.030683
0 0.649960 0.100418 0.011933 0.025105
0 0.836913 0.126918 0.011933 0.033473
0 0.526651 0.140865 0.015115 0.027894
0 0.874304 0.133891 0.011933 0.033473
0 0.438345 0.177127 0.016706 0.037657
0 0.567224 0.253835 0.020684 0.046025
0 0.661893 0.133891 0.012729 0.029289
0 0.667462 0.256625 0.027049 0.059972
0 0.717582 0.157601 0.014320 0.034868
0 0.316627 0.276151 0.021480 0.039052
0 0.510740 0.167364 0.015115 0.036262
0 0.889419 0.184100 0.015911 0.032078
0 0.872713 0.223152 0.019889 0.048815
0 0.771679 0.145049 0.012729 0.036262
0 0.595068 0.329149 0.033413 0.062762
0 0.505171 0.133891 0.012729 0.027894
0 0.048528 0.389121 0.023866 0.057183
0 0.614956 0.107392 0.011933 0.025105
0 0.927605 0.227336 0.017502 0.041841
0 0.674622 0.216179 0.019889 0.048815
0 0.738266 0.230126 0.023866 0.054393
0 0.772474 0.266388 0.024662 0.055788
0 0.658711 0.108787 0.011138 0.026499
0 0.612570 0.132497 0.014320 0.027894
0 0.443914 0.192469 0.012729 0.032078
0 0.524264 0.157601 0.011933 0.030683
0 0.352426 0.209205 0.015115 0.027894
0 0.854415 0.241283 0.020684 0.046025
0 0.565632 0.124128 0.012729 0.027894
0 0.640414 0.140865 0.015115 0.032078
0 0.810660 0.249651 0.019889 0.047420
0 0.823389 0.213389 0.016706 0.043236
0 0.774065 0.214784 0.019093 0.046025
0 0.384248 0.291492 0.021480 0.043236
0 0.591090 0.105997 0.014320 0.025105
0 0.863962 0.146444 0.013524 0.033473
0 0.558473 0.142259 0.014320 0.033473
0 0.934765 0.163180 0.014320 0.037657
0 0.832936 0.135286 0.014320 0.032078
0 0.468576 0.168759 0.014320 0.026499
0 0.883850 0.430962 0.030231 0.076709
0 0.379475 0.228731 0.018298 0.036262
0 0.832936 0.299861 0.026253 0.062762
0 0.614956 0.210600 0.017502 0.043236
0 0.579952 0.163180 0.012729 0.032078
0 0.803500 0.124128 0.012729 0.030683
0 0.904535 0.139470 0.012729 0.037657
0 0.468576 0.145049 0.014320 0.029289
0 0.801909 0.181311 0.017502 0.039052
0 0.552108 0.131102 0.012729 0.026499
0 0.725537 0.182706 0.018298 0.039052
0 0.737470 0.142259 0.015115 0.030683
0 0.408115 0.195258 0.015911 0.030683
0 0.686555 0.111576 0.012729 0.027894
