0 0.902488 0.425760 0.034826 0.082290
0 0.761194 0.180680 0.017910 0.033989
0 0.191045 0.468694 0.043781 0.084079
0 0.701493 0.314848 0.030846 0.069767
0 0.867662 0.282648 0.024876 0.051878
0 0.750249 0.203936 0.017910 0.044723
0 0.577114 0.236136 0.028856 0.050089
0 0.591045 0.118068 0.009950 0.028623
0 0.494527 0.123435 0.015920 0.026834
0 0.934328 0.309481 0.025871 0.059034
0 0.434826 0.168157 0.015920 0.039356
0 0.683582 0.280859 0.027861 0.062612
0 0.513433 0.218247 0.022886 0.044723
0 0.561194 0.161002 0.015920 0.030411
0 0.758209 0.139535 0.015920 0.033989
0 0.730348 0.143113 0.017910 0.039356
0 0.335323 0.218247 0.017910 0.035778
0 0.659701 0.100179 0.015920 0.028623
0 0.767164 0.127013 0.013930 0.025045
0 0.546269 0.288014 0.026866 0.062612
0 0.816915 0.153846 0.017910 0.035778
0 0.626866 0.270125 0.028856 0.050089
0 0.418905 0.150268 0.017910 0.028623
0 0.488557 0.144902 0.011940 0.037567
0 0.802985 0.221825 0.021891 0.042934
0 0.827861 0.415027 0.034826 0.071556
0 0.932338 0.234347 0.021891 0.048301
0 0.375124 0.280859 0.023881 0.041145
0 0.782090 0.400716 0.034826 0.076923
0 0.734328 0.228980 0.019900 0.051878
0 0.638806 0.212880 0.019900 0.044723
0 0.524378 0.273703 0.031841 0.069767
0 0.654726 0.134168 0.013930 0.032200
0 0.555224 0.193202 0.024876 0.039356
0 0.434826 0.252236 0.026866 0.046512
0 0.797015 0.252236 0.027861 0.053667
0 0.775124 0.243292 0.025871 0.053667
0 0.351244 0.250447 0.018905 0.042934
0 0.600995 0.144902 0.015920 0.030411
0 0.507463 0.141324 0.017910 0.037567
0 0.709453 0.189624 0.022886 0.046512
0 0.697512 0.100179 0.012935 0.025045
0 0.535323 0.159213 0.016915 0.032200
0 0.391045 0.200358 0.017910 0.041145
0 0.445771 0.153846 0.014925 0.033989
0 0.771144 0.159213 0.017910 0.039356
0 0.791045 0.132379 0.017910 0.035778
0 0.571144 0.148479 0.010945 0.028623
0 0.579104 0.116279 0.013930 0.032200
0 0.673632 0.116279 0.012935 0.030411
0 0.600000 0.343470 0.033831 0.064401
0 0.523383 0.127013 0.016915 0.030411
0 0.713433 0.289803 0.026866 0.048301
0 0.585075 0.177102 0.018905 0.032200
0 0.580100 0.146691 0.014925 0.030411
0 0.381095 0.189624 0.015920 0.035778
0 0.546269 0.132379 0.014925 0.028623
0 0.559204 0.137746 0.010945 0.021467
0 0.845771 0.329159 0.031841 0.064401
0 0.473632 0.135957 0.012935 0.026834
0 0.286567 0.227191 0.019900 0.035778
0 0.325373 0.198569 0.015920 0.030411
0 0.511443 0.178891 0.020896 0.037567
0 0.917413 0.355993 0.027861 0.066190
0 0.688557 0.173524 0.022886 0.042934
0 0.615920 0.121646 0.016915 0.028623
0 0.716418 0.100179 0.015920 0.033989
0 0.468657 0.168157 0.018905 0.037567
0 0.797015 0.316637 0.027861 0.062612
0 0.637811 0.116279 0.013930 0.028623
0 0.443781 0.212880 0.019900 0.046512
0 0.346269 0.193202 0.015920 0.035778
0 0.620896 0.153846 0.016915 0.035778
