0 0.208824 0.415686 0.032353 0.039216
0 0.251471 0.490196 0.041176 0.049020
0 0.635294 0.533333 0.044118 0.062745
0 0.700000 0.380392 0.020588 0.031373
0 0.216176 0.374510 0.020588 0.041176
0 0.397059 0.392157 0.019118 0.027451
0 0.651471 0.382353 0.020588 0.035294
0 0.361765 0.378431 0.030882 0.037255
0 0.748529 0.380392 0.022059 0.043137
0 0.682353 0.472549 0.038235 0.060784
0 0.857353 0.531373 0.047059 0.072549
0 0.127941 0.443137 0.030882 0.033333
0 0.044118 0.327451 0.022059 0.033333
0 0.780882 0.439216 0.027941 0.052941
0 0.095588 0.405882 0.027941 0.045098
0 0.933824 0.390196 0.016176 0.033333
0 0.525000 0.501961 0.038235 0.064706
0 0.701471 0.350980 0.016176 0.025490
0 0.870588 0.337255 0.016176 0.031373
0 0.608824 0.596078 0.051471 0.086275
0 0.482353 0.439216 0.032353 0.052941
0 0.130882 0.552941 0.051471 0.060784
0 0.280882 0.496078 0.044118 0.062745
0 0.907353 0.537255 0.039706 0.064706
0 0.966176 0.417647 0.027941 0.049020
0 0.860294 0.354902 0.022059 0.025490
0 0.639706 0.631373 0.060294 0.101961
0 0.726471 0.392157 0.017647 0.035294
0 0.186765 0.431373 0.026471 0.039216
0 0.561765 0.550980 0.039706 0.070588
0 0.111765 0.376471 0.022059 0.035294
0 0.835294 0.415686 0.033824 0.037255
0 0.419118 0.525490 0.041176 0.066667
0 0.677941 0.362745 0.014706 0.035294
0 0.569118 0.396078 0.023529 0.035294
0 0.073529 0.529412 0.051471 0.076471
0 0.719118 0.441176 0.027941 0.037255
0 0.151471 0.517647 0.036765 0.066667
0 0.307353 0.647059 0.064706 0.117647
0 0.051471 0.380392 0.019118 0.035294
0 0.416176 0.439216 0.029412 0.043137
0 0.545588 0.388235 0.023529 0.037255
0 0.366176 0.560784 0.041176 0.078431
0 0.136765 0.672549 0.067647 0.107843
0 0.832353 0.435294 0.023529 0.035294
0 0.895588 0.474510 0.039706 0.058824
0 0.963235 0.372549 0.017647 0.025490
0 0.761765 0.470588 0.027941 0.050980
0 0.842647 0.476471 0.033824 0.050980
0 0.839706 0.335294 0.022059 0.031373
0 0.158824 0.400000 0.025000 0.037255
0 0.022059 0.415686 0.029412 0.041176
0 0.116176 0.468627 0.039706 0.056863
0 0.242647 0.435294 0.032353 0.047059
0 0.830882 0.539216 0.045588 0.076471
0 0.048529 0.450980 0.033824 0.056863
0 0.157353 0.376471 0.022059 0.029412
0 0.904412 0.637255 0.061765 0.100000
0 0.597059 0.394118 0.019118 0.037255
0 0.441176 0.400000 0.017647 0.031373
0 0.669118 0.441176 0.026471 0.043137
0 0.811765 0.352941 0.017647 0.031373
0 0.898529 0.386275 0.014706 0.035294
0 0.820588 0.643137 0.067647 0.101961
0 0.695588 0.407843 0.025000 0.035294
0 0.769118 0.392157 0.019118 0.035294
0 0.930882 0.425490 0.022059 0.035294
0 0.026471 0.368627 0.029412 0.039216
0 0.022059 0.476471 0.033824 0.050980
0 0.260294 0.411765 0.029412 0.047059
0 0.522059 0.431373 0.030882 0.050980
0 0.589706 0.435294 0.026471 0.043137
0 0.630882 0.445098 0.033824 0.043137
0 0.117647 0.611765 0.048529 0.068627
0 0.200000 0.470588 0.036765 0.047059
0 0.726471 0.496078 0.039706 0.060784
0 0.823529 0.378431 0.017647 0.037255
0 0.236765 0.578431 0.054412 0.092157
0 0.614706 0.398039 0.020588 0.041176
0 0.963235 0.556863 0.048529 0.084314
0 0.714706 0.558824 0.050000 0.078431
0 0.261765 0.541176 0.044118 0.070588
0 0.732353 0.427451 0.022059 0.045098
0 0.616176 0.503922 0.044118 0.062745
0 0.567647 0.445098 0.032353 0.043137
0 0.873529 0.394118 0.020588 0.049020
0 0.483824 0.388235 0.029412 0.041176
0 0.232353 0.394118 0.026471 0.035294
0 0.127941 0.374510 0.022059 0.031373
0 0.916176 0.441176 0.033824 0.045098
0 0.408824 0.405882 0.019118 0.029412
0 0.986765 0.384314 0.016176 0.035294
