0 0.732276 0.199662 0.016791 0.043993
0 0.796642 0.170897 0.014925 0.035533
0 0.705224 0.216582 0.020522 0.050761
0 0.318097 0.282572 0.015858 0.035533
0 0.805970 0.130288 0.009328 0.027073
0 0.698694 0.189509 0.013993 0.042301
0 0.793843 0.137056 0.010261 0.030457
0 0.653918 0.125212 0.017724 0.027073
0 0.506530 0.194585 0.013993 0.037225
0 0.519590 0.165821 0.010261 0.027073
0 0.627799 0.206430 0.017724 0.037225
0 0.855410 0.128596 0.012127 0.030457
0 0.530784 0.201354 0.015858 0.032149
0 0.763993 0.126904 0.009328 0.027073
0 0.626866 0.099831 0.008396 0.027073
0 0.563433 0.170897 0.017724 0.037225
0 0.403918 0.233503 0.017724 0.037225
0 0.347015 0.289340 0.018657 0.047377
0 0.619403 0.116751 0.011194 0.023689
0 0.775187 0.164129 0.014925 0.035533
0 0.923507 0.211506 0.016791 0.038917
0 0.556903 0.240271 0.020522 0.045685
0 0.889925 0.201354 0.013993 0.040609
0 0.678172 0.155668 0.014925 0.037225
0 0.458022 0.208122 0.014925 0.030457
0 0.896455 0.130288 0.012127 0.028765
0 0.486940 0.138748 0.012127 0.028765
0 0.658582 0.211506 0.013993 0.037225
0 0.923507 0.184433 0.013060 0.028765
0 0.753731 0.111675 0.009328 0.027073
0 0.375000 0.219966 0.014925 0.033841
0 0.256530 0.285956 0.013993 0.025381
0 0.823694 0.145516 0.013993 0.028765
0 0.841418 0.196277 0.015858 0.043993
0 0.282649 0.275804 0.014925 0.032149
0 0.461754 0.241963 0.018657 0.043993
0 0.779851 0.299492 0.019590 0.054146
0 0.598881 0.142132 0.012127 0.030457
0 0.551306 0.142132 0.014925 0.028765
0 0.510261 0.155668 0.013993 0.030457
0 0.424440 0.280880 0.020522 0.045685
0 0.923507 0.159052 0.010261 0.025381
0 0.714552 0.284264 0.021455 0.052453
0 0.827425 0.169205 0.011194 0.033841
0 0.868470 0.218274 0.019590 0.045685
0 0.557836 0.111675 0.010261 0.016920
0 0.646455 0.182741 0.016791 0.038917
0 0.735075 0.143824 0.017724 0.030457
0 0.534515 0.167513 0.013993 0.032149
0 0.745336 0.214890 0.017724 0.055838
0 0.685634 0.109983 0.012127 0.030457
0 0.486007 0.306261 0.022388 0.052453
0 0.536381 0.321489 0.021455 0.057530
0 0.411381 0.175973 0.013060 0.021997
0 0.298507 0.272420 0.014925 0.038917
0 0.036381 0.384095 0.024254 0.055838
0 0.307836 0.236887 0.010261 0.023689
0 0.659515 0.270728 0.022388 0.057530
0 0.917910 0.296108 0.021455 0.052453
0 0.601679 0.348562 0.027985 0.069374
0 0.473881 0.148900 0.013993 0.027073
0 0.774254 0.125212 0.010261 0.032149
0 0.817164 0.260575 0.016791 0.047377
0 0.475746 0.172589 0.014925 0.030457
0 0.607276 0.253807 0.025187 0.042301
0 0.330224 0.225042 0.015858 0.033841
0 0.587687 0.101523 0.011194 0.032149
