0 0.277000 0.521021 0.030000 0.049550
0 0.383000 0.438438 0.034000 0.057057
0 0.114000 0.460961 0.038000 0.072072
0 0.689000 0.418919 0.032000 0.060060
0 0.187000 0.546547 0.040000 0.066066
0 0.793000 0.456456 0.042000 0.066066
0 0.329000 0.537538 0.041000 0.070571
0 0.709000 0.548048 0.045000 0.091592
0 0.600000 0.436937 0.029000 0.057057
0 0.604000 0.536036 0.036000 0.063063
0 0.293000 0.418919 0.034000 0.054054
0 0.173000 0.444444 0.032000 0.057057
0 0.525000 0.441441 0.032000 0.061562
0 0.504000 0.540541 0.038000 0.070571
0 0.453000 0.442943 0.043000 0.064565
0 0.912000 0.469970 0.051000 0.078078
