0 0.845395 0.319066 0.021930 0.058366
0 0.345395 0.235409 0.018640 0.040856
0 0.888158 0.155642 0.013158 0.031128
0 0.382675 0.169261 0.013158 0.031128
0 0.938596 0.210117 0.015351 0.033074
0 0.513158 0.130350 0.010965 0.027237
0 0.436404 0.171206 0.013158 0.027237
0 0.728070 0.143969 0.012061 0.027237
0 0.274123 0.217899 0.017544 0.031128
0 0.733553 0.262646 0.024123 0.050584
0 0.462719 0.134241 0.009868 0.019455
0 0.476974 0.175097 0.013158 0.035019
0 0.627193 0.116732 0.013158 0.023346
0 0.438596 0.142023 0.014254 0.025292
0 0.885965 0.210117 0.015351 0.031128
0 0.747807 0.130350 0.010965 0.029183
0 0.675439 0.124514 0.013158 0.023346
0 0.550439 0.182879 0.017544 0.036965
0 0.657895 0.200389 0.014254 0.031128
0 0.859649 0.186770 0.013158 0.027237
0 0.346491 0.196498 0.017544 0.033074
0 0.822368 0.128405 0.010965 0.029183
0 0.532895 0.163424 0.012061 0.027237
0 0.521930 0.124514 0.008772 0.025292
0 0.574561 0.130350 0.013158 0.025292
0 0.837719 0.155642 0.013158 0.027237
0 0.617325 0.208171 0.017544 0.033074
0 0.788377 0.132296 0.012061 0.029183
0 0.561404 0.245136 0.017544 0.044747
0 0.778509 0.285992 0.024123 0.056420
0 0.790570 0.163424 0.012061 0.025292
0 0.750000 0.198444 0.016447 0.035019
0 0.427632 0.252918 0.017544 0.038911
0 0.470395 0.145914 0.013158 0.021401
0 0.662281 0.114786 0.013158 0.031128
0 0.708333 0.227626 0.016447 0.042802
0 0.627193 0.103113 0.013158 0.027237
0 0.951754 0.134241 0.014254 0.027237
0 0.429825 0.212062 0.016447 0.031128
0 0.631579 0.143969 0.014254 0.031128
0 0.732456 0.173152 0.014254 0.029183
0 0.536184 0.130350 0.010965 0.027237
0 0.496711 0.206226 0.017544 0.038911
0 0.900219 0.175097 0.012061 0.029183
0 0.843202 0.138132 0.012061 0.029183
0 0.612939 0.128405 0.012061 0.027237
0 0.649123 0.099222 0.009868 0.021401
0 0.831140 0.217899 0.018640 0.038911
0 0.485746 0.128405 0.010965 0.025292
0 0.921053 0.272374 0.019737 0.058366
0 0.702851 0.180934 0.014254 0.031128
0 0.520833 0.178988 0.015351 0.035019
0 0.589912 0.165370 0.013158 0.029183
0 0.676535 0.101167 0.009868 0.021401
0 0.399123 0.241245 0.016447 0.036965
0 0.919956 0.243191 0.015351 0.040856
0 0.925439 0.184825 0.012061 0.033074
0 0.506579 0.116732 0.008772 0.023346
0 0.388158 0.194553 0.014254 0.031128
0 0.597588 0.112840 0.010965 0.023346
0 0.393640 0.169261 0.017544 0.027237
0 0.906798 0.352140 0.019737 0.052529
0 0.757675 0.138132 0.013158 0.027237
0 0.779605 0.214008 0.015351 0.033074
0 0.663377 0.264591 0.021930 0.050584
0 0.622807 0.249027 0.023026 0.046693
0 0.864035 0.282101 0.019737 0.044747
0 0.823465 0.173152 0.013158 0.029183
0 0.776316 0.142023 0.014254 0.029183
0 0.460526 0.194553 0.025219 0.046693
