0 0.455153 0.478510 0.050573 0.074499
0 0.325382 0.583095 0.071565 0.108883
0 0.219466 0.468481 0.043893 0.071633
0 0.750954 0.564470 0.064885 0.120344
0 0.850191 0.803725 0.109733 0.127507
0 0.109733 0.531519 0.072519 0.121777
0 0.084924 0.667622 0.084924 0.146132
0 0.784351 0.262178 0.058206 0.080229
0 0.070611 0.494269 0.062977 0.084527
0 0.703244 0.709169 0.098282 0.189112
0 0.350191 0.752149 0.082061 0.121777
0 0.277672 0.482808 0.045802 0.073066
0 0.646947 0.505731 0.052481 0.090258
0 0.484733 0.514327 0.051527 0.077364
0 0.830153 0.583095 0.070611 0.121777
