0 0.891972 0.225131 0.018831 0.040140
0 0.559960 0.191972 0.020813 0.038394
0 0.513380 0.193717 0.019822 0.038394
0 0.496531 0.158813 0.015857 0.036649
0 0.166501 0.399651 0.053518 0.095986
0 0.468781 0.162304 0.016848 0.031414
0 0.290387 0.167539 0.015857 0.038394
0 0.487611 0.181501 0.015857 0.038394
0 0.336967 0.233857 0.022795 0.040140
0 0.427156 0.151832 0.011893 0.029668
0 0.407334 0.239092 0.022795 0.050611
0 0.898910 0.195462 0.013875 0.033159
0 0.939544 0.204188 0.013875 0.034904
0 0.307235 0.198953 0.019822 0.045375
0 0.934589 0.247818 0.017839 0.048866
0 0.448959 0.151832 0.013875 0.031414
