0 0.460377 0.646465 0.039623 0.080808
0 0.166038 0.690236 0.052830 0.101010
0 0.445283 0.488215 0.041509 0.080808
0 0.147170 0.760943 0.066038 0.124579
0 0.762264 0.771044 0.077358 0.151515
0 0.371698 0.693603 0.052830 0.097643
0 0.656604 0.841751 0.116981 0.202020
0 0.086792 0.700337 0.035849 0.063973
0 0.024528 0.710438 0.041509 0.070707
0 0.645283 0.717172 0.071698 0.154882
0 0.571698 0.771044 0.075472 0.138047
0 0.275472 0.727273 0.041509 0.094276
0 0.215094 0.734007 0.067925 0.138047
0 0.439623 0.828283 0.084906 0.205387
0 0.773585 0.717172 0.075472 0.138047
0 0.081132 0.744108 0.047170 0.077441
