0 0.534628 0.257880 0.017736 0.037249
0 0.651182 0.219198 0.014358 0.031519
0 0.794764 0.233524 0.013514 0.027221
0 0.798986 0.262178 0.013514 0.034384
0 0.827703 0.352436 0.020270 0.051576
0 0.680743 0.275072 0.016892 0.034384
0 0.702703 0.283668 0.016892 0.034384
0 0.862331 0.434097 0.030405 0.058739
0 0.412162 0.297994 0.017736 0.038682
0 0.479730 0.262178 0.016047 0.031519
0 0.601351 0.373926 0.024493 0.054441
0 0.788851 0.279370 0.016047 0.035817
0 0.550676 0.243553 0.015203 0.030086
0 0.677365 0.375358 0.028716 0.058739
0 0.440034 0.305158 0.021959 0.034384
0 0.478041 0.302292 0.021115 0.038682
0 0.557432 0.396848 0.031250 0.051576
0 0.607264 0.322350 0.025338 0.035817
0 0.657095 0.333811 0.022804 0.047278
0 0.744088 0.234957 0.010980 0.024355
0 0.642736 0.297994 0.019426 0.041547
0 0.951014 0.305158 0.014358 0.035817
0 0.429054 0.256447 0.016047 0.028653
0 0.504223 0.257880 0.015203 0.035817
0 0.495777 0.393983 0.029561 0.060172
0 0.390203 0.332378 0.019426 0.037249
0 0.940034 0.459885 0.029561 0.058739
0 0.762669 0.227794 0.013514 0.031519
0 0.932432 0.392550 0.021959 0.045845
0 0.606419 0.247851 0.015203 0.034384
0 0.614865 0.216332 0.011824 0.025788
0 0.697635 0.220630 0.015203 0.030086
0 0.513514 0.255014 0.014358 0.027221
0 0.884291 0.332378 0.020270 0.042980
0 0.228041 0.338109 0.018581 0.034384
0 0.119932 0.544413 0.040541 0.077364
0 0.703547 0.356734 0.026182 0.050143
0 0.576014 0.213467 0.013514 0.024355
0 0.723818 0.300860 0.016047 0.037249
0 0.353885 0.323782 0.017736 0.030086
0 0.909628 0.272206 0.016892 0.035817
0 0.956081 0.276504 0.016047 0.031519
0 0.400338 0.256447 0.019426 0.032951
0 0.948480 0.351003 0.019426 0.041547
0 0.679899 0.207736 0.013514 0.028653
0 0.620777 0.421203 0.032939 0.064470
0 0.645270 0.462751 0.041385 0.070201
0 0.739865 0.398281 0.025338 0.051576
0 0.585304 0.252149 0.017736 0.037249
0 0.645270 0.243553 0.016047 0.031519
0 0.887669 0.257880 0.013514 0.032951
0 0.258446 0.339542 0.021959 0.040115
0 0.872466 0.270774 0.012669 0.034384
0 0.449324 0.259312 0.014358 0.032951
0 0.558277 0.355301 0.026182 0.044413
0 0.777872 0.259312 0.014358 0.035817
0 0.828547 0.296562 0.018581 0.032951
0 0.565034 0.282235 0.017736 0.034384
0 0.291385 0.361032 0.021959 0.045845
0 0.833615 0.273639 0.017736 0.030086
0 0.684966 0.227794 0.012669 0.025788
0 0.718750 0.249284 0.015203 0.037249
0 0.287162 0.303725 0.017736 0.032951
0 0.862331 0.308023 0.019426 0.037249
0 0.863176 0.270774 0.013514 0.032951
0 0.635980 0.214900 0.016047 0.030086
0 0.856419 0.255014 0.012669 0.025788
0 0.512669 0.326648 0.021959 0.045845
0 0.520270 0.237822 0.016047 0.028653
0 0.826014 0.239255 0.014358 0.032951
0 0.336993 0.359599 0.022804 0.050143
0 0.848818 0.514327 0.038851 0.067335
0 0.618243 0.202006 0.012669 0.027221
0 0.358108 0.293696 0.020270 0.034384
0 0.475507 0.232092 0.013514 0.027221
0 0.796453 0.422636 0.030405 0.051576
0 0.447635 0.333811 0.021959 0.045845
0 0.751689 0.253582 0.014358 0.028653
0 0.579392 0.233524 0.011824 0.021490
0 0.713682 0.537249 0.038007 0.075931
0 0.929899 0.309456 0.014358 0.035817
