0 0.507500 0.120301 0.070000 0.120301
0 0.615000 0.075188 0.052500 0.086466
0 0.485000 0.052632 0.050000 0.082707
0 0.852500 0.037594 0.040000 0.060150
0 0.570000 0.030075 0.035000 0.056391
0 0.460000 0.199248 0.102500 0.195489
0 0.930000 0.240602 0.087500 0.165414
0 0.767500 0.052632 0.037500 0.060150
0 0.735000 0.037594 0.040000 0.071429
0 0.750000 0.281955 0.170000 0.308271
0 0.457500 0.026316 0.037500 0.048872
0 0.322500 0.281955 0.175000 0.334586
0 0.755000 0.142857 0.057500 0.097744
0 0.217500 0.124060 0.110000 0.199248
0 0.687500 0.056391 0.077500 0.105263
0 0.857500 0.127820 0.067500 0.112782
0 0.625000 0.015038 0.037500 0.022556
0 0.912500 0.082707 0.042500 0.067669
0 0.315000 0.048872 0.060000 0.090226
0 0.520000 0.022556 0.037500 0.037594
