0 0.255112 0.260345 0.013632 0.034483
0 0.669912 0.168966 0.015579 0.039655
0 0.707887 0.222414 0.017527 0.043103
0 0.392405 0.210345 0.014606 0.039655
0 0.671860 0.101724 0.010711 0.022414
0 0.817916 0.144828 0.014606 0.036207
0 0.559883 0.256897 0.020448 0.046552
0 0.545278 0.168966 0.013632 0.029310
0 0.927945 0.153448 0.006816 0.020690
0 0.358325 0.239655 0.024343 0.051724
0 0.407984 0.182759 0.015579 0.034483
0 0.278481 0.248276 0.014606 0.025862
0 0.840312 0.115517 0.010711 0.024138
0 0.600779 0.150000 0.012658 0.025862
0 0.865628 0.255172 0.019474 0.039655
0 0.645570 0.131034 0.010711 0.024138
0 0.593963 0.103448 0.009737 0.024138
0 0.693281 0.184483 0.019474 0.039655
0 0.700097 0.096552 0.009737 0.022414
0 0.811100 0.131034 0.015579 0.036207
0 0.924051 0.200000 0.015579 0.037931
0 0.914314 0.293103 0.021422 0.060345
0 0.903603 0.143103 0.009737 0.024138
0 0.560857 0.124138 0.011685 0.025862
0 0.636806 0.101724 0.010711 0.022414
0 0.528724 0.127586 0.009737 0.020690
0 0.609542 0.125862 0.011685 0.022414
0 0.794547 0.363793 0.027264 0.063793
0 0.793574 0.139655 0.013632 0.034483
0 0.929893 0.231034 0.014606 0.039655
0 0.845180 0.291379 0.026290 0.063793
0 0.449854 0.150000 0.008763 0.022414
0 0.824732 0.194828 0.014606 0.044828
0 0.661149 0.205172 0.018500 0.044828
0 0.488802 0.189655 0.016553 0.036207
0 0.519961 0.163793 0.013632 0.025862
0 0.444012 0.222414 0.016553 0.037931
0 0.533593 0.322414 0.025316 0.053448
0 0.608569 0.317241 0.023369 0.055172
0 0.480039 0.181034 0.012658 0.034483
0 0.386563 0.267241 0.013632 0.036207
0 0.509250 0.129310 0.007790 0.022414
0 0.488802 0.298276 0.025316 0.050000
0 0.617332 0.100000 0.010711 0.020690
0 0.768257 0.263793 0.023369 0.055172
0 0.749757 0.215517 0.020448 0.050000
0 0.490750 0.156897 0.013632 0.029310
0 0.653359 0.115517 0.010711 0.024138
0 0.614411 0.201724 0.016553 0.039655
0 0.555015 0.110345 0.010711 0.022414
0 0.690360 0.146552 0.015579 0.027586
0 0.445959 0.182759 0.012658 0.027586
0 0.328140 0.203448 0.015579 0.031034
0 0.866602 0.122414 0.007790 0.025862
0 0.738072 0.177586 0.016553 0.039655
0 0.388510 0.196552 0.014606 0.034483
0 0.876339 0.196552 0.017527 0.037931
0 0.362220 0.191379 0.010711 0.031034
0 0.777994 0.189655 0.022395 0.053448
0 0.747809 0.331034 0.029211 0.067241
0 0.852970 0.143103 0.010711 0.029310
0 0.895813 0.360345 0.022395 0.063793
0 0.688413 0.310345 0.030185 0.067241
0 0.883155 0.181034 0.016553 0.039655
0 0.696203 0.281034 0.024343 0.048276
0 0.808179 0.241379 0.020448 0.046552
0 0.521908 0.194828 0.013632 0.043103
0 0.573515 0.162069 0.011685 0.027586
