0 0.172500 0.823333 0.098750 0.110000
0 0.822500 0.686667 0.062500 0.075000
0 0.670000 0.686667 0.058750 0.055000
0 0.640000 0.605000 0.035000 0.055000
0 0.846250 0.803333 0.125000 0.175000
0 0.870000 0.726667 0.070000 0.086667
0 0.487500 0.743333 0.078750 0.096667
0 0.731250 0.603333 0.036250 0.058333
0 0.406250 0.648333 0.048750 0.053333
0 0.690000 0.741667 0.075000 0.103333
0 0.170000 0.661667 0.057500 0.075000
0 0.070000 0.685000 0.050000 0.051667
0 0.226250 0.610000 0.043750 0.060000
0 0.546250 0.648333 0.048750 0.063333
0 0.496250 0.816667 0.106250 0.141667
0 0.603750 0.446667 0.023750 0.041667
0 0.048750 0.638333 0.052500 0.061667
0 0.537500 0.590000 0.032500 0.041667
0 0.523750 0.678333 0.048750 0.055000
0 0.353750 0.600000 0.040000 0.045000
0 0.308750 0.758333 0.081250 0.088333
0 0.166250 0.600000 0.046250 0.063333
0 0.381250 0.668333 0.053750 0.065000
0 0.451250 0.600000 0.043750 0.053333
0 0.752500 0.650000 0.045000 0.066667
0 0.113750 0.750000 0.068750 0.086667
0 0.243750 0.668333 0.056250 0.086667
0 0.671250 0.643333 0.047500 0.065000
0 0.300000 0.663333 0.047500 0.055000
