0 0.838188 0.191280 0.016181 0.040788
0 0.934466 0.187060 0.016990 0.035162
0 0.632686 0.108298 0.010518 0.023910
0 0.732201 0.119550 0.014563 0.028129
0 0.753236 0.174402 0.015372 0.040788
0 0.492718 0.136428 0.013754 0.026723
0 0.805825 0.163150 0.018608 0.042194
0 0.676375 0.189873 0.019417 0.042194
0 0.580097 0.150492 0.016990 0.033755
0 0.481392 0.208158 0.018608 0.039381
0 0.884304 0.203938 0.016990 0.042194
0 0.776699 0.137834 0.016181 0.032349
0 0.909385 0.154712 0.012945 0.026723
0 0.732201 0.239100 0.021036 0.050633
0 0.521036 0.181435 0.017799 0.040788
0 0.748382 0.149086 0.014563 0.035162
0 0.452265 0.153305 0.012136 0.030942
0 0.609223 0.132208 0.014563 0.028129
0 0.699029 0.132208 0.014563 0.025316
0 0.794498 0.175809 0.019417 0.046414
0 0.683657 0.227848 0.022654 0.054852
0 0.830906 0.163150 0.017799 0.036568
0 0.812298 0.216596 0.022654 0.045007
0 0.711974 0.180028 0.014563 0.033755
0 0.652104 0.151899 0.014563 0.035162
0 0.614887 0.160338 0.014563 0.026723
0 0.504854 0.143460 0.012945 0.029536
0 0.466828 0.146273 0.014563 0.029536
0 0.392395 0.178622 0.016990 0.029536
0 0.957929 0.226442 0.018608 0.037975
0 0.474919 0.170183 0.013754 0.030942
0 0.904531 0.232068 0.024272 0.046414
0 0.719256 0.310830 0.048544 0.084388
0 0.896440 0.271449 0.021845 0.050633
0 0.559061 0.147679 0.013754 0.026723
0 0.857605 0.178622 0.014563 0.033755
0 0.646440 0.132208 0.012136 0.026723
0 0.563916 0.188467 0.020227 0.036568
0 0.604369 0.237693 0.022654 0.052039
0 0.491100 0.170183 0.014563 0.037975
0 0.669903 0.125176 0.013754 0.026723
0 0.592233 0.125176 0.013754 0.032349
0 0.692557 0.113924 0.013754 0.023910
0 0.339806 0.195499 0.018608 0.043601
0 0.527508 0.135021 0.016990 0.036568
0 0.423948 0.174402 0.016181 0.032349
0 0.843851 0.143460 0.016181 0.030942
0 0.533172 0.168776 0.013754 0.036568
0 0.877023 0.142053 0.014563 0.032349
0 0.960356 0.178622 0.012945 0.029536
0 0.446602 0.178622 0.017799 0.037975
0 0.728964 0.199719 0.017799 0.045007
0 0.377023 0.203938 0.021845 0.036568
0 0.567961 0.125176 0.012945 0.026723
