0 0.895312 0.419087 0.037500 0.091286
0 0.434375 0.427386 0.009375 0.037344
0 0.195312 0.829876 0.098437 0.232365
0 0.873437 0.207469 0.014063 0.033195
0 0.770312 0.452282 0.029687 0.058091
0 0.409375 0.439834 0.014063 0.029046
0 0.723437 0.477178 0.025000 0.070539
0 0.578125 0.456432 0.014063 0.062241
0 0.318750 0.614108 0.034375 0.099585
0 0.510938 0.506224 0.012500 0.041494
0 0.456250 0.423237 0.014063 0.033195
0 0.112500 0.717842 0.050000 0.149378
0 0.231250 0.572614 0.015625 0.045643
0 0.401562 0.647303 0.042188 0.132780
0 0.481250 0.410788 0.015625 0.037344
0 0.531250 0.497925 0.017188 0.058091
0 0.378125 0.585062 0.035937 0.087137
0 0.764062 0.518672 0.045312 0.103734
0 0.493750 0.514523 0.015625 0.037344
0 0.910937 0.331950 0.025000 0.078838
0 0.925000 0.257261 0.021875 0.053942
0 0.209375 0.572614 0.025000 0.058091
0 0.982812 0.419087 0.032813 0.112033
0 0.928125 0.356846 0.028125 0.070539
