0 0.807813 0.437681 0.023438 0.040580
0 0.568750 0.449275 0.028125 0.055072
0 0.690625 0.428986 0.021875 0.046377
0 0.585938 0.414493 0.021875 0.037681
0 0.106250 0.388406 0.034375 0.066667
0 0.754687 0.452174 0.028125 0.060870
0 0.485938 0.484058 0.043750 0.075362
0 0.915625 0.463768 0.031250 0.066667
0 0.145313 0.628986 0.114062 0.214493
0 0.260937 0.411594 0.034375 0.063768
0 0.207813 0.513043 0.059375 0.130435
0 0.498437 0.405797 0.020313 0.040580
0 0.056250 0.417391 0.037500 0.063768
0 0.434375 0.318841 0.018750 0.043478
0 0.964063 0.628986 0.070312 0.159420
0 0.940625 0.455072 0.032813 0.063768
0 0.025000 0.457971 0.040625 0.084058
0 0.784375 0.515942 0.048438 0.110145
0 0.648438 0.434783 0.026562 0.052174
0 0.612500 0.405797 0.025000 0.043478
0 0.634375 0.649275 0.076563 0.150725
0 0.443750 0.440580 0.035937 0.066667
0 0.245312 0.475362 0.039062 0.086957
0 0.409375 0.426087 0.032813 0.057971
0 0.850000 0.478261 0.043750 0.084058
0 0.153125 0.394203 0.018750 0.046377
0 0.604688 0.469565 0.034375 0.066667
0 0.535937 0.431884 0.025000 0.057971
0 0.515625 0.428986 0.020313 0.043478
0 0.684375 0.513043 0.045312 0.072464
0 0.129688 0.388406 0.025000 0.055072
0 0.540625 0.547826 0.056250 0.107246
0 0.717187 0.466667 0.026562 0.046377
0 0.878125 0.452174 0.023438 0.052174
0 0.712500 0.428986 0.020313 0.037681
