0 0.403333 0.617222 0.056296 0.097222
0 0.474074 0.682778 0.056667 0.092222
0 0.557037 0.611111 0.069259 0.101667
0 0.886296 0.767778 0.072222 0.134444
0 0.233704 0.762778 0.064444 0.100556
0 0.062222 0.907222 0.082222 0.149444
0 0.836296 0.650556 0.065185 0.095556
0 0.256296 0.640000 0.064444 0.087222
0 0.535185 0.393333 0.052963 0.092778
0 0.695185 0.755556 0.070000 0.119444
0 0.935556 0.706111 0.067407 0.097778
0 0.317037 0.675000 0.062593 0.101667
0 0.816667 0.861667 0.101481 0.146111
0 0.170370 0.701111 0.060370 0.088333
0 0.753333 0.674444 0.063704 0.105000
0 0.029259 0.802222 0.055185 0.121111
0 0.127407 0.639444 0.071481 0.105000
0 0.525926 0.906667 0.111111 0.160556
0 0.757407 0.943333 0.084444 0.106111
