0 0.943525 0.201849 0.018500 0.036980
0 0.570594 0.215716 0.020448 0.044684
0 0.549172 0.251156 0.024343 0.055470
0 0.798442 0.191063 0.020448 0.035439
0 0.720545 0.201849 0.023369 0.038521
0 0.509250 0.130971 0.012658 0.023112
0 0.841285 0.315871 0.033106 0.057011
0 0.443038 0.203390 0.020448 0.036980
0 0.385589 0.177196 0.015579 0.027735
0 0.205453 0.326656 0.042843 0.069337
0 0.643622 0.194145 0.017527 0.040062
0 0.383642 0.204931 0.016553 0.032357
0 0.532619 0.158706 0.016553 0.030817
0 0.496592 0.120185 0.010711 0.021572
0 0.526777 0.117103 0.011685 0.023112
0 0.314508 0.200308 0.015579 0.032357
0 0.929893 0.292758 0.026290 0.047766
0 0.635833 0.112481 0.013632 0.024653
0 0.674781 0.166410 0.017527 0.035439
0 0.740019 0.124807 0.012658 0.027735
0 0.609542 0.305085 0.025316 0.053929
0 0.703992 0.089368 0.010711 0.020031
0 0.895813 0.200308 0.017527 0.038521
0 0.609542 0.226502 0.024343 0.053929
0 0.358325 0.158706 0.011685 0.021572
0 0.598832 0.140216 0.015579 0.030817
0 0.913340 0.374422 0.035054 0.072419
0 0.824732 0.229584 0.022395 0.044684
0 0.695229 0.109399 0.011685 0.027735
0 0.421616 0.149461 0.014606 0.027735
0 0.690360 0.269646 0.027264 0.049307
0 0.296008 0.195686 0.012658 0.032357
0 0.843233 0.269646 0.028238 0.046225
0 0.449854 0.172573 0.015579 0.032357
0 0.765336 0.121726 0.012658 0.027735
0 0.720545 0.090909 0.009737 0.020031
0 0.766310 0.209553 0.018500 0.043143
0 0.805258 0.132512 0.014606 0.035439
0 0.669912 0.127889 0.015579 0.027735
0 0.782863 0.130971 0.013632 0.023112
0 0.790652 0.263482 0.022395 0.055470
0 0.749757 0.143297 0.017527 0.029276
0 0.591042 0.098613 0.009737 0.018490
0 0.568647 0.161787 0.017527 0.029276
0 0.694255 0.212635 0.023369 0.044684
0 0.933788 0.249615 0.021422 0.041602
0 0.622201 0.100154 0.010711 0.026194
0 0.333009 0.197227 0.015579 0.026194
0 0.565725 0.134052 0.016553 0.029276
0 0.877313 0.235747 0.021422 0.044684
0 0.356378 0.181818 0.017527 0.026194
0 0.432327 0.123267 0.011685 0.027735
0 0.456670 0.191063 0.014606 0.035439
0 0.412853 0.171032 0.016553 0.033898
0 0.666018 0.093991 0.010711 0.024653
0 0.605648 0.114022 0.012658 0.024653
0 0.481013 0.147920 0.014606 0.027735
0 0.498539 0.243451 0.023369 0.053929
0 0.628043 0.135593 0.014606 0.029276
0 0.662123 0.104777 0.010711 0.023112
0 0.533593 0.109399 0.009737 0.021572
0 0.552093 0.107858 0.012658 0.023112
0 0.723466 0.158706 0.018500 0.036980
0 0.740993 0.254237 0.019474 0.043143
0 0.481013 0.114022 0.009737 0.020031
0 0.511198 0.181818 0.016553 0.032357
