0 0.911569 0.498000 0.033245 0.063500
0 0.219082 0.437500 0.105053 0.202000
0 0.450133 0.490500 0.041556 0.079000
0 0.304854 0.528000 0.083112 0.152000
0 0.802527 0.568500 0.021609 0.050000
0 0.418883 0.474500 0.035239 0.080000
0 0.609375 0.507500 0.061835 0.117500
0 0.855386 0.578500 0.026263 0.051000
0 0.678856 0.481500 0.101396 0.167500
0 0.489362 0.527000 0.086769 0.137500
0 0.545213 0.467500 0.062168 0.123000
0 0.976396 0.597500 0.024269 0.049000
0 0.157247 0.817500 0.133644 0.250000
0 0.128324 0.496000 0.037234 0.067500
