0 0.713733 0.187608 0.015474 0.032702
0 0.631528 0.237522 0.020309 0.051635
0 0.659574 0.098107 0.009671 0.027539
0 0.912959 0.344234 0.020309 0.055077
0 0.307544 0.213425 0.016441 0.034423
0 0.440039 0.168675 0.016441 0.036145
0 0.544487 0.172117 0.012573 0.034423
0 0.509671 0.146299 0.014507 0.029260
0 0.329787 0.222031 0.017408 0.034423
0 0.835590 0.345955 0.022244 0.055077
0 0.617988 0.213425 0.022244 0.039587
0 0.804642 0.203098 0.019342 0.044750
0 0.718569 0.110155 0.010638 0.027539
0 0.613153 0.110155 0.014507 0.027539
0 0.775629 0.135972 0.011605 0.022375
0 0.469052 0.149742 0.012573 0.027539
0 0.621857 0.127367 0.014507 0.024096
0 0.492263 0.280551 0.023211 0.061962
0 0.482592 0.173838 0.018375 0.034423
0 0.726306 0.144578 0.012573 0.034423
0 0.418762 0.144578 0.013540 0.032702
0 0.582205 0.113597 0.013540 0.029260
0 0.506770 0.120482 0.015474 0.024096
0 0.703095 0.156627 0.018375 0.034423
0 0.802708 0.240964 0.018375 0.043029
0 0.385880 0.208262 0.016441 0.034423
0 0.599613 0.337349 0.027079 0.060241
0 0.730174 0.289157 0.017408 0.051635
0 0.891683 0.426850 0.028046 0.079174
0 0.540619 0.130809 0.012573 0.029260
0 0.884913 0.228916 0.017408 0.043029
0 0.667311 0.129088 0.016441 0.029260
0 0.663443 0.180723 0.017408 0.041308
0 0.527079 0.123924 0.016441 0.029260
0 0.808511 0.153184 0.015474 0.036145
0 0.688588 0.306368 0.021277 0.063683
0 0.602515 0.122203 0.015474 0.030981
0 0.736944 0.387263 0.031915 0.070568
0 0.368472 0.197935 0.017408 0.039587
0 0.340426 0.201377 0.014507 0.032702
0 0.544487 0.196213 0.018375 0.032702
0 0.926499 0.218589 0.015474 0.041308
0 0.364603 0.254733 0.019342 0.034423
0 0.469052 0.139415 0.011605 0.027539
0 0.619923 0.153184 0.016441 0.030981
0 0.378143 0.239243 0.013540 0.036145
0 0.759188 0.184165 0.018375 0.039587
0 0.542553 0.285714 0.027079 0.056799
0 0.746615 0.132530 0.012573 0.034423
0 0.564797 0.249570 0.020309 0.051635
0 0.749516 0.177281 0.018375 0.037866
0 0.487427 0.134251 0.012573 0.029260
0 0.789168 0.158348 0.013540 0.037866
0 0.208897 0.370052 0.047389 0.084337
0 0.682785 0.117040 0.012573 0.025818
0 0.558994 0.149742 0.013540 0.029260
0 0.635397 0.115318 0.015474 0.027539
0 0.351064 0.223752 0.018375 0.032702
0 0.682785 0.259897 0.017408 0.043029
0 0.870406 0.256454 0.016441 0.049914
0 0.918762 0.285714 0.019342 0.048193
0 0.692456 0.103270 0.008704 0.018933
0 0.575435 0.129088 0.011605 0.029260
0 0.808511 0.409639 0.029981 0.068847
0 0.723404 0.234079 0.015474 0.044750
0 0.445841 0.222031 0.023211 0.034423
0 0.476789 0.230637 0.020309 0.039587
