0 0.476667 0.542636 0.045000 0.062016
0 0.286667 0.573643 0.060000 0.069767
0 0.571667 0.488372 0.040000 0.064599
0 0.246667 0.501292 0.043333 0.064599
0 0.943333 0.408269 0.026667 0.056848
0 0.081667 0.472868 0.035000 0.062016
0 0.036667 0.475452 0.045000 0.056848
0 0.635000 0.550388 0.061667 0.098191
0 0.683333 0.591731 0.066667 0.108527
0 0.056667 0.521964 0.051667 0.090439
0 0.460000 0.516796 0.036667 0.049096
0 0.488333 0.583979 0.065000 0.100775
0 0.580000 0.532300 0.040000 0.067183
0 0.453333 0.496124 0.035000 0.062016
0 0.933333 0.511628 0.065000 0.087855
0 0.856667 0.498708 0.046667 0.072351
0 0.243333 0.788114 0.141667 0.211886
0 0.558333 0.741602 0.111667 0.235142
0 0.355000 0.501292 0.036667 0.067183
0 0.793333 0.483204 0.045000 0.067183
0 0.181667 0.493540 0.041667 0.062016
0 0.326667 0.532300 0.043333 0.074935
0 0.078333 0.658915 0.095000 0.131783
0 0.536667 0.480620 0.030000 0.062016
0 0.200000 0.516796 0.045000 0.072351
