0 0.594041 0.050000 0.010242 0.021667
0 0.691806 0.176667 0.023277 0.038333
0 0.413408 0.218333 0.017691 0.035000
0 0.317505 0.250000 0.023277 0.041667
0 0.702048 0.130000 0.012104 0.033333
0 0.527002 0.321667 0.023277 0.058333
0 0.875233 0.185000 0.015829 0.033333
0 0.760708 0.121667 0.013035 0.030000
0 0.337989 0.286667 0.027933 0.050000
0 0.417132 0.265000 0.022346 0.041667
0 0.513035 0.146667 0.015829 0.030000
0 0.459032 0.198333 0.011173 0.026667
0 0.776536 0.296667 0.018622 0.060000
0 0.324953 0.206667 0.011173 0.023333
0 0.663873 0.116667 0.014898 0.033333
0 0.439479 0.186667 0.015829 0.035000
0 0.791434 0.131667 0.011173 0.028333
0 0.838920 0.191667 0.018622 0.036667
0 0.464618 0.146667 0.013035 0.025000
0 0.563315 0.173333 0.015829 0.028333
0 0.823091 0.128333 0.016760 0.033333
0 0.468343 0.245000 0.026071 0.040000
0 0.739292 0.193333 0.017691 0.036667
0 0.918994 0.098333 0.011173 0.038333
0 0.921788 0.188333 0.017691 0.041667
0 0.601490 0.256667 0.023277 0.046667
0 0.712291 0.155000 0.016760 0.033333
0 0.737430 0.140000 0.014898 0.035000
0 0.520484 0.208333 0.019553 0.035000
0 0.607076 0.321667 0.027002 0.065000
0 0.777467 0.113333 0.012104 0.028333
0 0.677840 0.205000 0.018622 0.036667
0 0.590317 0.155000 0.015829 0.033333
0 0.656425 0.210000 0.019553 0.038333
0 0.857542 0.141667 0.016760 0.038333
0 0.878957 0.148333 0.009311 0.026667
0 0.344507 0.210000 0.013035 0.030000
0 0.447858 0.221667 0.017691 0.030000
0 0.488827 0.293333 0.032588 0.073333
0 0.786778 0.178333 0.016760 0.033333
0 0.447858 0.166667 0.015829 0.023333
0 0.532588 0.160000 0.013035 0.030000
0 0.253259 0.271667 0.022346 0.031667
0 0.679702 0.091667 0.013966 0.031667
0 0.905028 0.266667 0.019553 0.048333
0 0.481378 0.200000 0.016760 0.033333
0 0.566108 0.231667 0.021415 0.043333
0 0.804469 0.125000 0.011173 0.026667
0 0.209497 0.350000 0.044693 0.093333
0 0.741155 0.275000 0.022346 0.058333
0 0.352886 0.165000 0.016760 0.026667
0 0.756052 0.231667 0.017691 0.046667
0 0.668529 0.353333 0.029795 0.046667
0 0.627561 0.075000 0.014898 0.030000
0 0.858473 0.226667 0.015829 0.043333
0 0.605214 0.203333 0.022346 0.043333
0 0.381750 0.200000 0.016760 0.036667
0 0.292365 0.253333 0.014898 0.031667
0 0.886406 0.161667 0.012104 0.041667
0 0.659218 0.161667 0.020484 0.033333
0 0.737430 0.101667 0.017691 0.036667
