0 0.403656 0.482419 0.017517 0.039381
0 0.845392 0.457103 0.012186 0.028129
0 0.453922 0.514768 0.022087 0.036568
0 0.470678 0.485232 0.018279 0.046414
0 0.146992 0.561181 0.033511 0.056259
0 0.699162 0.632911 0.039604 0.080169
0 0.638233 0.561181 0.031226 0.073136
0 0.635187 0.466948 0.012186 0.032349
0 0.833206 0.566807 0.021325 0.068917
0 0.930693 0.476793 0.015994 0.037975
0 0.386139 0.443038 0.012186 0.025316
0 0.265042 0.542897 0.023610 0.042194
0 0.368621 0.459916 0.014471 0.029536
0 0.579589 0.502110 0.016756 0.032349
0 0.072353 0.533052 0.015232 0.033755
0 0.208682 0.509142 0.011424 0.026723
0 0.397563 0.510549 0.017517 0.036568
0 0.840061 0.483826 0.014471 0.037975
0 0.910891 0.516174 0.023610 0.049226
0 0.070069 0.500703 0.019040 0.036568
0 0.346535 0.514768 0.019802 0.035162
0 0.665651 0.458509 0.015232 0.030942
0 0.711348 0.551336 0.028180 0.074543
0 0.774562 0.580872 0.033511 0.068917
0 0.764661 0.526020 0.022087 0.043601
0 0.194212 0.497890 0.013709 0.036568
0 0.626047 0.473980 0.012186 0.030942
0 0.961919 0.552743 0.064737 0.129395
0 0.421935 0.509142 0.016756 0.039381
0 0.209444 0.599156 0.035034 0.064698
0 0.246002 0.502110 0.014471 0.033755
0 0.178218 0.499297 0.015994 0.045007
0 0.846915 0.416315 0.012186 0.032349
0 0.301599 0.493671 0.013709 0.035162
0 0.518660 0.471167 0.009901 0.019691
0 0.223153 0.528833 0.019802 0.043601
0 0.265042 0.493671 0.012186 0.030942
0 0.689261 0.548523 0.022087 0.060478
0 0.292460 0.485232 0.011424 0.028129
0 0.281797 0.528833 0.016756 0.039381
0 0.516375 0.483826 0.011424 0.023910
0 0.947449 0.421941 0.017517 0.033755
0 0.866717 0.655415 0.051028 0.113924
0 0.640518 0.485232 0.014471 0.037975
0 0.121858 0.541491 0.019802 0.043601
0 0.389947 0.472574 0.011424 0.033755
0 0.754760 0.554149 0.022848 0.057665
0 0.583397 0.603376 0.033511 0.081575
0 0.357959 0.490858 0.012947 0.029536
0 0.925362 0.443038 0.015994 0.035162
0 0.603960 0.482419 0.014471 0.035162
0 0.571211 0.482419 0.009901 0.025316
0 0.305407 0.549930 0.025895 0.049226
0 0.012186 0.566807 0.022848 0.063291
0 0.370145 0.537271 0.019040 0.052039
0 0.697639 0.478200 0.013709 0.035162
0 0.095963 0.526020 0.015994 0.037975
0 0.672506 0.479606 0.016756 0.033755
0 0.881950 0.486639 0.019040 0.040788
0 0.147753 0.513361 0.015232 0.035162
0 0.207921 0.542897 0.022087 0.042194
0 0.368621 0.507736 0.015994 0.040788
0 0.420411 0.464135 0.011424 0.025316
0 0.598629 0.466948 0.010663 0.028129
0 0.114242 0.511955 0.015232 0.035162
0 0.569688 0.513361 0.018279 0.042194
0 0.534653 0.465541 0.011424 0.028129
0 0.800457 0.513361 0.025133 0.050633
0 0.169078 0.503516 0.015994 0.032349
0 0.341203 0.548523 0.023610 0.053446
0 0.319117 0.524613 0.016756 0.043601
0 0.311500 0.473980 0.012947 0.026723
0 0.239147 0.497890 0.008378 0.022504
0 0.731150 0.518987 0.024372 0.046414
0 0.915461 0.488045 0.020564 0.046414
0 0.884235 0.414909 0.012186 0.029536
0 0.530084 0.500703 0.016756 0.032349
0 0.458492 0.545710 0.024372 0.053446
0 0.433359 0.488045 0.012186 0.033755
0 0.614623 0.503516 0.013709 0.029536
0 0.531607 0.533052 0.024372 0.053446
0 0.337395 0.596343 0.037319 0.077356
0 0.504950 0.490858 0.015232 0.035162
0 0.795126 0.475387 0.019040 0.040788
0 0.782178 0.488045 0.017517 0.042194
0 0.855293 0.521800 0.025895 0.053446
0 0.217822 0.489451 0.014471 0.033755
0 0.402894 0.551336 0.022848 0.056259
0 0.440213 0.459916 0.010663 0.029536
0 0.824829 0.483826 0.015232 0.043601
0 0.566641 0.465541 0.010663 0.021097
0 0.975628 0.406470 0.014471 0.037975
0 0.759330 0.655415 0.048743 0.078762
0 0.907845 0.569620 0.036558 0.074543
