0 0.863333 0.376404 0.025000 0.046348
0 0.400833 0.306180 0.015833 0.028090
0 0.444167 0.352528 0.021667 0.037921
0 0.118333 0.529494 0.042500 0.070225
0 0.910000 0.339888 0.017500 0.043539
0 0.640833 0.227528 0.018333 0.028090
0 0.669167 0.285112 0.020000 0.033708
0 0.331667 0.351124 0.023333 0.047753
0 0.285000 0.362360 0.019167 0.044944
0 0.574167 0.214888 0.015833 0.029494
0 0.450000 0.258427 0.013333 0.025281
0 0.500000 0.327247 0.022500 0.036517
0 0.590833 0.389045 0.025833 0.050562
0 0.827500 0.521067 0.033333 0.075843
0 0.915000 0.488764 0.037500 0.074438
0 0.734167 0.251404 0.015000 0.030899
0 0.849167 0.327247 0.022500 0.037921
0 0.568333 0.280899 0.016667 0.035112
0 0.636667 0.480337 0.030833 0.070225
0 0.783333 0.244382 0.015000 0.037921
0 0.587500 0.450843 0.032500 0.066011
0 0.250000 0.363764 0.019167 0.046348
0 0.547500 0.251404 0.014167 0.032303
0 0.385000 0.266854 0.013333 0.032303
0 0.932500 0.365169 0.017500 0.049157
0 0.459167 0.252809 0.011667 0.023876
0 0.599167 0.334270 0.026667 0.049157
0 0.675000 0.233146 0.012500 0.028090
0 0.720833 0.417135 0.027500 0.058989
0 0.912500 0.442416 0.021667 0.040730
0 0.345833 0.300562 0.019167 0.035112
0 0.555833 0.223315 0.014167 0.023876
0 0.640000 0.257022 0.018333 0.025281
0 0.463333 0.235955 0.010833 0.018258
0 0.775000 0.439607 0.033333 0.058989
0 0.517500 0.285112 0.021667 0.030899
0 0.857500 0.283708 0.014167 0.042135
0 0.660000 0.375000 0.023333 0.051966
0 0.373333 0.341292 0.018333 0.035112
0 0.683333 0.318820 0.020833 0.046348
0 0.633333 0.313202 0.019167 0.036517
0 0.866667 0.275281 0.012500 0.039326
0 0.850000 0.469101 0.033333 0.054775
0 0.712500 0.300562 0.019167 0.039326
0 0.699167 0.221910 0.015833 0.032303
0 0.624167 0.219101 0.014167 0.026685
0 0.760833 0.265449 0.015000 0.023876
0 0.690000 0.370787 0.023333 0.040730
0 0.500833 0.273876 0.015000 0.026685
0 0.608333 0.206461 0.015000 0.028090
0 0.933333 0.304775 0.018333 0.040730
0 0.810000 0.248596 0.016667 0.037921
0 0.403333 0.341292 0.016667 0.036517
0 0.278333 0.314607 0.018333 0.033708
0 0.220000 0.342697 0.016667 0.035112
0 0.529167 0.380618 0.028333 0.046348
0 0.760000 0.235955 0.015000 0.032303
0 0.820833 0.301966 0.021667 0.032303
0 0.705000 0.258427 0.020000 0.037921
0 0.600000 0.254213 0.015000 0.023876
0 0.896667 0.280899 0.017500 0.042135
0 0.428333 0.316011 0.018333 0.039326
0 0.460000 0.424157 0.033333 0.060393
0 0.456667 0.283708 0.016667 0.029494
0 0.524167 0.439607 0.035833 0.054775
0 0.840833 0.258427 0.013333 0.032303
0 0.811667 0.362360 0.024167 0.061798
0 0.580000 0.271067 0.014167 0.033708
0 0.770000 0.283708 0.015833 0.036517
0 0.639167 0.365169 0.017500 0.040730
0 0.880000 0.262640 0.012500 0.029494
0 0.822500 0.334270 0.018333 0.028090
0 0.877500 0.318820 0.017500 0.033708
0 0.667500 0.216292 0.014167 0.025281
0 0.698333 0.546348 0.040833 0.080056
0 0.465833 0.316011 0.020833 0.033708
0 0.421667 0.258427 0.013333 0.022472
