0 0.664853 0.297087 0.029380 0.056311
0 0.561480 0.184466 0.019587 0.040777
0 0.736670 0.219417 0.021763 0.052427
0 0.673558 0.168932 0.021763 0.044660
0 0.546246 0.170874 0.016322 0.036893
0 0.248096 0.166990 0.015234 0.034951
0 0.443961 0.234951 0.018498 0.036893
0 0.632209 0.122330 0.017410 0.033010
0 0.445049 0.182524 0.018498 0.040777
0 0.933624 0.246602 0.021763 0.048544
0 0.670294 0.221359 0.020675 0.050485
0 0.624592 0.318447 0.031556 0.073786
0 0.482046 0.178641 0.018498 0.038835
0 0.871600 0.264078 0.026115 0.056311
0 0.309032 0.231068 0.019587 0.036893
0 0.829162 0.252427 0.026115 0.052427
0 0.637650 0.269903 0.023939 0.058252
0 0.409140 0.209709 0.020675 0.036893
0 0.689880 0.320388 0.032644 0.079612
