0 0.571767 0.417135 0.030757 0.057584
0 0.716088 0.372191 0.022871 0.046348
0 0.820189 0.384831 0.019716 0.037921
0 0.534700 0.471910 0.045741 0.081461
0 0.458202 0.384831 0.020505 0.033708
0 0.477129 0.411517 0.023659 0.051966
0 0.281546 0.467697 0.037066 0.058989
0 0.370662 0.405899 0.027603 0.047753
0 0.388013 0.425562 0.025237 0.067416
0 0.414038 0.414326 0.022082 0.044944
0 0.835962 0.404494 0.025237 0.051966
0 0.332019 0.425562 0.031546 0.066011
0 0.366719 0.453652 0.034700 0.054775
0 0.385647 0.376404 0.018927 0.036517
0 0.589117 0.384831 0.014196 0.036517
0 0.679022 0.397472 0.020505 0.039326
0 0.575710 0.387640 0.017350 0.033708
0 0.415615 0.372191 0.019716 0.032303
0 0.585962 0.301966 0.016562 0.032303
0 0.440063 0.384831 0.019716 0.050562
0 0.813880 0.365169 0.019716 0.044944
0 0.710568 0.428371 0.033912 0.061798
0 0.551262 0.372191 0.013407 0.028090
0 0.741325 0.463483 0.037855 0.064607
0 0.504732 0.380618 0.015773 0.039326
0 0.625394 0.484551 0.038644 0.078652
0 0.219243 0.417135 0.030757 0.050562
0 0.013407 0.436798 0.026025 0.084270
0 0.599369 0.410112 0.024448 0.049157
0 0.924290 0.421348 0.026025 0.054775
0 0.876972 0.401685 0.025237 0.040730
0 0.573344 0.609551 0.107256 0.206461
0 0.696372 0.405899 0.022082 0.040730
0 0.504732 0.417135 0.027603 0.061798
0 0.649054 0.401685 0.023659 0.056180
0 0.624606 0.375000 0.018927 0.037921
0 0.668770 0.379213 0.016562 0.037921
0 0.619085 0.421348 0.031546 0.060393
0 0.198738 0.599719 0.098580 0.150281
0 0.293375 0.396067 0.026814 0.047753
0 0.705836 0.560393 0.063091 0.140449
0 0.264196 0.407303 0.031546 0.053371
0 0.485804 0.387640 0.023659 0.043539
0 0.350946 0.386236 0.019716 0.046348
