0 0.963165 0.568269 0.056559 0.079167
0 0.241683 0.558974 0.058698 0.080128
0 0.714829 0.540064 0.048479 0.062179
0 0.778279 0.640064 0.104087 0.160256
0 0.731226 0.747436 0.158270 0.212179
0 0.599572 0.422756 0.037785 0.062179
0 0.472671 0.655128 0.119534 0.174359
0 0.403992 0.595192 0.084601 0.128205
0 0.641635 0.633013 0.072719 0.122115
0 0.854087 0.541026 0.056559 0.080128
0 0.857414 0.629167 0.072243 0.110256
0 0.538736 0.599359 0.052757 0.081090
0 0.940589 0.537821 0.051331 0.068269
0 0.611217 0.551923 0.051806 0.082372
0 0.837690 0.572436 0.068441 0.084936
0 0.314401 0.619551 0.069154 0.095192
