0 0.406511 0.263689 0.015860 0.037464
0 0.577629 0.221902 0.012521 0.021614
0 0.653589 0.249280 0.015025 0.030259
0 0.337229 0.371758 0.024207 0.047550
0 0.358932 0.327089 0.018364 0.037464
0 0.418197 0.335735 0.022538 0.040346
0 0.564274 0.288184 0.017529 0.034582
0 0.600167 0.453890 0.031720 0.076369
0 0.696995 0.226225 0.015860 0.031700
0 0.740401 0.409222 0.035058 0.056196
0 0.871452 0.275216 0.013356 0.036023
0 0.784641 0.275216 0.018364 0.033141
0 0.650250 0.226225 0.013356 0.023055
0 0.608514 0.250720 0.016694 0.033141
0 0.909015 0.276657 0.015025 0.034582
0 0.611853 0.332853 0.026711 0.048991
0 0.651085 0.304035 0.020033 0.038905
0 0.702838 0.370317 0.023372 0.053314
0 0.265442 0.345821 0.021703 0.041787
0 0.362270 0.295389 0.016694 0.031700
0 0.822204 0.358790 0.025042 0.053314
0 0.498331 0.386167 0.030885 0.059078
0 0.235392 0.340058 0.017529 0.033141
0 0.293823 0.308357 0.019199 0.037464
0 0.289649 0.373199 0.022538 0.046110
0 0.859766 0.455331 0.034224 0.074928
0 0.676127 0.384726 0.028381 0.060519
0 0.482471 0.266571 0.015025 0.030259
0 0.924875 0.305476 0.016694 0.033141
0 0.823873 0.247839 0.014190 0.031700
0 0.515860 0.260807 0.015860 0.033141
0 0.828047 0.273775 0.012521 0.028818
0 0.456594 0.337176 0.016694 0.040346
0 0.760434 0.231988 0.014190 0.033141
0 0.468280 0.252161 0.017529 0.031700
0 0.749583 0.240634 0.011686 0.028818
0 0.540902 0.358790 0.029215 0.059078
0 0.883973 0.342939 0.020033 0.053314
0 0.826377 0.308357 0.019199 0.038905
0 0.904007 0.321326 0.020033 0.044669
0 0.530885 0.276657 0.018364 0.033141
0 0.600167 0.380403 0.029215 0.063401
0 0.718698 0.253602 0.015860 0.036023
0 0.948247 0.309798 0.016694 0.031700
0 0.718698 0.299712 0.017529 0.038905
0 0.658598 0.344380 0.027546 0.046110
0 0.889816 0.257925 0.015860 0.033141
0 0.633556 0.217579 0.012521 0.024496
0 0.928214 0.399135 0.022538 0.048991
0 0.686144 0.233429 0.014190 0.028818
0 0.479967 0.308357 0.021703 0.041787
0 0.414858 0.298271 0.018364 0.033141
0 0.393990 0.338617 0.022538 0.043228
0 0.559265 0.409222 0.031720 0.054755
0 0.431553 0.262248 0.017529 0.037464
0 0.139399 0.563401 0.045910 0.086455
0 0.550918 0.250720 0.015025 0.034582
0 0.940735 0.475504 0.039232 0.074928
0 0.706177 0.302594 0.020868 0.040346
0 0.513356 0.325648 0.025876 0.041787
0 0.444073 0.306916 0.016694 0.036023
0 0.677796 0.208934 0.014190 0.028818
0 0.742070 0.257925 0.015025 0.038905
0 0.795492 0.242075 0.018364 0.034582
0 0.945743 0.357349 0.018364 0.041787
0 0.614357 0.221902 0.013356 0.025937
0 0.645242 0.469741 0.037563 0.073487
0 0.476628 0.237752 0.014190 0.024496
0 0.873957 0.378963 0.024207 0.057637
0 0.530885 0.244957 0.013356 0.030259
0 0.801336 0.430836 0.030885 0.063401
0 0.858932 0.256484 0.015025 0.028818
0 0.713689 0.553314 0.045910 0.074928
0 0.585142 0.260807 0.015025 0.033141
0 0.622705 0.204611 0.011686 0.023055
0 0.845576 0.512968 0.037563 0.079251
0 0.594324 0.240634 0.012521 0.023055
0 0.677796 0.278098 0.019199 0.037464
0 0.859766 0.314121 0.022538 0.047550
0 0.440735 0.275216 0.015860 0.030259
0 0.955760 0.276657 0.015860 0.033141
0 0.500000 0.263689 0.015025 0.030259
