0 0.643756 0.140652 0.015489 0.029160
0 0.738625 0.228130 0.022265 0.053173
0 0.465634 0.154374 0.017425 0.029160
0 0.343659 0.246998 0.020329 0.036021
0 0.860600 0.130360 0.010649 0.027444
0 0.487899 0.181818 0.018393 0.041166
0 0.446273 0.188679 0.018393 0.037736
0 0.404647 0.181818 0.017425 0.030875
0 0.722168 0.181818 0.023233 0.053173
0 0.375605 0.265866 0.023233 0.044597
0 0.524685 0.126930 0.017425 0.032590
0 0.886738 0.409949 0.041626 0.089194
0 0.601162 0.267581 0.029042 0.046312
0 0.652469 0.212693 0.019361 0.044597
0 0.802517 0.243568 0.021297 0.048027
0 0.900290 0.320755 0.028074 0.060034
0 0.460794 0.181818 0.016457 0.037736
0 0.747338 0.337907 0.031946 0.078902
0 0.555663 0.186964 0.015489 0.037736
0 0.640852 0.159520 0.016457 0.027444
0 0.908035 0.277873 0.020329 0.053173
0 0.823814 0.142367 0.014521 0.034305
0 0.665053 0.349914 0.032914 0.075472
0 0.170378 0.497427 0.052275 0.099485
0 0.379477 0.200686 0.017425 0.039451
0 0.829622 0.313894 0.029042 0.070326
0 0.852856 0.154374 0.015489 0.034305
0 0.549855 0.262436 0.024201 0.048027
0 0.444337 0.150943 0.015489 0.032590
0 0.921588 0.156089 0.014521 0.029160
0 0.788964 0.133791 0.013553 0.034305
0 0.834463 0.130360 0.012585 0.030875
0 0.895450 0.144082 0.015489 0.029160
0 0.607938 0.150943 0.017425 0.036021
0 0.578896 0.121784 0.016457 0.030875
0 0.394966 0.219554 0.018393 0.037736
0 0.771539 0.204117 0.023233 0.042882
0 0.856728 0.262436 0.022265 0.051458
0 0.656341 0.169811 0.019361 0.041166
0 0.479187 0.313894 0.035818 0.065180
0 0.537270 0.197256 0.021297 0.041166
0 0.575992 0.142367 0.014521 0.034305
0 0.559535 0.137221 0.014521 0.027444
0 0.427880 0.224700 0.024201 0.049743
0 0.352372 0.200686 0.017425 0.036021
0 0.696999 0.281304 0.028074 0.063465
0 0.787028 0.404803 0.037754 0.089194
0 0.528558 0.331046 0.033882 0.068611
0 0.502420 0.126930 0.011617 0.024014
0 0.786060 0.274443 0.025169 0.054889
0 0.559535 0.106346 0.017425 0.027444
