0 0.131250 0.325527 0.078125 0.145199
0 0.556250 0.313817 0.057813 0.128806
0 0.453125 0.318501 0.060937 0.135831
0 0.853125 0.304450 0.065625 0.126464
0 0.657813 0.355972 0.045312 0.107728
0 0.467187 0.262295 0.050000 0.077283
0 0.679688 0.491803 0.106250 0.182670
0 0.721875 0.348946 0.081250 0.135831
0 0.628125 0.625293 0.089063 0.161593
0 0.504687 0.313817 0.054688 0.103044
0 0.217188 0.323185 0.060937 0.103044
0 0.346875 0.274005 0.051562 0.117096
0 0.617188 0.353630 0.068750 0.133489
0 0.689063 0.292740 0.046875 0.077283
0 0.542188 0.543326 0.073438 0.159251
0 0.293750 0.311475 0.057813 0.117096
0 0.396875 0.306792 0.053125 0.117096
