0 0.898400 0.180168 0.016000 0.036313
0 0.786400 0.294693 0.023200 0.043296
0 0.420800 0.229050 0.020000 0.033520
0 0.887200 0.293296 0.022400 0.048883
0 0.820000 0.358939 0.025600 0.064246
0 0.331200 0.241620 0.015200 0.026536
0 0.596000 0.108939 0.012000 0.022346
0 0.876000 0.217877 0.019200 0.040503
0 0.381600 0.233240 0.015200 0.034916
0 0.577600 0.224860 0.017600 0.051676
0 0.712000 0.233240 0.020800 0.043296
0 0.884800 0.347765 0.020800 0.074022
0 0.488000 0.198324 0.016800 0.036313
0 0.831200 0.215084 0.016800 0.037709
0 0.919200 0.293296 0.022400 0.048883
0 0.912000 0.340782 0.021600 0.053073
0 0.862400 0.160615 0.014400 0.032123
0 0.404800 0.237430 0.017600 0.036313
0 0.660000 0.223464 0.020000 0.046089
0 0.649600 0.057263 0.011200 0.022346
0 0.413600 0.192737 0.017600 0.030726
