0 0.702752 0.411150 0.031193 0.062718
0 0.829358 0.313589 0.034862 0.062718
0 0.750459 0.400697 0.031193 0.062718
0 0.794495 0.327526 0.023853 0.062718
0 0.110092 0.327526 0.027523 0.062718
0 0.506422 0.432056 0.031193 0.062718
0 0.139450 0.414634 0.029358 0.062718
0 0.176147 0.327526 0.027523 0.066202
0 0.398165 0.341463 0.025688 0.059233
0 0.689908 0.313589 0.022018 0.052265
0 0.269725 0.320557 0.029358 0.059233
0 0.033028 0.317073 0.025688 0.066202
0 0.924771 0.411150 0.034862 0.069686
0 0.071560 0.344948 0.033028 0.055749
0 0.363303 0.324042 0.023853 0.059233
0 0.838532 0.407666 0.031193 0.066202
0 0.587156 0.324042 0.022018 0.059233
0 0.440367 0.317073 0.029358 0.062718
0 0.335780 0.331010 0.023853 0.055749
0 0.394495 0.414634 0.033028 0.073171
0 0.548624 0.327526 0.027523 0.062718
0 0.282569 0.425087 0.031193 0.076655
0 0.658716 0.334495 0.029358 0.066202
0 0.612844 0.327526 0.022018 0.055749
0 0.216514 0.400697 0.033028 0.080139
0 0.064220 0.425087 0.031193 0.073171
0 0.785321 0.414634 0.031193 0.062718
0 0.139450 0.313589 0.027523 0.055749
0 0.611009 0.425087 0.027523 0.052265
0 0.737615 0.334495 0.023853 0.062718
0 0.900917 0.351916 0.027523 0.073171
0 0.559633 0.407666 0.033028 0.073171
0 0.211009 0.310105 0.018349 0.055749
0 0.662385 0.425087 0.033028 0.062718
0 0.482569 0.337979 0.029358 0.059233
