0 0.804183 0.452280 0.023764 0.054476
0 0.838403 0.500000 0.032082 0.080659
0 0.143774 0.378378 0.023764 0.043497
0 0.866207 0.572635 0.080323 0.109375
0 0.103137 0.566723 0.079610 0.134291
0 0.729800 0.426943 0.020200 0.038429
0 0.364306 0.581503 0.062262 0.141470
0 0.370247 0.410895 0.029468 0.068412
0 0.459601 0.443412 0.036359 0.060811
0 0.825570 0.448480 0.024477 0.062078
0 0.539686 0.411740 0.020200 0.042230
0 0.182510 0.415118 0.029943 0.059544
0 0.099335 0.399493 0.028755 0.070524
0 0.959363 0.521537 0.043489 0.078547
0 0.433460 0.405405 0.020437 0.049831
0 0.247624 0.516470 0.055133 0.115709
0 0.153042 0.419764 0.025903 0.060811
0 0.781844 0.442990 0.018298 0.040963
0 0.633317 0.426943 0.017348 0.048564
0 0.738593 0.463682 0.025190 0.054899
0 0.938688 0.570524 0.066302 0.121622
0 0.250713 0.407095 0.029468 0.053632
0 0.690352 0.422720 0.015209 0.037162
0 0.800143 0.558699 0.041825 0.095439
0 0.989781 0.518581 0.020200 0.082770
0 0.787548 0.488598 0.040399 0.076858
0 0.713641 0.506334 0.051093 0.117821
0 0.082462 0.428209 0.039924 0.088682
0 0.420152 0.656672 0.102662 0.187922
0 0.517348 0.413429 0.019011 0.038851
0 0.195580 0.451858 0.044677 0.073480
0 0.543964 0.469172 0.035646 0.078125
0 0.971008 0.470439 0.028517 0.060811
0 0.615019 0.447635 0.021625 0.039696
0 0.120485 0.670608 0.106226 0.239865
0 0.885694 0.467905 0.028517 0.063345
0 0.407082 0.437078 0.032082 0.058277
0 0.676331 0.462416 0.023764 0.052365
0 0.618346 0.502111 0.034933 0.074747
0 0.600285 0.421875 0.022338 0.046030
0 0.498812 0.442990 0.026616 0.046030
0 0.553707 0.421453 0.016160 0.044764
0 0.925856 0.469172 0.030894 0.065878
0 0.661359 0.440034 0.020437 0.049831
