0 0.348333 0.596977 0.063333 0.103275
0 0.433333 0.408060 0.043333 0.075567
0 0.860000 0.654912 0.116667 0.176322
0 0.251667 0.549118 0.053333 0.085642
0 0.250000 0.629723 0.100000 0.156171
0 0.085000 0.602015 0.101667 0.146096
0 0.768333 0.579345 0.071667 0.118388
0 0.631667 0.642317 0.081667 0.153652
0 0.483333 0.596977 0.046667 0.078086
0 0.180000 0.564232 0.060000 0.108312
0 0.601667 0.581864 0.060000 0.105793
0 0.716667 0.581864 0.058333 0.090680
0 0.476667 0.539043 0.046667 0.083123
0 0.426667 0.591940 0.073333 0.173804
