0 0.350639 0.214586 0.014377 0.030856
0 0.800319 0.297335 0.019968 0.046283
0 0.836262 0.138850 0.012780 0.029453
0 0.888978 0.193548 0.015176 0.029453
0 0.312300 0.220196 0.011981 0.022440
0 0.817093 0.225806 0.017572 0.044881
0 0.424920 0.266480 0.019968 0.042076
0 0.694089 0.151473 0.015974 0.036466
0 0.554313 0.144460 0.011981 0.025245
0 0.326677 0.279102 0.016773 0.033661
0 0.654952 0.265077 0.018371 0.039271
0 0.524760 0.144460 0.013578 0.025245
0 0.765176 0.180926 0.013578 0.028050
0 0.289936 0.246844 0.012780 0.026648
0 0.614217 0.102384 0.012780 0.026648
0 0.575080 0.134642 0.011182 0.022440
0 0.445687 0.213184 0.019968 0.037868
0 0.885783 0.225806 0.014377 0.039271
0 0.476837 0.215989 0.016773 0.040673
0 0.830671 0.162693 0.013578 0.028050
0 0.408147 0.173913 0.012780 0.019635
0 0.695687 0.189341 0.015176 0.033661
0 0.401757 0.186536 0.011981 0.025245
0 0.908946 0.245442 0.019968 0.046283
0 0.573482 0.159888 0.013578 0.029453
0 0.784345 0.210379 0.015176 0.033661
0 0.543930 0.305750 0.025559 0.046283
0 0.766773 0.130435 0.015176 0.026648
0 0.721246 0.217391 0.017572 0.043478
0 0.295527 0.251052 0.014377 0.030856
0 0.495208 0.130435 0.009585 0.019635
0 0.509585 0.144460 0.013578 0.023843
0 0.546326 0.162693 0.011182 0.023843
0 0.807508 0.178121 0.012780 0.036466
0 0.714058 0.283310 0.023163 0.047686
0 0.626997 0.130435 0.010383 0.026648
0 0.468850 0.159888 0.012780 0.021038
0 0.657348 0.119215 0.012780 0.028050
0 0.384984 0.251052 0.015974 0.032258
0 0.871406 0.145863 0.012780 0.030856
0 0.205272 0.419355 0.040735 0.078541
0 0.667732 0.122020 0.011981 0.028050
0 0.846645 0.315568 0.019169 0.049088
0 0.626997 0.234222 0.023163 0.046283
0 0.427316 0.183731 0.012780 0.028050
0 0.452077 0.155680 0.009585 0.023843
0 0.757188 0.221599 0.019169 0.036466
0 0.768371 0.330996 0.027157 0.058906
0 0.744409 0.192146 0.015176 0.033661
0 0.725240 0.150070 0.013578 0.030856
0 0.550319 0.190743 0.014377 0.026648
0 0.500799 0.294530 0.023163 0.044881
0 0.654153 0.172511 0.017572 0.030856
0 0.609425 0.145863 0.011981 0.028050
0 0.610224 0.204769 0.016773 0.039271
0 0.663738 0.213184 0.016773 0.039271
0 0.580671 0.241234 0.017572 0.039271
0 0.746006 0.161290 0.015176 0.030856
0 0.684505 0.309958 0.024760 0.054698
0 0.787540 0.157083 0.011182 0.026648
0 0.836262 0.224404 0.014377 0.028050
0 0.428115 0.164095 0.014377 0.022440
0 0.862620 0.235624 0.017572 0.046283
