0 0.697674 0.399061 0.053156 0.082160
0 0.076412 0.485915 0.091362 0.140845
0 0.855482 0.422535 0.071429 0.126761
0 0.200997 0.352113 0.044850 0.068075
0 0.832226 0.664319 0.137874 0.211268
0 0.024917 0.399061 0.044850 0.105634
0 0.149502 0.342723 0.044850 0.070423
0 0.976744 0.488263 0.046512 0.133803
0 0.093023 0.387324 0.053156 0.084507
0 0.252492 0.380282 0.054817 0.070423
0 0.300664 0.359155 0.039867 0.075117
0 0.544850 0.363850 0.051495 0.077465
0 0.397010 0.206573 0.038206 0.051643
0 0.664452 0.363850 0.036545 0.068075
0 0.548173 0.436620 0.074751 0.133803
0 0.322259 0.347418 0.034884 0.063380
0 0.976744 0.392019 0.041528 0.084507
0 0.705980 0.481221 0.101329 0.161972
