0 0.375000 0.808183 0.108250 0.170796
0 0.847000 0.545045 0.042500 0.069820
0 0.832500 0.667417 0.077000 0.108483
0 0.437250 0.494369 0.045000 0.066817
0 0.022750 0.472598 0.039500 0.060811
0 0.379500 0.574700 0.052250 0.083333
0 0.747250 0.581456 0.058250 0.099099
0 0.180000 0.471847 0.040500 0.052928
0 0.916750 0.595721 0.052750 0.091592
0 0.273000 0.460586 0.039000 0.059309
0 0.536500 0.452327 0.029750 0.051051
0 0.470500 0.467718 0.031250 0.052928
0 0.048250 0.439189 0.031250 0.050300
0 0.790750 0.475225 0.037000 0.059309
0 0.635000 0.409159 0.025750 0.046922
0 0.399750 0.524024 0.048000 0.079955
0 0.921500 0.449700 0.029250 0.050300
0 0.235750 0.509009 0.043750 0.064565
0 0.879500 0.830706 0.102250 0.190691
0 0.525000 0.525150 0.043250 0.069820
0 0.402750 0.324324 0.029250 0.054429
0 0.520750 0.603228 0.052750 0.100976
0 0.706000 0.487613 0.031250 0.059309
0 0.251750 0.447447 0.032750 0.056306
0 0.324750 0.623498 0.064500 0.106231
0 0.124000 0.793168 0.088250 0.165916
0 0.740250 0.516892 0.047250 0.082583
0 0.693250 0.339715 0.030500 0.053303
0 0.032750 0.580706 0.064000 0.089715
0 0.748000 0.335586 0.027750 0.053303
0 0.103250 0.441066 0.037000 0.052177
0 0.314000 0.448574 0.037500 0.056306
0 0.537750 0.484610 0.037500 0.051051
0 0.054250 0.523273 0.052750 0.080330
0 0.830000 0.330330 0.033500 0.053303
0 0.681250 0.392643 0.026250 0.049174
0 0.954250 0.467342 0.032000 0.050300
0 0.150000 0.546922 0.051250 0.073949
0 0.118750 0.498123 0.047250 0.065691
