0 0.805882 0.866667 0.232353 0.261905
0 0.935294 0.371429 0.073529 0.133333
0 0.501471 0.373810 0.069118 0.126190
0 0.772059 0.290476 0.042647 0.097619
0 0.810294 0.338095 0.058824 0.121429
0 0.723529 0.461905 0.098529 0.204762
0 0.335294 0.638095 0.176471 0.266667
0 0.422059 0.319048 0.060294 0.102381
0 0.282353 0.335714 0.060294 0.119048
0 0.345588 0.383333 0.070588 0.119048
0 0.545588 0.321429 0.058824 0.104762
0 0.147059 0.347619 0.052941 0.102381
0 0.660294 0.359524 0.057353 0.142857
0 0.188235 0.380952 0.067647 0.126190
0 0.969118 0.419048 0.061765 0.166667
