0 0.472837 0.163704 0.031690 0.046667
0 0.308853 0.215556 0.059859 0.091111
0 0.545775 0.311852 0.039738 0.061481
0 0.202716 0.439259 0.111167 0.184444
0 0.126761 0.097778 0.047787 0.063704
0 0.451710 0.075556 0.031690 0.043704
0 0.506036 0.302222 0.039738 0.073333
0 0.108149 0.300000 0.086519 0.145926
0 0.505030 0.149630 0.036720 0.056296
0 0.306841 0.162222 0.051308 0.066667
0 0.407445 0.077037 0.033702 0.060741
0 0.958753 0.190370 0.054829 0.085185
0 0.885312 0.461481 0.072938 0.118519
0 0.437123 0.275556 0.057344 0.090370
0 0.714789 0.431111 0.061368 0.128148
0 0.219819 0.041481 0.028672 0.050370
0 0.244970 0.034074 0.024145 0.045926
0 0.063883 0.259259 0.076962 0.111852
0 0.300805 0.028889 0.028169 0.045926
0 0.344064 0.017037 0.021127 0.029630
0 0.098592 0.153333 0.045272 0.071852
0 0.298793 0.124444 0.043260 0.051852
0 0.024145 0.111111 0.044769 0.069630
0 0.512072 0.398519 0.067907 0.122222
0 0.087022 0.190370 0.057344 0.094815
0 0.459256 0.451852 0.110161 0.197037
0 0.151911 0.087407 0.032696 0.065185
0 0.368209 0.251111 0.061871 0.100741
0 0.200201 0.077037 0.031690 0.060741
0 0.605131 0.438519 0.059859 0.110370
