0 0.402913 0.169444 0.016990 0.027778
0 0.344660 0.251389 0.020227 0.044444
0 0.519417 0.147222 0.013754 0.027778
0 0.279126 0.248611 0.016181 0.027778
0 0.456311 0.154167 0.016181 0.030556
0 0.817961 0.226389 0.022654 0.051389
0 0.544498 0.318056 0.032362 0.061111
0 0.852751 0.177778 0.016990 0.043056
0 0.732201 0.290278 0.027508 0.061111
0 0.776699 0.170833 0.015372 0.034722
0 0.326052 0.250000 0.017799 0.036111
0 0.435275 0.168056 0.015372 0.036111
0 0.474110 0.155556 0.014563 0.034722
0 0.503236 0.123611 0.012136 0.025000
0 0.876214 0.140278 0.016990 0.034722
0 0.695793 0.154167 0.017799 0.036111
0 0.558252 0.254167 0.025081 0.047222
0 0.923948 0.251389 0.021845 0.050000
0 0.577670 0.169444 0.015372 0.033333
0 0.877832 0.222222 0.021036 0.047222
0 0.788835 0.211111 0.021036 0.038889
0 0.628641 0.129167 0.014563 0.027778
0 0.750000 0.331944 0.036408 0.070833
0 0.381068 0.256944 0.020227 0.040278
0 0.766181 0.145833 0.016181 0.026389
0 0.305016 0.241667 0.016181 0.033333
0 0.661812 0.175000 0.017799 0.036111
0 0.483010 0.223611 0.018608 0.040278
0 0.796117 0.268056 0.027508 0.051389
0 0.733010 0.151389 0.016990 0.037500
0 0.651294 0.116667 0.015372 0.027778
0 0.546926 0.166667 0.017799 0.034722
0 0.500000 0.284722 0.029126 0.050000
0 0.333333 0.219444 0.018608 0.030556
0 0.681230 0.111111 0.013754 0.030556
0 0.587379 0.147222 0.016181 0.030556
0 0.427184 0.180556 0.014563 0.029167
0 0.382686 0.190278 0.018608 0.037500
0 0.709547 0.220833 0.025890 0.043056
0 0.792071 0.151389 0.012945 0.029167
0 0.630259 0.250000 0.026699 0.047222
0 0.862460 0.197222 0.015372 0.038889
0 0.243528 0.437500 0.048544 0.095833
0 0.843042 0.151389 0.012136 0.029167
0 0.327670 0.208333 0.016181 0.020833
0 0.321197 0.245833 0.012945 0.025000
0 0.615696 0.097222 0.016181 0.034722
0 0.890777 0.215278 0.016181 0.040278
0 0.762136 0.215278 0.021036 0.040278
0 0.403722 0.226389 0.019417 0.036111
0 0.616505 0.140278 0.013754 0.029167
0 0.460356 0.219444 0.021036 0.036111
0 0.890777 0.190278 0.015372 0.029167
0 0.677184 0.241667 0.026699 0.045833
0 0.814725 0.172222 0.013754 0.034722
0 0.554207 0.141667 0.016181 0.027778
0 0.406958 0.269444 0.022654 0.043056
0 0.618123 0.211111 0.019417 0.043056
0 0.826052 0.168056 0.015372 0.030556
