0 0.848000 0.304833 0.032000 0.066914
0 0.510000 0.408922 0.034000 0.085502
0 0.842000 0.509294 0.078000 0.178439
0 0.718000 0.327138 0.024000 0.063197
0 0.546000 0.449814 0.044000 0.111524
0 0.214000 0.297398 0.082000 0.208178
0 0.660000 0.364312 0.026000 0.048327
0 0.966000 0.394052 0.060000 0.148699
0 0.966000 0.297398 0.032000 0.074349
0 0.474000 0.565056 0.068000 0.137546
0 0.948000 0.620818 0.096000 0.211896
0 0.344000 0.498141 0.038000 0.081784
0 0.750000 0.494424 0.070000 0.144981
0 0.746000 0.353160 0.034000 0.078067
0 0.388000 0.486989 0.044000 0.111524
0 0.420000 0.527881 0.046000 0.111524
0 0.560000 0.620818 0.108000 0.204461
0 0.776000 0.412639 0.050000 0.092937
0 0.626000 0.379182 0.036000 0.081784
0 0.922000 0.323420 0.036000 0.078067
0 0.586000 0.394052 0.032000 0.081784
0 0.856000 0.394052 0.058000 0.107807
0 0.558000 0.379182 0.024000 0.055762
