0 0.102797 0.773333 0.066515 0.110303
0 0.564626 0.809697 0.083144 0.152727
0 0.653817 0.655758 0.058201 0.104242
0 0.603930 0.583030 0.054422 0.092121
0 0.639456 0.732121 0.071051 0.115152
0 0.479970 0.573333 0.050642 0.093333
0 0.821618 0.762424 0.068027 0.138182
0 0.777022 0.629091 0.057445 0.101818
0 0.908541 0.585455 0.045351 0.087273
0 0.750567 0.751515 0.085412 0.178182
0 0.432351 0.864242 0.090703 0.129697
0 0.494331 0.670303 0.070295 0.109091
0 0.620559 0.809697 0.087680 0.152727
0 0.908541 0.807273 0.102797 0.198788
0 0.953137 0.549091 0.046107 0.073939
0 0.221466 0.863030 0.096750 0.156364
0 0.471655 0.227879 0.044596 0.092121
0 0.718821 0.591515 0.065760 0.101818
0 0.830688 0.583030 0.054422 0.098182
0 0.411187 0.718788 0.065004 0.106667
0 0.335601 0.829091 0.071807 0.116364
