0 0.021484 0.546875 0.028320 0.039062
0 0.054688 0.656250 0.061523 0.076823
0 0.365234 0.692708 0.061523 0.062500
0 0.656250 0.670573 0.054688 0.076823
0 0.223633 0.671875 0.050781 0.059896
0 0.360352 0.649740 0.049805 0.058594
0 0.639648 0.777344 0.052734 0.083333
0 0.473633 0.614583 0.036133 0.053385
0 0.354492 0.744792 0.069336 0.096354
0 0.547852 0.622396 0.032227 0.049479
0 0.185547 0.761719 0.070312 0.092448
0 0.509766 0.695312 0.054688 0.088542
0 0.225586 0.621094 0.041016 0.057292
0 0.619141 0.914062 0.122070 0.154948
0 0.868164 0.894531 0.114258 0.141927
0 0.520508 0.638021 0.037109 0.055990
0 0.589844 0.770833 0.069336 0.096354
0 0.595703 0.648438 0.044922 0.059896
0 0.256836 0.665365 0.048828 0.069010
0 0.125977 0.632812 0.048828 0.054688
0 0.945312 0.490885 0.019531 0.039062
