0 0.615882 0.235008 0.022161 0.053485
0 0.258541 0.218801 0.020314 0.048622
0 0.318560 0.213938 0.024931 0.045381
0 0.231764 0.239870 0.023084 0.045381
0 0.348107 0.207455 0.020314 0.050243
0 0.369344 0.209076 0.022161 0.050243
0 0.298246 0.251216 0.026777 0.050243
0 0.635272 0.213938 0.024007 0.045381
0 0.276085 0.209076 0.021237 0.047002
0 0.600185 0.246353 0.025854 0.053485
0 0.404432 0.171799 0.026777 0.045381
0 0.550323 0.202593 0.028624 0.066451
0 0.357341 0.186386 0.022161 0.043760
0 0.640813 0.235008 0.024931 0.051864
0 0.445983 0.200972 0.028624 0.053485
