0 0.813152 0.179739 0.017642 0.042484
0 0.615076 0.186275 0.018444 0.047386
0 0.686447 0.140523 0.020850 0.052288
0 0.659984 0.241830 0.023256 0.053922
0 0.070569 0.558824 0.059342 0.114379
0 0.749800 0.179739 0.014435 0.037582
0 0.781877 0.204248 0.019246 0.035948
0 0.458701 0.147059 0.019246 0.037582
0 0.558140 0.125817 0.021652 0.045752
0 0.437049 0.295752 0.028067 0.060458
0 0.315156 0.194444 0.017642 0.040850
0 0.955894 0.352941 0.020850 0.050654
0 0.353649 0.204248 0.016038 0.049020
0 0.723336 0.385621 0.027265 0.065359
0 0.922213 0.305556 0.016840 0.058824
0 0.829190 0.207516 0.020850 0.045752
0 0.477145 0.223856 0.019246 0.049020
0 0.871692 0.222222 0.012831 0.039216
0 0.255814 0.238562 0.024058 0.055556
0 0.616680 0.274510 0.020850 0.055556
0 0.659984 0.388889 0.026464 0.053922
0 0.400962 0.222222 0.015237 0.035948
0 0.531676 0.147059 0.016038 0.045752
0 0.554932 0.323529 0.018444 0.050654
0 0.580593 0.124183 0.017642 0.040850
0 0.373697 0.174837 0.015237 0.040850
0 0.886127 0.377451 0.024058 0.055556
0 0.393745 0.178105 0.017642 0.035948
0 0.335204 0.218954 0.024860 0.045752
0 0.495589 0.133987 0.017642 0.050654
0 0.781075 0.158497 0.014435 0.040850
0 0.977546 0.284314 0.016038 0.035948
0 0.694467 0.124183 0.015237 0.032680
0 0.863673 0.325163 0.020048 0.057190
0 0.864475 0.498366 0.029671 0.086601
0 0.608661 0.357843 0.021652 0.055556
0 0.789094 0.258170 0.019246 0.045752
0 0.765036 0.272876 0.018444 0.042484
0 0.713713 0.202614 0.017642 0.047386
0 0.554130 0.147059 0.016038 0.035948
0 0.442662 0.153595 0.016840 0.040850
0 0.736969 0.194444 0.019246 0.040850
0 0.306335 0.230392 0.016840 0.052288
0 0.599038 0.116013 0.019246 0.037582
0 0.550922 0.194444 0.016840 0.035948
0 0.631917 0.114379 0.015237 0.050654
0 0.476343 0.160131 0.015237 0.042484
0 0.905373 0.217320 0.012831 0.044118
0 0.657578 0.169935 0.012831 0.027778
0 0.934242 0.258170 0.018444 0.045752
0 0.901363 0.264706 0.018444 0.045752
0 0.650361 0.125817 0.017642 0.037582
0 0.502005 0.191176 0.019246 0.042484
0 0.744988 0.227124 0.026464 0.047386
0 0.950281 0.225490 0.012029 0.040850
0 0.814755 0.281046 0.019246 0.047386
0 0.989575 0.251634 0.013633 0.042484
0 0.714515 0.147059 0.014435 0.037582
