0 0.886364 0.243860 0.017787 0.045614
0 0.449605 0.249123 0.024704 0.054386
0 0.648221 0.147368 0.016798 0.033333
0 0.486166 0.154386 0.015810 0.036842
0 0.575099 0.142105 0.016798 0.035088
0 0.717391 0.159649 0.015810 0.036842
0 0.757905 0.138596 0.012846 0.029825
0 0.632411 0.296491 0.036561 0.052632
0 0.757905 0.345614 0.050395 0.105263
0 0.432806 0.170175 0.013834 0.028070
0 0.528656 0.145614 0.012846 0.028070
0 0.755929 0.196491 0.020751 0.038596
0 0.681818 0.356140 0.034585 0.068421
0 0.820158 0.273684 0.022727 0.050877
0 0.792490 0.157895 0.013834 0.038596
0 0.599802 0.135088 0.012846 0.026316
0 0.839921 0.161404 0.018775 0.038596
0 0.536561 0.156140 0.014822 0.040351
0 0.515810 0.222807 0.020751 0.042105
0 0.462451 0.166667 0.015810 0.031579
0 0.471344 0.210526 0.019763 0.040351
0 0.929842 0.245614 0.014822 0.040351
0 0.416996 0.200000 0.016798 0.035088
0 0.498024 0.200000 0.021739 0.038596
0 0.794466 0.210526 0.016798 0.038596
0 0.802372 0.177193 0.018775 0.040351
0 0.703557 0.115789 0.014822 0.031579
0 0.465415 0.143860 0.013834 0.028070
0 0.755929 0.242105 0.024704 0.050877
0 0.924901 0.319298 0.026680 0.054386
0 0.599802 0.114035 0.013834 0.026316
0 0.625494 0.214035 0.017787 0.038596
0 0.622530 0.101754 0.012846 0.021053
0 0.606719 0.256140 0.029644 0.057895
0 0.742095 0.270175 0.030632 0.066667
0 0.601779 0.164912 0.017787 0.031579
0 0.491107 0.142105 0.016798 0.024561
0 0.554348 0.166667 0.017787 0.036842
0 0.940711 0.198246 0.013834 0.035088
0 0.878458 0.175439 0.015810 0.033333
0 0.858696 0.317544 0.024704 0.061404
0 0.622530 0.126316 0.011858 0.022807
0 0.678854 0.187719 0.019763 0.042105
0 0.842885 0.222807 0.015810 0.038596
0 0.412055 0.163158 0.012846 0.036842
0 0.725296 0.152632 0.016798 0.033333
0 0.827075 0.182456 0.015810 0.043860
0 0.376482 0.201754 0.023715 0.047368
0 0.896245 0.192982 0.012846 0.029825
0 0.715415 0.198246 0.016798 0.036842
0 0.655138 0.112281 0.016798 0.031579
0 0.945652 0.219298 0.019763 0.033333
0 0.430830 0.203509 0.016798 0.042105
0 0.781621 0.133333 0.012846 0.035088
0 0.744071 0.164912 0.016798 0.038596
0 0.561265 0.270175 0.025692 0.047368
0 0.495059 0.121053 0.012846 0.022807
0 0.401186 0.245614 0.021739 0.042105
0 0.905138 0.219298 0.015810 0.040351
0 0.390316 0.240351 0.015810 0.033333
0 0.936759 0.168421 0.016798 0.036842
0 0.871542 0.261404 0.020751 0.052632
0 0.532609 0.198246 0.019763 0.050877
0 0.559289 0.129825 0.008893 0.024561
0 0.856719 0.184211 0.014822 0.035088
