0 0.823654 0.262264 0.022175 0.064151
0 0.714889 0.216981 0.022175 0.052830
0 0.469905 0.156604 0.013728 0.026415
0 0.589229 0.169811 0.022175 0.039623
0 0.711721 0.107547 0.014784 0.032075
0 0.402323 0.190566 0.017951 0.039623
0 0.784583 0.133962 0.014784 0.033962
0 0.360084 0.245283 0.019007 0.039623
0 0.680042 0.245283 0.023231 0.052830
0 0.755016 0.381132 0.032735 0.067925
0 0.524815 0.171698 0.015839 0.030189
0 0.630412 0.235849 0.021119 0.043396
0 0.707497 0.171698 0.016895 0.032075
0 0.505808 0.116981 0.013728 0.026415
0 0.627244 0.128302 0.016895 0.028302
0 0.333685 0.230189 0.017951 0.035849
0 0.350581 0.194340 0.015839 0.032075
0 0.062302 0.345283 0.030623 0.050943
0 0.600845 0.120755 0.017951 0.032075
0 0.810982 0.424528 0.039071 0.066038
0 0.333685 0.175472 0.015839 0.035849
0 0.779303 0.315094 0.023231 0.056604
0 0.654699 0.124528 0.015839 0.030189
0 0.582893 0.111321 0.015839 0.030189
0 0.607181 0.337736 0.030623 0.067925
0 0.730729 0.301887 0.025343 0.054717
0 0.489968 0.130189 0.013728 0.026415
0 0.692714 0.098113 0.011616 0.022642
0 0.475185 0.139623 0.016895 0.020755
0 0.744456 0.160377 0.015839 0.041509
0 0.442450 0.222642 0.020063 0.045283
0 0.424498 0.149057 0.016895 0.030189
0 0.764520 0.201887 0.021119 0.041509
0 0.549102 0.118868 0.014784 0.035849
0 0.652587 0.186792 0.019007 0.039623
0 0.449842 0.166038 0.019007 0.039623
0 0.761352 0.130189 0.012672 0.022642
0 0.580781 0.245283 0.027455 0.058491
0 0.925026 0.343396 0.030623 0.062264
0 0.479409 0.181132 0.019007 0.037736
0 0.836325 0.343396 0.025343 0.052830
0 0.379092 0.192453 0.015839 0.037736
0 0.799366 0.156604 0.016895 0.037736
0 0.373812 0.266038 0.023231 0.047170
0 0.878564 0.218868 0.020063 0.043396
0 0.909187 0.424528 0.036959 0.088679
0 0.488912 0.215094 0.020063 0.041509
0 0.689546 0.122642 0.014784 0.026415
0 0.574446 0.128302 0.014784 0.030189
0 0.953537 0.222642 0.016895 0.039623
0 0.500528 0.154717 0.014784 0.028302
0 0.513200 0.143396 0.012672 0.020755
0 0.684266 0.345283 0.038015 0.071698
0 0.700106 0.152830 0.015839 0.033962
0 0.552270 0.132075 0.011616 0.024528
0 0.527983 0.124528 0.011616 0.026415
0 0.553326 0.158491 0.015839 0.030189
0 0.304118 0.241509 0.017951 0.035849
0 0.620908 0.156604 0.014784 0.032075
0 0.633580 0.101887 0.012672 0.028302
0 0.491024 0.300000 0.029567 0.058491
0 0.732841 0.141509 0.012672 0.030189
0 0.919747 0.283019 0.022175 0.054717
0 0.668427 0.096226 0.014784 0.032075
0 0.761352 0.152830 0.015839 0.030189
0 0.799366 0.232075 0.020063 0.043396
0 0.546990 0.196226 0.020063 0.037736
0 0.295671 0.216981 0.015839 0.028302
