0 0.375582 0.226230 0.014911 0.031148
0 0.331780 0.255738 0.015843 0.036066
0 0.286114 0.265574 0.013979 0.032787
0 0.602050 0.314754 0.033551 0.057377
0 0.886300 0.175410 0.015843 0.029508
0 0.797763 0.132787 0.012116 0.029508
0 0.439888 0.178689 0.014911 0.026230
0 0.765144 0.272131 0.026095 0.054098
0 0.461323 0.232787 0.017707 0.045902
0 0.601118 0.152459 0.016775 0.026230
0 0.628145 0.139344 0.014911 0.029508
0 0.737185 0.121311 0.013979 0.024590
0 0.846226 0.162295 0.013979 0.027869
0 0.389562 0.262295 0.018639 0.032787
0 0.276794 0.239344 0.013979 0.034426
0 0.572227 0.219672 0.018639 0.042623
0 0.646785 0.218033 0.018639 0.042623
0 0.643989 0.263934 0.021435 0.047541
0 0.859273 0.234426 0.024231 0.049180
0 0.331780 0.218033 0.013048 0.027869
0 0.703635 0.165574 0.016775 0.031148
0 0.609506 0.268852 0.029823 0.044262
0 0.709226 0.281967 0.024231 0.042623
0 0.362535 0.247541 0.017707 0.039344
0 0.684995 0.167213 0.012116 0.029508
0 0.884436 0.203279 0.015843 0.032787
0 0.658900 0.122951 0.010252 0.026230
0 0.748369 0.232787 0.023299 0.040984
0 0.914259 0.257377 0.018639 0.044262
0 0.787512 0.172131 0.017707 0.037705
0 0.483691 0.301639 0.026095 0.054098
0 0.307549 0.249180 0.014911 0.027869
0 0.911463 0.221311 0.014911 0.034426
0 0.422181 0.257377 0.017707 0.042623
0 0.563840 0.172131 0.015843 0.029508
0 0.663560 0.183607 0.016775 0.032787
0 0.694315 0.232787 0.024231 0.042623
0 0.533085 0.159016 0.013048 0.027869
0 0.701771 0.140984 0.012116 0.026230
0 0.829450 0.324590 0.025163 0.057377
0 0.887232 0.145902 0.013979 0.027869
0 0.819199 0.136066 0.013979 0.031148
0 0.452004 0.188525 0.013979 0.022951
0 0.607642 0.127869 0.016775 0.024590
0 0.477167 0.198361 0.021435 0.027869
0 0.758621 0.170492 0.014911 0.031148
0 0.431500 0.226230 0.019571 0.032787
0 0.635601 0.122951 0.010252 0.026230
0 0.684063 0.191803 0.014911 0.036066
0 0.586207 0.126230 0.013979 0.027869
0 0.599254 0.198361 0.021435 0.042623
0 0.352283 0.229508 0.013979 0.032787
0 0.384902 0.185246 0.013048 0.027869
0 0.537745 0.183607 0.020503 0.036066
0 0.319664 0.216393 0.013048 0.032787
0 0.561044 0.126230 0.013979 0.036066
0 0.767008 0.204918 0.020503 0.039344
0 0.090401 0.459016 0.027959 0.070492
0 0.462255 0.145902 0.013048 0.024590
0 0.756757 0.126230 0.015843 0.031148
0 0.475303 0.132787 0.012116 0.021311
0 0.821062 0.203279 0.017707 0.042623
0 0.727866 0.196721 0.015843 0.040984
0 0.371855 0.191803 0.013048 0.034426
0 0.773532 0.142623 0.015843 0.024590
0 0.741845 0.147541 0.014911 0.029508
0 0.544268 0.152459 0.012116 0.026230
0 0.838770 0.190164 0.015843 0.037705
