0 0.943231 0.397436 0.021834 0.036325
0 0.717613 0.378205 0.033479 0.057692
0 0.611354 0.423077 0.046579 0.079060
0 0.765648 0.395299 0.039301 0.061966
0 0.848617 0.429487 0.056769 0.094017
0 0.436681 0.367521 0.024745 0.047009
0 0.784571 0.403846 0.026201 0.040598
0 0.195051 0.380342 0.029112 0.051282
0 0.883552 0.401709 0.039301 0.076923
0 0.531295 0.391026 0.024745 0.042735
0 0.251820 0.367521 0.023290 0.038462
0 0.344978 0.388889 0.027656 0.051282
0 0.465793 0.395299 0.027656 0.049145
0 0.275109 0.382479 0.036390 0.061966
0 0.906841 0.412393 0.026201 0.053419
0 0.583697 0.408120 0.027656 0.047009
0 0.320233 0.391026 0.033479 0.053419
0 0.160116 0.382479 0.027656 0.040598
0 0.513828 0.384615 0.021834 0.034188
0 0.745269 0.391026 0.030568 0.047009
0 0.417758 0.391026 0.039301 0.068376
