0 0.598942 0.119093 0.012698 0.026465
0 0.376720 0.170132 0.017989 0.026465
0 0.371429 0.204159 0.015873 0.022684
0 0.815873 0.266541 0.024339 0.056711
0 0.412698 0.160681 0.014815 0.030246
0 0.455026 0.207940 0.019048 0.039698
0 0.348148 0.173913 0.014815 0.032136
0 0.565079 0.143667 0.013757 0.034026
0 0.502646 0.139887 0.014815 0.026465
0 0.377778 0.236295 0.023280 0.043478
0 0.888889 0.232514 0.017989 0.043478
0 0.419048 0.202268 0.020106 0.041588
0 0.734392 0.143667 0.016931 0.035917
0 0.840212 0.221172 0.021164 0.037807
0 0.313228 0.223062 0.019048 0.039698
0 0.577778 0.236295 0.026455 0.049149
0 0.578836 0.175803 0.020106 0.039698
0 0.772487 0.136106 0.014815 0.037807
0 0.619048 0.253308 0.029630 0.052930
0 0.761905 0.243856 0.022222 0.051040
0 0.348148 0.223062 0.020106 0.043478
0 0.644444 0.155009 0.014815 0.034026
0 0.094180 0.342155 0.043386 0.073724
0 0.733333 0.181474 0.014815 0.039698
0 0.934392 0.249527 0.019048 0.045369
0 0.846561 0.155009 0.015873 0.032136
0 0.607407 0.137996 0.011640 0.028355
0 0.932275 0.206049 0.015873 0.034026
0 0.789418 0.136106 0.011640 0.028355
0 0.648677 0.115312 0.012698 0.028355
0 0.814815 0.219282 0.016931 0.037807
0 0.495238 0.166352 0.016931 0.037807
0 0.732275 0.234405 0.024339 0.052930
0 0.390476 0.190926 0.017989 0.032136
0 0.554497 0.183365 0.015873 0.037807
0 0.661376 0.198488 0.017989 0.043478
0 0.515344 0.183365 0.017989 0.034026
0 0.769312 0.362949 0.028571 0.071834
0 0.712169 0.113422 0.014815 0.039698
0 0.901587 0.219282 0.015873 0.041588
0 0.793651 0.207940 0.022222 0.041588
0 0.550265 0.126654 0.012698 0.026465
0 0.280423 0.221172 0.020106 0.039698
0 0.710053 0.323251 0.031746 0.085066
0 0.529101 0.120983 0.013757 0.028355
0 0.857143 0.147448 0.012698 0.024575
0 0.689947 0.124764 0.014815 0.026465
0 0.785185 0.281664 0.032804 0.056711
0 0.907937 0.177694 0.011640 0.024575
0 0.910053 0.153119 0.011640 0.026465
0 0.759788 0.198488 0.015873 0.034026
0 0.794709 0.166352 0.014815 0.034026
0 0.698413 0.258979 0.022222 0.051040
0 0.678307 0.230624 0.020106 0.052930
0 0.615873 0.211720 0.023280 0.045369
0 0.689947 0.107750 0.010582 0.020794
0 0.532275 0.158790 0.013757 0.030246
0 0.429630 0.247637 0.021164 0.041588
0 0.916402 0.313800 0.027513 0.062382
0 0.453968 0.189036 0.016931 0.026465
0 0.753439 0.134216 0.012698 0.032136
0 0.920635 0.224953 0.019048 0.049149
0 0.498413 0.119093 0.011640 0.024575
0 0.404233 0.234405 0.019048 0.039698
0 0.546032 0.156900 0.013757 0.028355
0 0.899471 0.190926 0.014815 0.032136
0 0.371429 0.185255 0.016931 0.028355
0 0.609524 0.119093 0.011640 0.026465
0 0.946032 0.185255 0.014815 0.041588
0 0.441270 0.162571 0.012698 0.026465
0 0.825397 0.179584 0.016931 0.034026
0 0.832804 0.137996 0.012698 0.024575
0 0.866667 0.181474 0.014815 0.039698
0 0.428571 0.156900 0.014815 0.030246
0 0.595767 0.162571 0.014815 0.028355
0 0.333333 0.219282 0.016931 0.039698
0 0.718519 0.185255 0.021164 0.045369
0 0.625397 0.134216 0.012698 0.032136
