0 0.741690 0.308333 0.027540 0.048333
0 0.636277 0.093333 0.010446 0.021667
0 0.775878 0.125000 0.012346 0.028333
0 0.788224 0.150000 0.017094 0.035000
0 0.395062 0.193333 0.017094 0.028333
0 0.855651 0.178333 0.012346 0.038333
0 0.699905 0.098333 0.012346 0.028333
0 0.416904 0.168333 0.012346 0.025000
0 0.354226 0.268333 0.019943 0.050000
0 0.840456 0.136667 0.012346 0.030000
0 0.508072 0.161667 0.016144 0.030000
0 0.700855 0.176667 0.017094 0.033333
0 0.903134 0.161667 0.016144 0.028333
0 0.788224 0.285000 0.025641 0.051667
0 0.750237 0.150000 0.014245 0.031667
0 0.282051 0.271667 0.019943 0.040000
0 0.665717 0.116667 0.008547 0.023333
0 0.940171 0.151667 0.011396 0.025000
0 0.717949 0.136667 0.014245 0.031667
0 0.344729 0.216667 0.014245 0.025000
0 0.759734 0.103333 0.014245 0.031667
0 0.417854 0.226667 0.014245 0.030000
0 0.542260 0.156667 0.014245 0.031667
0 0.464387 0.231667 0.022792 0.035000
0 0.823362 0.123333 0.008547 0.023333
0 0.550807 0.191667 0.018044 0.033333
0 0.624881 0.131667 0.012346 0.030000
0 0.434948 0.186667 0.012346 0.028333
0 0.791073 0.111667 0.011396 0.025000
0 0.569801 0.101667 0.012346 0.025000
0 0.882241 0.211667 0.018044 0.043333
0 0.944919 0.271667 0.018044 0.045000
0 0.609687 0.091667 0.010446 0.023333
0 0.500475 0.188333 0.016144 0.035000
0 0.811966 0.123333 0.010446 0.025000
0 0.306743 0.253333 0.016144 0.041667
0 0.468186 0.191667 0.017094 0.040000
0 0.592593 0.126667 0.013295 0.025000
0 0.712251 0.221667 0.019943 0.041667
0 0.052232 0.370000 0.027540 0.048333
0 0.478632 0.140000 0.009497 0.025000
0 0.738841 0.193333 0.018044 0.038333
0 0.612536 0.203333 0.019943 0.035000
0 0.682811 0.328333 0.030389 0.053333
0 0.677113 0.196667 0.018044 0.040000
0 0.441595 0.220000 0.018044 0.036667
0 0.490028 0.133333 0.011396 0.025000
0 0.612536 0.256667 0.020893 0.043333
0 0.742640 0.118333 0.015195 0.030000
0 0.407407 0.288333 0.021842 0.050000
0 0.903134 0.195000 0.012346 0.030000
0 0.909782 0.128333 0.013295 0.031667
0 0.828110 0.163333 0.012346 0.028333
0 0.767331 0.210000 0.024691 0.045000
0 0.873694 0.120000 0.013295 0.030000
0 0.482431 0.163333 0.016144 0.025000
0 0.558405 0.138333 0.013295 0.023333
0 0.673314 0.253333 0.022792 0.041667
0 0.938272 0.188333 0.012346 0.031667
0 0.457740 0.138333 0.015195 0.025000
0 0.824311 0.236667 0.021842 0.045000
0 0.381766 0.215000 0.018044 0.035000
0 0.681861 0.111667 0.013295 0.023333
0 0.450142 0.185000 0.015195 0.031667
0 0.810066 0.171667 0.014245 0.033333
0 0.875594 0.155000 0.013295 0.021667
0 0.610636 0.335000 0.031339 0.056667
0 0.649573 0.101667 0.010446 0.023333
0 0.566952 0.288333 0.021842 0.050000
0 0.569801 0.233333 0.018044 0.038333
