0 0.366106 0.382705 0.034375 0.057363
0 0.294712 0.406678 0.037019 0.073630
0 0.714663 0.365582 0.029567 0.067209
0 0.890144 0.429795 0.066106 0.127140
0 0.128846 0.520976 0.066587 0.101455
0 0.766827 0.371575 0.042067 0.067209
0 0.234615 0.469606 0.051442 0.094178
0 0.699038 0.494435 0.061058 0.127140
0 0.795433 0.457192 0.052163 0.089469
0 0.645673 0.392979 0.035817 0.058647
0 0.691827 0.387842 0.039904 0.094178
0 0.127404 0.448630 0.042067 0.062072
0 0.196875 0.402825 0.047356 0.073202
0 0.955288 0.540240 0.089183 0.241010
0 0.624760 0.374144 0.033654 0.062500
0 0.808654 0.366866 0.029567 0.057363
0 0.398798 0.357021 0.028125 0.059932
0 0.833894 0.392123 0.041346 0.068493
