0 0.573242 0.438416 0.026367 0.029326
0 0.433594 0.373900 0.020508 0.038123
0 0.249023 0.453079 0.036133 0.049853
0 0.980469 0.519062 0.034180 0.071848
0 0.770508 0.434018 0.026367 0.029326
0 0.927734 0.634897 0.083984 0.126100
0 0.329102 0.445748 0.022461 0.039589
0 0.981445 0.605572 0.037109 0.098240
0 0.623047 0.436950 0.025391 0.038123
0 0.472656 0.423754 0.023438 0.033724
0 0.401367 0.423754 0.027344 0.048387
0 0.798828 0.690616 0.089844 0.130499
0 0.437500 0.513196 0.060547 0.104106
0 0.801758 0.429619 0.035156 0.046921
0 0.903320 0.429619 0.034180 0.052786
0 0.892578 0.552786 0.041016 0.061584
0 0.377930 0.463343 0.036133 0.061584
0 0.301758 0.469208 0.048828 0.079179
0 0.815430 0.501466 0.040039 0.055718
0 0.683594 0.463343 0.037109 0.051320
0 0.435547 0.460411 0.047852 0.071848
0 0.292969 0.420821 0.022461 0.039589
0 0.860352 0.428152 0.031250 0.045455
0 0.510742 0.423754 0.021484 0.032258
0 0.659180 0.551320 0.056641 0.073314
0 0.232422 0.426686 0.024414 0.039589
0 0.785156 0.582111 0.057617 0.076246
0 0.632812 0.498534 0.041992 0.055718
0 0.598633 0.614370 0.057617 0.079179
0 0.392578 0.598240 0.094727 0.178886
0 0.491211 0.454545 0.028320 0.039589
0 0.716797 0.464809 0.027344 0.045455
0 0.579102 0.461877 0.027344 0.036657
0 0.587891 0.423754 0.024414 0.039589
0 0.729492 0.432551 0.023438 0.030792
