0 0.314488 0.601266 0.067138 0.113924
0 0.583039 0.208861 0.028269 0.044304
0 0.120141 0.398734 0.056537 0.094937
0 0.455830 0.367089 0.045936 0.088608
0 0.049470 0.594937 0.081272 0.139241
0 0.303887 0.411392 0.045936 0.075949
0 0.413428 0.898734 0.127208 0.202532
0 0.660777 0.227848 0.028269 0.050633
0 0.250883 0.303797 0.035336 0.056962
0 0.381625 0.316456 0.035336 0.063291
0 0.985866 0.379747 0.028269 0.088608
0 0.840989 0.841772 0.137809 0.240506
0 0.890459 0.221519 0.056537 0.120253
0 0.734982 0.284810 0.035336 0.082278
0 0.554770 0.506329 0.063604 0.113924
