0 0.510959 0.491773 0.038356 0.073126
0 0.504110 0.438757 0.020548 0.034735
0 0.826027 0.438757 0.027397 0.047532
0 0.920548 0.451554 0.027397 0.043876
0 0.728767 0.497258 0.050685 0.091408
0 0.846575 0.482633 0.036986 0.065814
0 0.475342 0.460695 0.030137 0.051188
0 0.587671 0.510055 0.047945 0.085923
0 0.194521 0.495430 0.056164 0.100548
0 0.956164 0.495430 0.046575 0.082267
0 0.452055 0.446069 0.028767 0.053016
0 0.650685 0.424132 0.017808 0.029250
0 0.226027 0.471664 0.036986 0.073126
0 0.897260 0.446069 0.024658 0.038391
0 0.150685 0.535649 0.068493 0.115174
0 0.745205 0.466179 0.036986 0.065814
0 0.708219 0.590494 0.067123 0.106033
0 0.109589 0.586837 0.119178 0.157221
0 0.873973 0.595978 0.071233 0.122486
0 0.453425 0.526508 0.054795 0.091408
0 0.604110 0.449726 0.021918 0.042048
0 0.631507 0.475320 0.034247 0.062157
0 0.554795 0.422303 0.020548 0.040219
0 0.836986 0.431444 0.024658 0.038391
0 0.657534 0.455210 0.028767 0.056673
0 0.245205 0.442413 0.031507 0.054845
0 0.860274 0.420475 0.021918 0.038391
0 0.952055 0.440585 0.023288 0.042048
0 0.573973 0.440585 0.026027 0.042048
0 0.531507 0.453382 0.030137 0.047532
0 0.390411 0.340037 0.038356 0.058501
0 0.983562 0.451554 0.028767 0.054845
0 0.868493 0.517367 0.043836 0.062157
0 0.635616 0.425960 0.020548 0.034735
0 0.558904 0.460695 0.031507 0.056673
0 0.313699 0.431444 0.028767 0.042048
0 0.717808 0.424132 0.021918 0.042048
0 0.604110 0.429616 0.024658 0.036563
0 0.775342 0.425960 0.021918 0.045704
