0 0.684772 0.189565 0.013579 0.034783
0 0.387003 0.288696 0.020369 0.040000
0 0.462658 0.170435 0.012609 0.031304
0 0.755577 0.184348 0.013579 0.038261
0 0.914646 0.340870 0.025218 0.057391
0 0.519884 0.140870 0.009699 0.022609
0 0.311348 0.233043 0.014549 0.036522
0 0.525703 0.177391 0.012609 0.033043
0 0.414161 0.193043 0.014549 0.036522
0 0.335597 0.260870 0.016489 0.033043
0 0.668283 0.106087 0.009699 0.026087
0 0.632396 0.111304 0.011639 0.022609
0 0.380213 0.243478 0.016489 0.040000
0 0.697381 0.166957 0.012609 0.031304
0 0.469447 0.142609 0.011639 0.026087
0 0.441319 0.203478 0.013579 0.036522
0 0.553831 0.184348 0.014549 0.038261
0 0.673133 0.342609 0.019399 0.060870
0 0.375364 0.201739 0.013579 0.034783
0 0.849661 0.293913 0.019399 0.053913
0 0.354995 0.201739 0.014549 0.034783
0 0.661494 0.137391 0.011639 0.027826
0 0.744908 0.139130 0.012609 0.029565
0 0.678952 0.257391 0.020369 0.052174
0 0.454898 0.224348 0.015519 0.038261
0 0.758487 0.233043 0.017459 0.041739
0 0.690592 0.106087 0.009699 0.024348
0 0.567410 0.153043 0.014549 0.031304
0 0.793404 0.165217 0.012609 0.036522
0 0.876819 0.233043 0.015519 0.046957
0 0.799224 0.220870 0.015519 0.041739
0 0.650824 0.121739 0.009699 0.027826
0 0.486906 0.217391 0.018429 0.040000
0 0.844811 0.460870 0.032978 0.067826
0 0.490786 0.139130 0.009699 0.020870
0 0.853540 0.259130 0.016489 0.043478
0 0.766246 0.300870 0.018429 0.050435
0 0.677983 0.121739 0.011639 0.026087
0 0.927255 0.220870 0.014549 0.038261
0 0.580989 0.170435 0.015519 0.034783
0 0.715810 0.234783 0.016489 0.045217
0 0.720660 0.116522 0.010669 0.022609
0 0.616877 0.153043 0.014549 0.031304
0 0.605238 0.125217 0.011639 0.026087
0 0.806984 0.281739 0.017459 0.050435
0 0.352085 0.180870 0.011639 0.031304
0 0.602328 0.255652 0.020369 0.046957
0 0.590689 0.347826 0.019399 0.062609
0 0.294859 0.219130 0.013579 0.033043
0 0.549952 0.161739 0.013579 0.033043
0 0.813773 0.398261 0.025218 0.073043
0 0.566440 0.234783 0.017459 0.046957
0 0.440349 0.165217 0.010669 0.024348
0 0.634336 0.224348 0.017459 0.036522
0 0.212415 0.365217 0.037827 0.078261
0 0.503395 0.125217 0.010669 0.024348
0 0.545102 0.314783 0.023278 0.059130
0 0.420951 0.173913 0.011639 0.033043
0 0.493695 0.288696 0.021339 0.053913
0 0.588749 0.113043 0.008729 0.022609
0 0.554801 0.126957 0.011639 0.024348
0 0.919496 0.320000 0.016489 0.040000
0 0.776916 0.375652 0.029098 0.064348
0 0.728419 0.293913 0.020369 0.055652
0 0.328807 0.238261 0.012609 0.034783
