0 0.242500 0.513333 0.047500 0.080000
0 0.922500 0.526667 0.060000 0.113333
0 0.837500 0.390000 0.040000 0.066667
0 0.247500 0.443333 0.037500 0.050000
0 0.935000 0.440000 0.042500 0.070000
0 0.885000 0.476667 0.055000 0.086667
0 0.485000 0.383333 0.022500 0.040000
0 0.665000 0.403333 0.027500 0.046667
0 0.452500 0.406667 0.032500 0.050000
0 0.362500 0.443333 0.047500 0.086667
0 0.912500 0.373333 0.035000 0.070000
0 0.572500 0.403333 0.017500 0.040000
0 0.707500 0.373333 0.027500 0.046667
0 0.770000 0.640000 0.102500 0.166667
0 0.487500 0.503333 0.042500 0.070000
0 0.725000 0.396667 0.022500 0.040000
0 0.047500 0.453333 0.037500 0.046667
0 0.780000 0.396667 0.045000 0.070000
0 0.612500 0.376667 0.027500 0.046667
0 0.432500 0.493333 0.040000 0.063333
0 0.555000 0.613333 0.082500 0.126667
0 0.555000 0.373333 0.017500 0.036667
0 0.160000 0.340000 0.075000 0.103333
0 0.955000 0.613333 0.090000 0.236667
0 0.612500 0.460000 0.040000 0.060000
0 0.400000 0.403333 0.027500 0.036667
0 0.287500 0.420000 0.030000 0.043333
0 0.295000 0.553333 0.067500 0.096667
0 0.507500 0.420000 0.027500 0.046667
0 0.550000 0.440000 0.035000 0.056667
0 0.400000 0.440000 0.030000 0.053333
0 0.717500 0.426667 0.030000 0.046667
0 0.770000 0.506667 0.065000 0.090000
0 0.525000 0.406667 0.020000 0.040000
0 0.270000 0.473333 0.030000 0.040000
