0 0.645982 0.149123 0.008751 0.028070
0 0.404137 0.084211 0.009547 0.028070
0 0.543357 0.466667 0.029435 0.070175
0 0.535402 0.077193 0.009547 0.024561
0 0.916468 0.363158 0.019093 0.043860
0 0.537788 0.300000 0.017502 0.049123
0 0.041368 0.235088 0.015911 0.054386
0 0.695306 0.207018 0.017502 0.043860
0 0.490056 0.077193 0.007955 0.026316
0 0.481305 0.263158 0.020684 0.047368
0 0.614956 0.108772 0.014320 0.028070
0 0.594272 0.124561 0.012729 0.033333
0 0.387430 0.089474 0.011138 0.028070
0 0.050119 0.208772 0.016706 0.043860
0 0.128083 0.584211 0.033413 0.078947
0 0.803500 0.224561 0.013524 0.040351
0 0.257757 0.124561 0.017502 0.042105
0 0.209228 0.338596 0.022275 0.068421
0 0.203660 0.110526 0.011933 0.031579
0 0.187749 0.192982 0.022275 0.043860
0 0.717582 0.212281 0.013524 0.031579
0 0.607796 0.231579 0.015115 0.043860
0 0.505171 0.100000 0.011933 0.021053
0 0.307876 0.229825 0.018298 0.033333
0 0.060461 0.400000 0.019889 0.064912
0 0.472554 0.214035 0.015115 0.050877
0 0.176611 0.264912 0.019889 0.047368
0 0.762928 0.205263 0.015911 0.038596
0 0.373111 0.164912 0.010342 0.035088
0 0.206842 0.438596 0.025457 0.056140
0 0.704853 0.266667 0.019093 0.040351
0 0.476531 0.115789 0.012729 0.026316
0 0.672235 0.326316 0.017502 0.049123
0 0.289578 0.203509 0.019093 0.052632
0 0.357200 0.084211 0.015115 0.036842
0 0.566428 0.198246 0.017502 0.038596
0 0.413683 0.161404 0.016706 0.040351
0 0.245028 0.275439 0.015911 0.045614
0 0.778043 0.366667 0.023866 0.050877
0 0.073190 0.480702 0.024662 0.063158
0 0.464598 0.157895 0.015911 0.031579
0 0.459825 0.128070 0.012729 0.035088
0 0.353222 0.222807 0.013524 0.045614
0 0.158313 0.149123 0.012729 0.036842
0 0.122514 0.210526 0.016706 0.042105
0 0.504375 0.175439 0.010342 0.031579
0 0.846460 0.266667 0.015115 0.040351
0 0.223548 0.129825 0.015911 0.033333
