0 0.861719 0.157093 0.055469 0.092614
0 0.924219 0.485346 0.085938 0.141852
0 0.896094 0.859320 0.145313 0.208675
0 0.184375 0.849941 0.125781 0.196952
0 0.080469 0.535756 0.061719 0.103165
0 0.694531 0.145369 0.065625 0.127784
0 0.406250 0.820633 0.106250 0.160610
0 0.434375 0.263775 0.050781 0.094959
0 0.123438 0.205158 0.057031 0.092614
0 0.034375 0.738570 0.067969 0.126612
0 0.959375 0.691676 0.081250 0.202814
0 0.570312 0.792497 0.101562 0.146542
0 0.472656 0.515826 0.064062 0.118406
0 0.033594 0.662368 0.064062 0.113716
