0 0.653543 0.217331 0.022835 0.042641
0 0.623622 0.137552 0.018110 0.031637
0 0.753543 0.224209 0.022835 0.041265
0 0.422047 0.193948 0.017323 0.037139
0 0.844094 0.324622 0.031496 0.056396
0 0.664567 0.247593 0.024409 0.048143
0 0.553543 0.257221 0.025984 0.050894
0 0.828346 0.145805 0.014961 0.033012
0 0.548031 0.149931 0.014961 0.023384
0 0.385827 0.258597 0.022835 0.039890
0 0.603937 0.111417 0.014173 0.024759
0 0.328346 0.269601 0.022047 0.048143
0 0.493701 0.138927 0.014173 0.028886
0 0.721260 0.154058 0.016535 0.037139
0 0.828346 0.196699 0.020472 0.041265
0 0.647244 0.121045 0.011024 0.024759
0 0.350394 0.217331 0.019685 0.042641
0 0.664567 0.122421 0.013386 0.033012
0 0.497638 0.297111 0.029921 0.055021
0 0.422047 0.265475 0.022835 0.041265
0 0.885039 0.202201 0.018110 0.042641
0 0.447244 0.155433 0.012598 0.034388
0 0.296063 0.254470 0.019685 0.035763
0 0.739370 0.189821 0.021260 0.042641
0 0.875591 0.226960 0.018898 0.049519
0 0.407087 0.184319 0.015748 0.030261
0 0.758268 0.141678 0.020472 0.033012
0 0.606299 0.151307 0.013386 0.026135
0 0.477165 0.218707 0.024409 0.049519
0 0.779528 0.160935 0.018898 0.039890
0 0.851969 0.239340 0.022047 0.052270
0 0.284252 0.251719 0.018898 0.034388
0 0.392913 0.193948 0.016535 0.034388
0 0.805512 0.226960 0.022835 0.048143
0 0.831496 0.231087 0.019685 0.046768
0 0.900000 0.265475 0.022835 0.063274
0 0.691339 0.196699 0.021260 0.039890
0 0.709449 0.221458 0.023622 0.048143
0 0.589764 0.148556 0.014173 0.031637
0 0.203150 0.409904 0.042520 0.083906
0 0.793701 0.143054 0.015748 0.034388
0 0.313386 0.221458 0.018110 0.034388
0 0.573228 0.140303 0.012598 0.027510
0 0.803150 0.174691 0.017323 0.044017
0 0.426772 0.163686 0.016535 0.028886
0 0.775591 0.207703 0.021260 0.042641
0 0.762992 0.337001 0.036220 0.060523
0 0.599213 0.268226 0.026772 0.050894
0 0.687402 0.152682 0.018898 0.031637
0 0.792913 0.287483 0.025197 0.053645
0 0.707087 0.295736 0.025984 0.064649
0 0.400000 0.236589 0.018898 0.041265
0 0.575591 0.171939 0.018110 0.037139
0 0.540945 0.309491 0.029134 0.061898
0 0.559843 0.166437 0.017323 0.024759
0 0.507087 0.149931 0.016535 0.028886
0 0.433858 0.236589 0.018898 0.042641
0 0.759055 0.178817 0.017323 0.039890
0 0.496063 0.191197 0.018110 0.041265
0 0.543307 0.192572 0.018110 0.037139
0 0.644882 0.170564 0.016535 0.039890
0 0.521260 0.148556 0.017323 0.030261
0 0.606299 0.210454 0.022047 0.048143
0 0.679528 0.309491 0.029921 0.060523
0 0.466929 0.162311 0.015748 0.034388
0 0.863780 0.149931 0.013386 0.041265
