0 0.634000 0.449438 0.024000 0.039326
0 0.474000 0.426966 0.022000 0.039326
0 0.256000 0.398876 0.022000 0.036517
0 0.266000 0.446629 0.030000 0.044944
0 0.428000 0.443820 0.024000 0.033708
0 0.310000 0.415730 0.024000 0.030899
0 0.172000 0.384831 0.024000 0.030899
0 0.684000 0.491573 0.042000 0.073034
0 0.038000 0.390449 0.052000 0.087079
0 0.460000 0.443820 0.022000 0.028090
0 0.574000 0.544944 0.040000 0.058989
0 0.394000 0.424157 0.022000 0.030899
0 0.606000 0.452247 0.024000 0.042135
0 0.340000 0.401685 0.030000 0.042135
0 0.104000 0.410112 0.028000 0.044944
0 0.498000 0.441011 0.020000 0.030899
0 0.574000 0.463483 0.030000 0.042135
0 0.732000 0.533708 0.062000 0.073034
0 0.072000 0.393258 0.042000 0.081461
0 0.494000 0.491573 0.044000 0.050562
0 0.918000 0.556180 0.094000 0.129213
0 0.194000 0.387640 0.022000 0.030899
0 0.648000 0.511236 0.036000 0.047753
0 0.306000 0.488764 0.044000 0.064607
0 0.838000 0.564607 0.084000 0.089888
0 0.516000 0.561798 0.080000 0.061798
0 0.300000 0.387640 0.022000 0.036517
0 0.408000 0.401685 0.024000 0.036517
0 0.250000 0.497191 0.052000 0.081461
0 0.616000 0.480337 0.032000 0.053371
0 0.344000 0.483146 0.040000 0.053371
0 0.692000 0.455056 0.034000 0.050562
0 0.358000 0.452247 0.034000 0.039326
0 0.538000 0.429775 0.028000 0.036517
0 0.546000 0.626404 0.108000 0.132022
0 0.156000 0.474719 0.088000 0.146067
0 0.100000 0.376404 0.024000 0.039326
0 0.454000 0.418539 0.016000 0.022472
0 0.492000 0.536517 0.060000 0.056180
0 0.526000 0.457865 0.030000 0.042135
0 0.402000 0.480337 0.034000 0.058989
0 0.206000 0.502809 0.060000 0.115169
