0 0.906067 0.182759 0.015656 0.037931
0 0.600783 0.160345 0.016634 0.029310
0 0.359100 0.229310 0.019569 0.039655
0 0.658513 0.146552 0.013699 0.025862
0 0.380626 0.210345 0.014677 0.029310
0 0.857143 0.162069 0.011742 0.036207
0 0.756360 0.198276 0.018591 0.036207
0 0.936399 0.212069 0.015656 0.027586
0 0.542074 0.162069 0.013699 0.029310
0 0.644814 0.127586 0.013699 0.031034
0 0.521526 0.146552 0.016634 0.031034
0 0.683953 0.137931 0.012720 0.027586
0 0.560665 0.187931 0.016634 0.036207
0 0.412916 0.243103 0.017613 0.037931
0 0.896282 0.210345 0.018591 0.031034
0 0.876712 0.168966 0.014677 0.032759
0 0.426614 0.203448 0.016634 0.041379
0 0.661448 0.113793 0.011742 0.024138
0 0.356164 0.193103 0.015656 0.034483
0 0.673190 0.186207 0.014677 0.034483
0 0.455969 0.194828 0.013699 0.029310
0 0.750489 0.382759 0.025440 0.065517
0 0.295499 0.232759 0.015656 0.034483
0 0.720157 0.189655 0.013699 0.034483
0 0.706458 0.184483 0.015656 0.031034
0 0.737769 0.239655 0.017613 0.043103
0 0.627202 0.213793 0.018591 0.041379
0 0.611546 0.127586 0.014677 0.025862
0 0.689824 0.117241 0.011742 0.024138
0 0.868885 0.194828 0.015656 0.032759
0 0.596869 0.231034 0.019569 0.048276
0 0.947162 0.225862 0.013699 0.031034
0 0.737769 0.153448 0.012720 0.032759
0 0.503914 0.187931 0.016634 0.036207
0 0.578278 0.143103 0.012720 0.029310
0 0.666341 0.131034 0.012720 0.029310
0 0.697652 0.308621 0.025440 0.068966
0 0.953033 0.198276 0.010763 0.032759
0 0.595890 0.141379 0.012720 0.024138
0 0.835616 0.177586 0.013699 0.034483
0 0.684932 0.227586 0.019569 0.037931
0 0.917808 0.331034 0.021526 0.055172
0 0.782779 0.134483 0.010763 0.024138
0 0.924658 0.256897 0.016634 0.039655
0 0.709393 0.117241 0.010763 0.024138
0 0.406067 0.172414 0.012720 0.027586
0 0.820939 0.206897 0.015656 0.031034
0 0.915851 0.155172 0.011742 0.031034
0 0.378669 0.237931 0.018591 0.037931
0 0.763209 0.141379 0.013699 0.034483
0 0.740705 0.177586 0.017613 0.036207
0 0.798434 0.174138 0.012720 0.034483
0 0.694716 0.258621 0.021526 0.046552
0 0.637965 0.253448 0.021526 0.046552
0 0.888454 0.231034 0.016634 0.037931
0 0.459883 0.213793 0.018591 0.036207
0 0.552838 0.132759 0.011742 0.024138
0 0.608611 0.167241 0.016634 0.031034
0 0.805284 0.141379 0.010763 0.032759
0 0.835616 0.143103 0.011742 0.031034
0 0.444227 0.167241 0.013699 0.029310
0 0.771037 0.246552 0.017613 0.044828
0 0.570450 0.165517 0.014677 0.034483
0 0.500000 0.158621 0.013699 0.025862
0 0.426614 0.175862 0.013699 0.031034
0 0.646771 0.160345 0.013699 0.024138
0 0.795499 0.217241 0.015656 0.039655
0 0.627202 0.141379 0.012720 0.027586
0 0.794521 0.298276 0.022505 0.055172
0 0.824853 0.268966 0.017613 0.056897
0 0.333659 0.189655 0.015656 0.034483
0 0.489237 0.155172 0.011742 0.031034
0 0.089041 0.281034 0.022505 0.051724
0 0.617417 0.127586 0.012720 0.020690
0 0.843444 0.224138 0.016634 0.034483
0 0.528376 0.186207 0.018591 0.031034
0 0.386497 0.177586 0.012720 0.031034
0 0.337573 0.227586 0.014677 0.031034
0 0.858121 0.224138 0.013699 0.034483
0 0.283757 0.231034 0.019569 0.037931
0 0.506849 0.132759 0.011742 0.022414
