0 0.808307 0.257302 0.023163 0.044506
0 0.581470 0.129346 0.015974 0.027816
0 0.654153 0.098748 0.011981 0.025035
0 0.857827 0.269819 0.025559 0.045897
0 0.680511 0.198887 0.021565 0.041725
0 0.083067 0.503477 0.044728 0.100139
0 0.764377 0.226704 0.023163 0.037552
0 0.333866 0.229485 0.015974 0.033380
0 0.500799 0.148818 0.013578 0.033380
0 0.848243 0.353268 0.033546 0.062587
0 0.876198 0.133519 0.011981 0.033380
0 0.865016 0.147427 0.018371 0.034771
0 0.797923 0.148818 0.017572 0.029207
0 0.518371 0.127955 0.015176 0.026426
0 0.562300 0.184979 0.019968 0.033380
0 0.468051 0.173853 0.013578 0.029207
0 0.805911 0.118220 0.011182 0.029207
0 0.420927 0.182197 0.014377 0.030598
0 0.940895 0.151599 0.012780 0.027816
0 0.698083 0.109875 0.013578 0.025035
0 0.653355 0.132128 0.014377 0.033380
0 0.602236 0.332406 0.034345 0.062587
0 0.558307 0.239221 0.025559 0.044506
0 0.558307 0.137691 0.015974 0.030598
0 0.545527 0.289291 0.030351 0.054242
0 0.616613 0.212796 0.019968 0.043115
0 0.920927 0.300417 0.025559 0.052851
0 0.611821 0.114047 0.009585 0.016690
0 0.605431 0.243394 0.025559 0.054242
0 0.892971 0.186370 0.014377 0.031989
0 0.796326 0.279555 0.025559 0.054242
0 0.717252 0.144645 0.014377 0.033380
0 0.389776 0.285118 0.023163 0.051460
0 0.346645 0.300417 0.022364 0.044506
0 0.852236 0.162726 0.016773 0.034771
0 0.832268 0.210014 0.022364 0.045897
0 0.537540 0.133519 0.016773 0.030598
0 0.411342 0.201669 0.015974 0.029207
0 0.726837 0.186370 0.019169 0.040334
0 0.340256 0.255911 0.018371 0.034771
0 0.488019 0.194715 0.016773 0.036161
0 0.816294 0.144645 0.013578 0.033380
0 0.519968 0.162726 0.013578 0.030598
0 0.904153 0.218359 0.018371 0.043115
0 0.662939 0.258693 0.029553 0.052851
0 0.423323 0.223922 0.020767 0.045897
0 0.710064 0.216968 0.023163 0.052851
0 0.732428 0.150209 0.015176 0.027816
0 0.760383 0.121001 0.014377 0.026426
0 0.894569 0.450626 0.043930 0.080668
0 0.826677 0.308762 0.026358 0.059805
0 0.396965 0.222531 0.019968 0.038943
0 0.742013 0.235049 0.021565 0.059805
0 0.746006 0.136300 0.015176 0.037552
0 0.290735 0.265647 0.020767 0.040334
0 0.361821 0.254520 0.018371 0.037552
0 0.833866 0.127955 0.013578 0.029207
0 0.666933 0.130737 0.012780 0.031989
0 0.482428 0.146036 0.015176 0.026426
0 0.898562 0.158554 0.014377 0.027816
0 0.480032 0.222531 0.022364 0.044506
0 0.660543 0.108484 0.013578 0.020862
0 0.839457 0.396384 0.037540 0.082058
0 0.561502 0.116829 0.011981 0.023644
0 0.860224 0.222531 0.016773 0.048679
0 0.615016 0.141864 0.015974 0.029207
0 0.589457 0.111266 0.011981 0.030598
0 0.575879 0.151599 0.018371 0.031989
0 0.902556 0.136300 0.013578 0.030598
0 0.539137 0.173853 0.018371 0.037552
0 0.756390 0.171071 0.021565 0.045897
0 0.936901 0.221140 0.019169 0.044506
0 0.349840 0.228095 0.016773 0.036161
0 0.936901 0.173853 0.011981 0.029207
