0 0.663333 0.201111 0.034167 0.052222
0 0.424167 0.181111 0.036667 0.056667
0 0.518333 0.287778 0.055833 0.088889
0 0.735000 0.274444 0.065000 0.097778
0 0.343333 0.263333 0.065000 0.098889
0 0.105000 0.277778 0.064167 0.070000
0 0.956667 0.161111 0.057500 0.107778
0 0.145833 0.260000 0.042500 0.057778
0 0.545000 0.165556 0.044167 0.066667
0 0.517500 0.230000 0.055000 0.066667
0 0.606667 0.201111 0.043333 0.058889
0 0.471667 0.256667 0.042500 0.052222
0 0.441667 0.233333 0.032500 0.055556
0 0.672500 0.248889 0.044167 0.070000
0 0.267500 0.303333 0.062500 0.080000
0 0.046667 0.311111 0.052500 0.073333
0 0.341667 0.171111 0.038333 0.056667
