0 0.835114 0.528579 0.065705 0.108974
0 0.957621 0.574519 0.084758 0.151175
0 0.292735 0.922543 0.216702 0.154915
0 0.037037 0.459135 0.070513 0.130609
0 0.552350 0.514156 0.060185 0.098558
0 0.313568 0.595353 0.087073 0.166400
0 0.609865 0.862981 0.176638 0.253739
0 0.387286 0.373932 0.050570 0.091613
0 0.270477 0.605769 0.103454 0.201389
0 0.068376 0.657585 0.124110 0.192308
0 0.629986 0.559295 0.089744 0.137553
0 0.016738 0.347756 0.028846 0.080128
0 0.033120 0.571047 0.064281 0.114049
0 0.189637 0.358974 0.051460 0.061699
0 0.425570 0.547009 0.083511 0.139690
0 0.933226 0.741186 0.133369 0.256677
0 0.884437 0.635951 0.087607 0.159188
0 0.466702 0.481838 0.087607 0.144765
0 0.773148 0.543536 0.064993 0.114049
0 0.697828 0.681624 0.102030 0.180823
0 0.179487 0.572382 0.097934 0.163462
