0 0.266406 0.820833 0.103906 0.120833
0 0.131250 0.665625 0.042969 0.062500
0 0.559375 0.725000 0.057031 0.078125
0 0.314844 0.609375 0.023438 0.040625
0 0.646875 0.653125 0.025000 0.037500
0 0.494531 0.626042 0.023438 0.035417
0 0.285156 0.679167 0.037500 0.060417
0 0.424219 0.644792 0.030469 0.042708
0 0.285938 0.626042 0.025000 0.040625
0 0.385937 0.618750 0.024219 0.041667
0 0.564063 0.626042 0.023438 0.036458
0 0.535937 0.662500 0.035937 0.046875
0 0.105469 0.910417 0.118750 0.146875
0 0.171875 0.612500 0.024219 0.037500
0 0.608594 0.725000 0.043750 0.062500
0 0.674219 0.636458 0.026562 0.043750
0 0.585938 0.631250 0.024219 0.037500
0 0.314063 0.641667 0.028125 0.041667
0 0.026562 0.639583 0.035937 0.050000
0 0.416406 0.611458 0.024219 0.032292
0 0.727344 0.656250 0.039062 0.060417
0 0.472656 0.625000 0.017188 0.036458
0 0.082812 0.785417 0.078125 0.087500
0 0.226562 0.635417 0.031250 0.045833
0 0.364063 0.632292 0.025781 0.039583
0 0.224219 0.695833 0.044531 0.062500
0 0.916406 0.520833 0.059375 0.080208
0 0.692187 0.694792 0.039844 0.051042
0 0.200000 0.654167 0.028906 0.048958
0 0.461719 0.639583 0.025781 0.045833
0 0.346094 0.607292 0.022656 0.038542
0 0.354687 0.711458 0.050000 0.066667
0 0.103125 0.625000 0.033594 0.043750
