0 0.655462 0.136066 0.012138 0.022951
0 0.823529 0.352459 0.029879 0.057377
0 0.915033 0.293443 0.022409 0.050820
0 0.510738 0.221311 0.017740 0.029508
0 0.292250 0.273770 0.018674 0.027869
0 0.928105 0.211475 0.013072 0.022951
0 0.829132 0.208197 0.015873 0.034426
0 0.384687 0.177049 0.012138 0.018033
0 0.586368 0.240984 0.020542 0.037705
0 0.865546 0.247541 0.019608 0.040984
0 0.641457 0.295082 0.024276 0.044262
0 0.500467 0.155738 0.012138 0.024590
0 0.848739 0.173770 0.016807 0.036066
0 0.694678 0.160656 0.014939 0.024590
0 0.533147 0.327869 0.026144 0.042623
0 0.491130 0.201639 0.018674 0.036066
0 0.700280 0.227869 0.018674 0.036066
0 0.616246 0.145902 0.014939 0.024590
0 0.687208 0.185246 0.017740 0.039344
0 0.882353 0.206557 0.018674 0.039344
0 0.732960 0.249180 0.023343 0.054098
0 0.549020 0.178689 0.013072 0.024590
0 0.472456 0.157377 0.014939 0.029508
0 0.626517 0.111475 0.017740 0.024590
0 0.386555 0.191803 0.014006 0.019672
0 0.746032 0.116393 0.014006 0.022951
0 0.397759 0.218033 0.014939 0.022951
0 0.698413 0.322951 0.025210 0.054098
0 0.456583 0.152459 0.011204 0.026230
0 0.929038 0.249180 0.020542 0.036066
0 0.628385 0.249180 0.016807 0.036066
0 0.765640 0.131148 0.011204 0.022951
0 0.893557 0.175410 0.017740 0.034426
0 0.733894 0.175410 0.013072 0.029508
0 0.280112 0.244262 0.014006 0.024590
0 0.813259 0.237705 0.016807 0.039344
0 0.551821 0.129508 0.013072 0.024590
0 0.747899 0.324590 0.028945 0.062295
0 0.831933 0.149180 0.014006 0.031148
0 0.838469 0.136066 0.013072 0.022951
0 0.920635 0.150820 0.010271 0.018033
0 0.859944 0.155738 0.014006 0.024590
0 0.663866 0.213115 0.020542 0.039344
0 0.468721 0.234426 0.027077 0.044262
0 0.189542 0.416393 0.047619 0.077049
0 0.462185 0.203279 0.015873 0.036066
0 0.295051 0.249180 0.015873 0.027869
0 0.653595 0.183607 0.015873 0.034426
0 0.563959 0.134426 0.014006 0.022951
0 0.781513 0.140984 0.013072 0.036066
0 0.513539 0.127869 0.012138 0.019672
0 0.772176 0.213115 0.018674 0.042623
0 0.900093 0.157377 0.013072 0.021311
0 0.370682 0.280328 0.018674 0.034426
0 0.915033 0.426230 0.037348 0.063934
0 0.748833 0.152459 0.011204 0.022951
0 0.589169 0.119672 0.011204 0.018033
0 0.421102 0.178689 0.015873 0.036066
0 0.497666 0.357377 0.026144 0.044262
0 0.674136 0.109836 0.014939 0.018033
0 0.802988 0.149180 0.014939 0.034426
0 0.731092 0.198361 0.019608 0.039344
0 0.778711 0.263934 0.026144 0.049180
0 0.446312 0.188525 0.014939 0.031148
0 0.594771 0.175410 0.015873 0.032787
0 0.757236 0.140984 0.014006 0.024590
0 0.436975 0.237705 0.022409 0.042623
0 0.617180 0.208197 0.018674 0.034426
