0 0.261194 0.572565 0.101493 0.129225
0 0.464179 0.502982 0.080597 0.107356
0 0.582090 0.276342 0.035821 0.047714
0 0.546269 0.294235 0.034328 0.045726
0 0.958209 0.286282 0.037313 0.065606
0 0.222388 0.510934 0.062687 0.093439
0 0.117910 0.377734 0.040299 0.051690
0 0.738806 0.292247 0.047761 0.063618
0 0.768657 0.508946 0.104478 0.147117
0 0.634328 0.300199 0.043284 0.055666
0 0.544776 0.351889 0.061194 0.085487
0 0.479104 0.385686 0.062687 0.067594
0 0.541791 0.582505 0.108955 0.129225
0 0.146269 0.538767 0.076119 0.089463
0 0.165672 0.421471 0.046269 0.055666
0 0.132836 0.451292 0.061194 0.077535
0 0.505970 0.280318 0.031343 0.049702
0 0.304478 0.409543 0.058209 0.061630
0 0.298507 0.357853 0.041791 0.061630
0 0.019403 0.393638 0.037313 0.077535
0 0.428358 0.351889 0.046269 0.059642
0 0.668657 0.381710 0.074627 0.085487
0 0.205970 0.367793 0.049254 0.057654
0 0.883582 0.413519 0.070149 0.103380
