1 0.877333 0.716944 0.032000 0.031342
1 0.261333 0.693438 0.025333 0.030362
1 0.468000 0.689520 0.028000 0.028404
1 0.754667 0.716944 0.034667 0.031342
1 0.626667 0.683643 0.029333 0.027424
1 0.798667 0.774731 0.033333 0.032321
1 0.229333 0.764936 0.036000 0.032321
1 0.876000 0.786484 0.036000 0.031342
1 0.285333 0.764936 0.033333 0.032321
1 0.352000 0.712047 0.032000 0.030362
1 0.117333 0.672870 0.029333 0.029383
1 0.236000 0.706170 0.029333 0.029383
1 0.656000 0.789422 0.030667 0.033301
1 0.646667 0.714006 0.026667 0.030362
1 0.161333 0.756121 0.036000 0.033301
1 0.154667 0.680705 0.028000 0.029383
1 0.729333 0.770813 0.036000 0.034280
1 0.850667 0.707150 0.030667 0.027424
1 0.342667 0.762977 0.029333 0.032321
1 0.296000 0.681685 0.026667 0.027424
1 0.957333 0.795299 0.034667 0.035260
1 0.954667 0.725759 0.033333 0.033301
1 0.222667 0.670911 0.026667 0.028404
0 0.932000 0.709109 0.026667 0.026445
1 0.440000 0.781587 0.032000 0.026445
1 0.612000 0.707150 0.026667 0.026445
1 0.445333 0.710088 0.026667 0.030362
1 0.501333 0.697356 0.026667 0.029383
1 0.398667 0.703232 0.028000 0.032321
1 0.557333 0.701273 0.030667 0.029383
1 0.734667 0.704212 0.030667 0.030362
1 0.584000 0.776690 0.029333 0.030362
1 0.077333 0.766895 0.036000 0.035260
1 0.284000 0.662096 0.024000 0.026445
1 0.421333 0.693438 0.024000 0.027424
1 0.500000 0.765916 0.028000 0.029383
1 0.812000 0.714006 0.032000 0.032321
1 0.084000 0.678746 0.030667 0.031342
1 0.686667 0.682664 0.028000 0.028404
1 0.324000 0.686582 0.029333 0.029383
