0 0.731369 0.630208 0.041594 0.080729
0 0.415945 0.716146 0.077990 0.127604
0 0.915078 0.776042 0.112652 0.192708
0 0.925477 0.643229 0.060659 0.114583
0 0.377816 0.625000 0.050260 0.088542
0 0.175043 0.679688 0.051993 0.093750
0 0.596187 0.640625 0.038128 0.093750
0 0.109185 0.716146 0.086655 0.125000
0 0.658579 0.677083 0.050260 0.098958
0 0.197574 0.476562 0.058925 0.109375
0 0.830156 0.750000 0.081456 0.174479
0 0.852686 0.640625 0.055459 0.091146
0 0.805893 0.515625 0.045061 0.083333
0 0.703640 0.705729 0.062392 0.114583
0 0.512998 0.778646 0.100520 0.171875
0 0.031196 0.770833 0.060659 0.161458
0 0.381282 0.640625 0.036395 0.054688
0 0.965338 0.692708 0.046794 0.098958
0 0.379549 0.695312 0.048527 0.093750
