0 0.515000 0.105105 0.058333 0.147147
0 0.966667 0.093093 0.050000 0.126126
0 0.881667 0.207207 0.075000 0.168168
0 0.040000 0.189189 0.078333 0.258258
0 0.558333 0.066066 0.048333 0.126126
0 0.375000 0.102102 0.060000 0.132132
0 0.328333 0.546547 0.080000 0.159159
0 0.608333 0.042042 0.048333 0.078078
0 0.031667 0.318318 0.061667 0.315315
0 0.521667 0.510511 0.061667 0.147147
0 0.248333 0.105105 0.078333 0.168168
0 0.120000 0.126126 0.096667 0.240240
0 0.855000 0.072072 0.071667 0.123123
0 0.743333 0.243243 0.056667 0.132132
0 0.415000 0.072072 0.051667 0.126126
0 0.441667 0.732733 0.098333 0.159159
