0 0.584046 0.154882 0.017094 0.035354
0 0.614435 0.240741 0.020893 0.042088
0 0.436847 0.281145 0.021842 0.048822
0 0.778727 0.306397 0.024691 0.053872
0 0.431149 0.213805 0.020893 0.038721
0 0.722697 0.277778 0.026591 0.055556
0 0.802469 0.180135 0.016144 0.040404
0 0.392213 0.186869 0.020893 0.042088
0 0.247863 0.375421 0.042735 0.094276
0 0.664767 0.257576 0.022792 0.052189
0 0.341880 0.281145 0.022792 0.047138
0 0.298196 0.240741 0.023742 0.045455
0 0.599240 0.090909 0.015195 0.035354
0 0.214625 0.442761 0.052232 0.095960
0 0.815764 0.127946 0.012346 0.026936
0 0.568851 0.109428 0.011396 0.023569
0 0.537512 0.138047 0.015195 0.040404
0 0.483381 0.163300 0.016144 0.031987
0 0.557455 0.143098 0.013295 0.031987
0 0.527066 0.207071 0.018993 0.037037
0 0.357075 0.257576 0.017094 0.035354
0 0.456790 0.143098 0.014245 0.031987
0 0.449193 0.185185 0.018044 0.040404
0 0.688509 0.153199 0.016144 0.040404
0 0.490028 0.129630 0.013295 0.023569
0 0.761633 0.164983 0.014245 0.035354
0 0.699905 0.092593 0.016144 0.037037
0 0.514720 0.170034 0.017094 0.033670
0 0.855651 0.191919 0.017094 0.038721
0 0.450142 0.218855 0.021842 0.037037
0 0.877493 0.222222 0.019943 0.035354
0 0.474834 0.198653 0.017094 0.037037
0 0.732194 0.166667 0.014245 0.028620
0 0.754986 0.109428 0.010446 0.025253
0 0.749288 0.143098 0.012346 0.031987
0 0.710351 0.176768 0.018044 0.035354
