0 0.093863 0.416867 0.048736 0.072289
0 0.669675 0.400000 0.037906 0.048193
0 0.050542 0.404819 0.061372 0.079518
0 0.388087 0.383133 0.032491 0.053012
0 0.155235 0.416867 0.090253 0.127711
0 0.942238 0.380723 0.050542 0.069880
0 0.189531 0.366265 0.054152 0.069880
0 0.348375 0.421687 0.057762 0.093976
0 0.732852 0.686747 0.149819 0.207229
0 0.727437 0.363855 0.074007 0.096386
0 0.940433 0.703614 0.117329 0.267470
0 0.299639 0.414458 0.045126 0.060241
0 0.586643 0.368675 0.072202 0.098795
0 0.238267 0.850602 0.267148 0.286747
0 0.888087 0.407229 0.046931 0.077108
0 0.472924 0.404819 0.052347 0.098795
