0 0.520000 0.390533 0.021667 0.041420
0 0.418333 0.328402 0.018333 0.053254
0 0.598333 0.387574 0.015000 0.038462
0 0.131667 0.369822 0.021667 0.044379
0 0.606667 0.443787 0.031667 0.056213
0 0.196667 0.378698 0.025000 0.041420
0 0.208333 0.482249 0.058333 0.106509
0 0.288333 0.402367 0.023333 0.056213
0 0.468333 0.375740 0.021667 0.038462
0 0.671667 0.331361 0.031667 0.044379
0 0.143333 0.393491 0.020000 0.035503
0 0.575000 0.399408 0.020000 0.050296
0 0.080000 0.411243 0.038333 0.082840
0 0.901667 0.488166 0.061667 0.100592
0 0.653333 0.517751 0.053333 0.109467
0 0.186667 0.538462 0.081667 0.136095
0 0.525000 0.440828 0.026667 0.065089
0 0.178333 0.417160 0.036667 0.065089
0 0.840000 0.553254 0.093333 0.165680
0 0.160000 0.369822 0.021667 0.041420
0 0.310000 0.402367 0.026667 0.053254
0 0.616667 0.396450 0.020000 0.035503
0 0.715000 0.455621 0.048333 0.082840
0 0.220000 0.426036 0.035000 0.059172
0 0.263333 0.375740 0.021667 0.044379
