0 0.722397 0.226592 0.022082 0.048689
0 0.321767 0.204120 0.016824 0.028090
0 0.762355 0.123596 0.014721 0.028090
0 0.701367 0.117978 0.015773 0.026217
0 0.462671 0.149813 0.013670 0.029963
0 0.604627 0.142322 0.017876 0.037453
0 0.603575 0.301498 0.043113 0.074906
0 0.940063 0.224719 0.024185 0.044944
0 0.820189 0.183521 0.022082 0.052434
0 0.802313 0.209738 0.024185 0.041199
0 0.349106 0.200375 0.016824 0.035581
0 0.634069 0.101124 0.012618 0.020599
0 0.475289 0.125468 0.011567 0.028090
0 0.621451 0.254682 0.026288 0.052434
0 0.786540 0.132959 0.016824 0.029963
0 0.876972 0.260300 0.018927 0.052434
0 0.643533 0.144195 0.016824 0.035581
0 0.514196 0.106742 0.013670 0.024345
0 0.833859 0.228464 0.027340 0.052434
0 0.848580 0.310861 0.029443 0.058052
0 0.884332 0.191011 0.019979 0.041199
0 0.685594 0.260300 0.027340 0.050562
0 0.762355 0.146067 0.016824 0.033708
0 0.774974 0.189139 0.021030 0.037453
0 0.827550 0.353933 0.031546 0.061798
0 0.896951 0.413858 0.035752 0.071161
0 0.617245 0.116105 0.019979 0.043071
0 0.585699 0.280899 0.022082 0.058052
0 0.537329 0.144195 0.019979 0.031835
0 0.672976 0.138577 0.017876 0.031835
0 0.559411 0.181648 0.023134 0.043071
0 0.932702 0.288390 0.024185 0.063670
0 0.531020 0.123596 0.017876 0.022472
0 0.526814 0.271536 0.032597 0.050562
0 0.576236 0.132959 0.019979 0.035581
0 0.801262 0.166667 0.016824 0.031835
0 0.658254 0.134831 0.015773 0.031835
0 0.805468 0.284644 0.030494 0.067416
0 0.594111 0.235955 0.023134 0.052434
0 0.700315 0.322097 0.030494 0.074906
0 0.922187 0.361423 0.025237 0.048689
0 0.413249 0.198502 0.016824 0.029963
0 0.446898 0.204120 0.018927 0.029963
0 0.712934 0.181648 0.019979 0.039326
0 0.944269 0.170412 0.012618 0.041199
0 0.641430 0.196629 0.021030 0.043071
0 0.317560 0.230337 0.010515 0.033708
0 0.880126 0.224719 0.021030 0.052434
0 0.490011 0.153558 0.017876 0.033708
0 0.415352 0.157303 0.014721 0.028090
0 0.486856 0.213483 0.025237 0.048689
0 0.738170 0.387640 0.030494 0.052434
0 0.917981 0.168539 0.014721 0.037453
0 0.669821 0.207865 0.027340 0.056180
0 0.424816 0.172285 0.014721 0.026217
0 0.513144 0.147940 0.017876 0.039326
0 0.883281 0.151685 0.014721 0.035581
0 0.937960 0.196629 0.022082 0.050562
0 0.593060 0.168539 0.015773 0.039326
0 0.660358 0.106742 0.012618 0.029963
0 0.556257 0.153558 0.016824 0.035581
0 0.590957 0.104869 0.013670 0.024345
0 0.621451 0.099251 0.011567 0.026217
0 0.845426 0.149813 0.015773 0.035581
0 0.859096 0.198502 0.016824 0.044944
0 0.180862 0.359551 0.053628 0.089888
