0 0.087500 0.683274 0.035937 0.096085
0 0.178125 0.740214 0.042188 0.096085
0 0.156250 0.416370 0.009375 0.035587
0 0.332813 0.544484 0.018750 0.035587
0 0.809375 0.604982 0.015625 0.035587
0 0.589063 0.693950 0.021875 0.049822
0 0.803125 0.722420 0.034375 0.085409
0 0.126562 0.423488 0.017188 0.032028
0 0.570312 0.587189 0.018750 0.042705
0 0.121875 0.800712 0.059375 0.160142
0 0.082812 0.505338 0.014063 0.035587
0 0.625000 0.651246 0.025000 0.078292
0 0.364063 0.900356 0.075000 0.167260
0 0.765625 0.935943 0.053125 0.103203
0 0.271875 0.562278 0.017188 0.046263
0 0.673438 0.580071 0.020313 0.053381
0 0.442188 0.658363 0.021875 0.064057
0 0.204687 0.526690 0.014063 0.042705
0 0.590625 0.548043 0.018750 0.039146
0 0.631250 0.565836 0.014063 0.049822
0 0.234375 0.565836 0.014063 0.035587
0 0.778125 0.615658 0.023438 0.060498
0 0.696875 0.640569 0.023438 0.053381
0 0.231250 0.508897 0.012500 0.028470
0 0.792188 0.544484 0.015625 0.039146
0 0.737500 0.665480 0.026562 0.074733
0 0.251563 0.519573 0.010937 0.024911
0 0.400000 0.626335 0.034375 0.067616
0 0.550000 0.637011 0.018750 0.042705
0 0.668750 0.683274 0.034375 0.092527
0 0.714063 0.708185 0.028125 0.078292
0 0.109375 0.508897 0.020313 0.039146
