0 0.698413 0.101161 0.013072 0.031509
0 0.302521 0.263682 0.017740 0.036484
0 0.619981 0.222222 0.021475 0.036484
0 0.602241 0.331675 0.029879 0.054726
0 0.428571 0.268657 0.020542 0.041459
0 0.516340 0.152570 0.014006 0.026534
0 0.676004 0.150912 0.014006 0.029851
0 0.831933 0.139303 0.013072 0.031509
0 0.392157 0.217247 0.014006 0.028192
0 0.500467 0.155887 0.012138 0.019900
0 0.348273 0.217247 0.014939 0.026534
0 0.782446 0.298507 0.021475 0.049751
0 0.375350 0.213930 0.013072 0.031509
0 0.859944 0.152570 0.011204 0.028192
0 0.336134 0.280265 0.015873 0.029851
0 0.648926 0.104478 0.012138 0.023217
0 0.771242 0.157546 0.014939 0.028192
0 0.459384 0.169154 0.013072 0.019900
0 0.249300 0.290216 0.015873 0.023217
0 0.609711 0.121061 0.009337 0.021559
0 0.331466 0.222222 0.014006 0.031509
0 0.780579 0.124378 0.009337 0.024876
0 0.425770 0.185738 0.016807 0.028192
0 0.910364 0.167496 0.014006 0.026534
0 0.864613 0.233831 0.014939 0.036484
0 0.391223 0.197347 0.014006 0.024876
0 0.044818 0.396352 0.029879 0.063018
0 0.661064 0.202322 0.019608 0.036484
0 0.477124 0.167496 0.013072 0.021559
0 0.577965 0.155887 0.013072 0.029851
0 0.926237 0.159204 0.011204 0.028192
0 0.893557 0.165837 0.011204 0.021559
0 0.549953 0.157546 0.013072 0.031509
0 0.702148 0.203980 0.020542 0.033167
0 0.882353 0.165837 0.010271 0.021559
0 0.665733 0.117745 0.014006 0.024876
0 0.890756 0.131012 0.012138 0.029851
0 0.489262 0.298507 0.020542 0.044776
0 0.746032 0.137645 0.014939 0.031509
0 0.634921 0.124378 0.014006 0.026534
0 0.469655 0.149254 0.012138 0.023217
0 0.424837 0.164179 0.011204 0.018242
0 0.618114 0.145937 0.012138 0.026534
0 0.711485 0.295191 0.024276 0.044776
0 0.733894 0.127695 0.012138 0.031509
0 0.490196 0.232172 0.018674 0.044776
0 0.638655 0.179104 0.018674 0.033167
0 0.850607 0.167496 0.012138 0.028192
0 0.746965 0.222222 0.022409 0.041459
0 0.659197 0.262023 0.020542 0.044776
0 0.502334 0.179104 0.013072 0.021559
0 0.859944 0.127695 0.011204 0.024876
0 0.922502 0.203980 0.015873 0.034826
0 0.539683 0.200663 0.015873 0.033167
0 0.671335 0.325041 0.028011 0.054726
0 0.732026 0.195688 0.017740 0.036484
0 0.702148 0.144279 0.012138 0.028192
0 0.724556 0.155887 0.011204 0.031509
0 0.454715 0.222222 0.015873 0.031509
0 0.795518 0.132670 0.009337 0.023217
0 0.558357 0.114428 0.012138 0.021559
0 0.764706 0.131012 0.012138 0.024876
0 0.563025 0.243781 0.023343 0.048093
0 0.746032 0.109453 0.011204 0.026534
0 0.586368 0.124378 0.013072 0.023217
0 0.616246 0.104478 0.010271 0.021559
0 0.530345 0.134328 0.013072 0.031509
0 0.441643 0.200663 0.014006 0.024876
0 0.567694 0.291874 0.021475 0.044776
0 0.802988 0.243781 0.020542 0.049751
0 0.484594 0.134328 0.010271 0.023217
0 0.806723 0.131012 0.012138 0.026534
0 0.843137 0.197347 0.014939 0.036484
0 0.271709 0.270315 0.017740 0.033167
0 0.889823 0.199005 0.013072 0.033167
0 0.426704 0.217247 0.014939 0.024876
0 0.589169 0.099502 0.011204 0.023217
0 0.813259 0.170813 0.014939 0.028192
0 0.613445 0.253731 0.021475 0.041459
0 0.795518 0.182421 0.017740 0.036484
0 0.451914 0.149254 0.009337 0.018242
