0 0.616801 0.101010 0.011507 0.020202
0 0.736479 0.163636 0.012658 0.026263
0 0.317606 0.270707 0.016110 0.040404
0 0.606444 0.214141 0.019563 0.038384
0 0.914845 0.280808 0.019563 0.054545
0 0.518987 0.208081 0.017261 0.032323
0 0.822785 0.173737 0.011507 0.028283
0 0.760644 0.185859 0.013809 0.022222
0 0.757192 0.109091 0.012658 0.024242
0 0.345224 0.224242 0.016110 0.030303
0 0.582278 0.125253 0.014960 0.024242
0 0.545455 0.303030 0.024166 0.050505
0 0.830840 0.141414 0.013809 0.026263
0 0.383199 0.200000 0.017261 0.028283
0 0.371692 0.208081 0.011507 0.020202
0 0.899885 0.139394 0.009206 0.026263
0 0.569620 0.177778 0.014960 0.024242
0 0.710012 0.139394 0.013809 0.024242
0 0.478711 0.167677 0.016110 0.026263
0 0.285386 0.252525 0.017261 0.036364
0 0.313003 0.222222 0.013809 0.026263
0 0.690449 0.098990 0.011507 0.028283
0 0.438435 0.195960 0.017261 0.030303
0 0.929804 0.157576 0.010357 0.020202
0 0.924051 0.157576 0.010357 0.028283
0 0.746835 0.195960 0.014960 0.032323
0 0.559264 0.250505 0.019563 0.038384
0 0.567319 0.141414 0.014960 0.024242
0 0.484465 0.139394 0.013809 0.022222
0 0.845800 0.151515 0.011507 0.020202
0 0.605293 0.266667 0.020713 0.044444
0 0.454545 0.171717 0.014960 0.028283
0 0.338320 0.278788 0.016110 0.028283
0 0.533947 0.131313 0.013809 0.018182
0 0.799770 0.183838 0.013809 0.028283
0 0.204833 0.351515 0.039125 0.082828
0 0.668585 0.206061 0.013809 0.028283
0 0.612198 0.117172 0.012658 0.020202
0 0.548907 0.167677 0.017261 0.036364
0 0.922900 0.185859 0.014960 0.042424
0 0.459148 0.208081 0.017261 0.036364
0 0.808976 0.127273 0.013809 0.022222
0 0.733026 0.125253 0.014960 0.028283
0 0.601841 0.333333 0.026467 0.052525
0 0.581128 0.155556 0.014960 0.026263
0 0.662831 0.256566 0.021864 0.048485
0 0.429229 0.274747 0.024166 0.040404
0 0.677791 0.329293 0.026467 0.058586
0 0.688147 0.157576 0.014960 0.028283
0 0.556962 0.119192 0.011507 0.018182
0 0.895282 0.167677 0.013809 0.032323
0 0.769850 0.290909 0.023015 0.052525
0 0.497123 0.202020 0.014960 0.032323
0 0.657077 0.169697 0.013809 0.032323
0 0.804373 0.143434 0.012658 0.020202
0 0.866513 0.143434 0.013809 0.034343
0 0.448792 0.153535 0.014960 0.026263
0 0.376295 0.228283 0.017261 0.026263
0 0.632911 0.121212 0.014960 0.022222
0 0.491369 0.301010 0.023015 0.044444
0 0.700806 0.224242 0.019563 0.038384
0 0.715765 0.288889 0.023015 0.046465
0 0.842348 0.187879 0.014960 0.036364
0 0.744534 0.139394 0.012658 0.022222
0 0.471807 0.153535 0.016110 0.028283
0 0.591484 0.101010 0.012658 0.022222
0 0.878021 0.189899 0.012658 0.034343
0 0.640967 0.101010 0.012658 0.020202
0 0.619102 0.145455 0.014960 0.028283
0 0.696203 0.183838 0.014960 0.030303
0 0.423475 0.216162 0.014960 0.028283
