0 0.806000 0.243243 0.026000 0.039039
0 0.736000 0.318318 0.042000 0.066066
0 0.606000 0.324324 0.042000 0.075075
0 0.528000 0.258258 0.030000 0.063063
0 0.844000 0.420420 0.068000 0.111111
0 0.860000 0.303303 0.034000 0.054054
0 0.366000 0.300300 0.038000 0.072072
0 0.254000 0.315315 0.048000 0.078078
0 0.476000 0.198198 0.016000 0.039039
0 0.910000 0.315315 0.042000 0.075075
0 0.326000 0.327327 0.042000 0.081081
0 0.512000 0.219219 0.026000 0.048048
0 0.770000 0.381381 0.058000 0.096096
0 0.224000 0.234234 0.024000 0.033033
0 0.724000 0.183183 0.030000 0.063063
0 0.538000 0.321321 0.030000 0.054054
0 0.218000 0.279279 0.038000 0.072072
0 0.580000 0.267267 0.028000 0.057057
0 0.260000 0.237237 0.032000 0.054054
0 0.120000 0.384384 0.056000 0.081081
0 0.698000 0.345345 0.040000 0.084084
0 0.238000 0.219219 0.020000 0.039039
0 0.106000 0.234234 0.034000 0.054054
0 0.508000 0.306306 0.036000 0.087087
0 0.060000 0.237237 0.036000 0.063063
0 0.354000 0.249249 0.024000 0.045045
0 0.424000 0.228228 0.026000 0.048048
0 0.298000 0.255255 0.028000 0.057057
0 0.390000 0.273273 0.030000 0.054054
0 0.158000 0.204204 0.030000 0.054054
0 0.652000 0.300300 0.038000 0.072072
0 0.424000 0.285285 0.034000 0.060060
0 0.570000 0.321321 0.028000 0.066066
0 0.454000 0.255255 0.032000 0.057057
0 0.190000 0.255255 0.030000 0.054054
0 0.804000 0.297297 0.048000 0.081081
0 0.188000 0.306306 0.044000 0.081081
0 0.082000 0.300300 0.042000 0.072072
0 0.486000 0.228228 0.026000 0.060060
0 0.606000 0.279279 0.026000 0.048048
0 0.248000 0.417417 0.048000 0.078078
0 0.840000 0.345345 0.066000 0.099099
0 0.280000 0.273273 0.036000 0.072072
0 0.122000 0.297297 0.048000 0.078078
0 0.180000 0.483483 0.048000 0.090090
0 0.398000 0.216216 0.018000 0.042042
0 0.330000 0.279279 0.030000 0.063063
0 0.684000 0.246246 0.038000 0.075075
0 0.418000 0.339339 0.040000 0.078078
0 0.470000 0.309309 0.034000 0.063063
