0 0.466299 0.549428 0.037990 0.055964
0 0.420956 0.444036 0.029718 0.049837
0 0.632966 0.510212 0.036765 0.060866
0 0.048407 0.597222 0.056066 0.093546
0 0.206189 0.544526 0.057598 0.078023
0 0.190870 0.461601 0.044730 0.053105
0 0.572610 0.522876 0.040135 0.071895
0 0.137561 0.455065 0.033701 0.053922
0 0.388174 0.480801 0.034314 0.051879
0 0.460478 0.495098 0.041973 0.049837
0 0.859375 0.539624 0.050245 0.073938
0 0.012561 0.478350 0.019914 0.066585
0 0.339154 0.621324 0.071078 0.115605
0 0.544730 0.457516 0.026348 0.044935
0 0.042586 0.480392 0.036765 0.066585
0 0.747855 0.553513 0.056066 0.089461
0 0.354779 0.529820 0.038297 0.055556
0 0.165135 0.662990 0.085784 0.125408
0 0.306373 0.442402 0.031863 0.048611
0 0.250306 0.450980 0.030637 0.042075
0 0.641238 0.606618 0.062806 0.105392
