0 0.842686 0.161450 0.011960 0.026359
0 0.499540 0.125206 0.012879 0.024712
0 0.538178 0.210873 0.016559 0.046129
0 0.489420 0.156507 0.014719 0.034596
0 0.706532 0.329489 0.029439 0.075783
0 0.449862 0.179572 0.012879 0.031301
0 0.618215 0.112026 0.010120 0.026359
0 0.787489 0.299835 0.022079 0.062603
0 0.735051 0.182867 0.013799 0.026359
0 0.466421 0.158155 0.013799 0.031301
0 0.419503 0.184514 0.013799 0.026359
0 0.662374 0.189456 0.018399 0.034596
0 0.627415 0.125206 0.014719 0.029654
0 0.597056 0.123558 0.011960 0.021417
0 0.791168 0.140033 0.011960 0.031301
0 0.442502 0.215815 0.021159 0.044481
0 0.705612 0.116969 0.014719 0.032949
0 0.306348 0.228995 0.016559 0.034596
0 0.795768 0.168040 0.016559 0.026359
0 0.672493 0.118616 0.011960 0.019769
0 0.619135 0.253707 0.023919 0.051071
0 0.867525 0.233937 0.014719 0.026359
0 0.936523 0.275124 0.019319 0.042834
0 0.913523 0.227348 0.017479 0.039539
0 0.422263 0.158155 0.014719 0.028007
0 0.889604 0.235585 0.016559 0.041186
0 0.347746 0.219110 0.021159 0.032949
0 0.568537 0.141680 0.011960 0.023064
0 0.873965 0.187809 0.015639 0.034596
0 0.402024 0.210873 0.015639 0.036244
0 0.949402 0.179572 0.010120 0.029654
0 0.523459 0.177924 0.013799 0.031301
0 0.673413 0.135091 0.013799 0.029654
0 0.842686 0.192751 0.016559 0.037891
0 0.718491 0.184514 0.019319 0.039539
0 0.509660 0.146623 0.011040 0.024712
0 0.735051 0.149918 0.012879 0.032949
0 0.437902 0.164745 0.010120 0.023064
0 0.353266 0.255354 0.019319 0.041186
0 0.942042 0.210873 0.016559 0.037891
0 0.765409 0.135091 0.011040 0.032949
0 0.801288 0.141680 0.008280 0.024712
0 0.407544 0.248764 0.015639 0.039539
0 0.762649 0.243822 0.022999 0.047776
0 0.181233 0.456343 0.049678 0.085667
0 0.418583 0.257002 0.022079 0.042834
0 0.389144 0.168040 0.013799 0.026359
0 0.536339 0.148270 0.011960 0.031301
0 0.907084 0.171334 0.014719 0.026359
0 0.735051 0.242175 0.019319 0.042834
0 0.517939 0.120264 0.011960 0.024712
0 0.829807 0.172982 0.014719 0.029654
0 0.770009 0.128501 0.011960 0.028007
0 0.922723 0.161450 0.011040 0.032949
0 0.377185 0.204283 0.016559 0.037891
0 0.547378 0.133443 0.011960 0.024712
0 0.907084 0.322900 0.024839 0.060956
0 0.566697 0.161450 0.016559 0.036244
0 0.418583 0.207578 0.018399 0.041186
0 0.574057 0.247117 0.022079 0.057661
0 0.478381 0.140033 0.011960 0.026359
0 0.633855 0.174629 0.012879 0.029654
0 0.688132 0.283361 0.020239 0.041186
0 0.647654 0.238880 0.019319 0.039539
0 0.796688 0.214168 0.019319 0.044481
0 0.408464 0.168040 0.012879 0.032949
0 0.659614 0.120264 0.011960 0.031301
0 0.616375 0.212521 0.019319 0.036244
0 0.500460 0.181219 0.012879 0.032949
0 0.827047 0.263591 0.021159 0.046129
0 0.842686 0.237232 0.020239 0.039539
0 0.904324 0.194399 0.011960 0.032949
0 0.737810 0.209226 0.017479 0.028007
0 0.326587 0.220758 0.015639 0.037891
0 0.589696 0.156507 0.020239 0.039539
