0 0.940956 0.226384 0.017807 0.032573
0 0.914714 0.185668 0.016870 0.035831
0 0.526710 0.172638 0.013121 0.027687
0 0.739456 0.153094 0.019681 0.029316
0 0.865979 0.206840 0.014058 0.042345
0 0.892221 0.232899 0.022493 0.037459
0 0.664480 0.130293 0.017807 0.043974
0 0.667291 0.200326 0.011246 0.026059
0 0.602624 0.162866 0.011246 0.021173
0 0.522024 0.136808 0.013121 0.030945
0 0.482662 0.144951 0.010309 0.013029
0 0.561387 0.188925 0.019681 0.034202
0 0.816307 0.159609 0.014995 0.027687
0 0.446111 0.149837 0.009372 0.019544
0 0.865042 0.146580 0.013121 0.029316
0 0.437676 0.180782 0.012184 0.029316
0 0.702905 0.179153 0.013121 0.026059
0 0.373946 0.197068 0.014995 0.027687
0 0.477038 0.205212 0.022493 0.040717
0 0.895033 0.156352 0.013121 0.024430
0 0.382381 0.180782 0.012184 0.021173
0 0.500469 0.143322 0.015933 0.027687
0 0.846298 0.185668 0.017807 0.030945
0 0.709466 0.309446 0.041237 0.078176
0 0.489222 0.171010 0.016870 0.040717
0 0.583880 0.133550 0.017807 0.030945
0 0.881912 0.273616 0.016870 0.042345
0 0.599813 0.138436 0.014995 0.030945
0 0.507966 0.159609 0.017807 0.034202
0 0.472352 0.172638 0.020619 0.029316
0 0.635426 0.148208 0.014995 0.026059
0 0.715089 0.128664 0.010309 0.019544
0 0.785380 0.180782 0.014995 0.034202
0 0.549203 0.136808 0.010309 0.021173
0 0.647610 0.159609 0.014995 0.032573
0 0.624180 0.114007 0.008435 0.022801
0 0.800375 0.218241 0.014995 0.032573
0 0.943768 0.177524 0.012184 0.022801
0 0.424555 0.177524 0.019681 0.024430
0 0.701031 0.245928 0.029053 0.050489
0 0.513590 0.185668 0.009372 0.032573
0 0.597001 0.237785 0.022493 0.040717
0 0.742268 0.182410 0.015933 0.030945
0 0.761012 0.144951 0.017807 0.030945
0 0.331771 0.201954 0.017807 0.032573
0 0.829428 0.144951 0.014058 0.027687
0 0.693533 0.138436 0.021556 0.045603
0 0.801312 0.175896 0.018744 0.034202
0 0.822868 0.197068 0.012184 0.029316
0 0.716963 0.198697 0.016870 0.034202
