0 0.429461 0.510949 0.035270 0.065693
0 0.099585 0.416058 0.031120 0.058394
0 0.346473 0.481752 0.033195 0.076642
0 0.190871 0.364964 0.064315 0.131387
0 0.369295 0.536496 0.043568 0.080292
0 0.130705 0.346715 0.024896 0.036496
0 0.309129 0.456204 0.024896 0.065693
0 0.454357 0.485401 0.033195 0.069343
0 0.360996 0.427007 0.020747 0.054745
0 0.076763 0.456204 0.041494 0.080292
0 0.240664 0.394161 0.018672 0.047445
0 0.562241 0.478102 0.031120 0.062044
0 0.373444 0.459854 0.026971 0.062044
0 0.284232 0.529197 0.051867 0.109489
0 0.047718 0.364964 0.026971 0.043796
0 0.290456 0.423358 0.026971 0.058394
0 0.070539 0.343066 0.020747 0.043796
0 0.358921 0.631387 0.064315 0.135036
0 0.539419 0.496350 0.033195 0.054745
0 0.232365 0.452555 0.031120 0.072993
0 0.022822 0.423358 0.037344 0.072993
0 0.678423 0.521898 0.033195 0.062044
0 0.136929 0.412409 0.033195 0.069343
0 0.165975 0.572993 0.070539 0.138686
0 0.290456 0.467153 0.037344 0.054745
0 0.323651 0.416058 0.022822 0.054745
0 0.020747 0.310219 0.024896 0.043796
0 0.226141 0.405109 0.022822 0.047445
0 0.560166 0.529197 0.035270 0.072993
0 0.896266 0.456204 0.062241 0.135036
0 0.690871 0.500000 0.029046 0.051095
0 0.016598 0.346715 0.024896 0.043796
0 0.641079 0.514599 0.026971 0.062044
0 0.715768 0.543796 0.031120 0.069343
0 0.400415 0.485401 0.026971 0.054745
