0 0.413333 0.660000 0.077778 0.126667
0 0.302222 0.400000 0.033333 0.066667
0 0.028889 0.520000 0.055556 0.153333
0 0.931111 0.576667 0.071111 0.130000
0 0.760000 0.443333 0.031111 0.066667
0 0.386667 0.406667 0.035556 0.050000
0 0.206667 0.713333 0.077778 0.170000
0 0.948889 0.700000 0.066667 0.126667
0 0.651111 0.400000 0.031111 0.060000
0 0.822222 0.436667 0.035556 0.063333
0 0.255556 0.510000 0.053333 0.103333
0 0.680000 0.436667 0.042222 0.080000
0 0.240000 0.426667 0.044444 0.083333
0 0.353333 0.436667 0.040000 0.080000
0 0.755556 0.556667 0.060000 0.123333
0 0.451111 0.416667 0.037778 0.073333
