0 0.755667 0.525000 0.023667 0.044000
0 0.420333 0.509000 0.018000 0.037500
0 0.888000 0.546500 0.025667 0.058500
0 0.371667 0.497500 0.021000 0.037500
0 0.406000 0.618500 0.056333 0.104500
0 0.913333 0.544500 0.023667 0.054500
0 0.027333 0.536000 0.025000 0.045000
0 0.281333 0.611000 0.041667 0.076000
0 0.221333 0.513500 0.020333 0.033000
0 0.139333 0.649500 0.045000 0.074000
0 0.579667 0.507500 0.014333 0.028500
0 0.642333 0.530000 0.018667 0.039500
0 0.608333 0.509000 0.018667 0.028000
0 0.512667 0.514500 0.018333 0.031000
0 0.685667 0.532000 0.019333 0.039500
0 0.543333 0.523000 0.018000 0.031000
0 0.502333 0.519000 0.022333 0.038500
0 0.470000 0.514500 0.023000 0.035500
0 0.559333 0.495500 0.018000 0.031500
0 0.310000 0.519000 0.023667 0.036500
0 0.106333 0.533000 0.021000 0.037500
0 0.193333 0.523000 0.028000 0.048000
0 0.726333 0.529500 0.016000 0.036500
0 0.069000 0.671500 0.069333 0.153000
0 0.061667 0.556000 0.028333 0.047500
0 0.279333 0.507500 0.019667 0.034500
0 0.785333 0.525500 0.021333 0.045000
0 0.098333 0.596500 0.033333 0.060500
0 0.602667 0.531000 0.021667 0.035500
