0 0.947945 0.413163 0.027397 0.056673
0 0.838356 0.462523 0.057534 0.093236
0 0.460274 0.404022 0.043836 0.067642
0 0.790411 0.489945 0.083562 0.135283
0 0.238356 0.537477 0.116438 0.160878
0 0.580822 0.404022 0.031507 0.045704
0 0.650685 0.413163 0.032877 0.063985
0 0.884932 0.404022 0.017808 0.043876
0 0.752055 0.424132 0.041096 0.056673
0 0.320548 0.380256 0.028767 0.051188
0 0.167123 0.398537 0.032877 0.040219
0 0.609589 0.442413 0.060274 0.085923
0 0.798630 0.400366 0.023288 0.047532
0 0.849315 0.400366 0.020548 0.038391
0 0.606849 0.542962 0.091781 0.135283
0 0.663014 0.383912 0.030137 0.038391
0 0.593151 0.387569 0.024658 0.038391
0 0.750685 0.394881 0.030137 0.036563
0 0.704110 0.387569 0.017808 0.036563
0 0.830137 0.402194 0.027397 0.049360
0 0.549315 0.418647 0.038356 0.065814
0 0.294521 0.393053 0.026027 0.056673
0 0.354795 0.372943 0.026027 0.040219
0 0.960274 0.506399 0.079452 0.135283
0 0.530137 0.387569 0.023288 0.043876
0 0.872603 0.416819 0.028767 0.049360
0 0.387671 0.376600 0.036986 0.074954
0 0.182192 0.457038 0.084932 0.126143
0 0.413699 0.398537 0.026027 0.040219
0 0.250685 0.308958 0.061644 0.102377
0 0.972603 0.416819 0.032877 0.047532
0 0.339726 0.391225 0.028767 0.047532
0 0.487671 0.407678 0.030137 0.060329
0 0.415068 0.378428 0.024658 0.031079
0 0.773973 0.396709 0.017808 0.038391
0 0.727397 0.473492 0.057534 0.087751
