0 0.470000 0.273312 0.066000 0.131833
0 0.520000 0.128617 0.034000 0.045016
0 0.320000 0.135048 0.030000 0.041801
0 0.502000 0.022508 0.018000 0.028939
0 0.416000 0.067524 0.018000 0.041801
0 0.824000 0.424437 0.206000 0.334405
0 0.558000 0.054662 0.024000 0.038585
0 0.562000 0.315113 0.066000 0.154341
0 0.420000 0.218650 0.040000 0.080386
0 0.466000 0.144695 0.024000 0.048232
0 0.362000 0.112540 0.024000 0.051447
0 0.360000 0.051447 0.016000 0.035370
0 0.456000 0.035370 0.022000 0.041801
0 0.448000 0.093248 0.022000 0.041801
0 0.344000 0.350482 0.068000 0.131833
0 0.608000 0.122186 0.030000 0.045016
0 0.590000 0.086817 0.026000 0.045016
0 0.300000 0.218650 0.034000 0.073955
0 0.480000 0.016077 0.018000 0.028939
0 0.440000 0.019293 0.022000 0.032154
0 0.506000 0.205788 0.046000 0.077170
0 0.638000 0.292605 0.124000 0.209003
0 0.490000 0.048232 0.022000 0.038585
0 0.324000 0.022508 0.018000 0.035370
0 0.528000 0.032154 0.020000 0.048232
0 0.488000 0.112540 0.024000 0.045016
0 0.562000 0.012862 0.024000 0.022508
0 0.548000 0.215434 0.050000 0.102894
0 0.360000 0.231511 0.060000 0.102894
0 0.408000 0.054662 0.016000 0.035370
0 0.342000 0.012862 0.020000 0.022508
0 0.758000 0.225080 0.096000 0.131833
0 0.512000 0.154341 0.028000 0.048232
0 0.410000 0.163987 0.036000 0.057878
0 0.380000 0.022508 0.020000 0.032154
0 0.338000 0.067524 0.020000 0.054662
0 0.294000 0.086817 0.026000 0.041801
0 0.416000 0.112540 0.028000 0.048232
