0 0.803758 0.211215 0.020877 0.039252
0 0.419624 0.211215 0.018789 0.031776
0 0.550104 0.183178 0.017745 0.039252
0 0.392484 0.209346 0.019833 0.039252
0 0.448852 0.229907 0.019833 0.031776
0 0.513570 0.196262 0.022965 0.031776
0 0.408142 0.155140 0.014614 0.028037
0 0.706681 0.323364 0.046973 0.097196
0 0.379958 0.186916 0.015658 0.033645
0 0.597077 0.226168 0.021921 0.050467
0 0.887265 0.175701 0.015658 0.042991
0 0.577244 0.121495 0.014614 0.028037
0 0.136743 0.493458 0.050104 0.093458
0 0.625261 0.252336 0.022965 0.046729
0 0.924843 0.239252 0.019833 0.039252
0 0.468685 0.149533 0.012526 0.033645
0 0.843424 0.252336 0.024008 0.041121
