0 0.095714 0.296667 0.118571 0.151667
0 0.481429 0.375000 0.064286 0.086667
0 0.657143 0.255000 0.047143 0.066667
0 0.220000 0.370000 0.050000 0.085000
0 0.377143 0.335000 0.040000 0.061667
0 0.971429 0.273333 0.042857 0.061667
0 0.445714 0.523333 0.080000 0.090000
0 0.888571 0.393333 0.047143 0.070000
0 0.700000 0.435000 0.071429 0.105000
0 0.255714 0.430000 0.058571 0.086667
0 0.945714 0.591667 0.105714 0.198333
0 0.867143 0.563333 0.084286 0.110000
0 0.198571 0.470000 0.048571 0.090000
0 0.410000 0.368333 0.047143 0.068333
0 0.032857 0.381667 0.051429 0.053333
