0 0.601562 0.401408 0.015625 0.030516
0 0.120313 0.537559 0.048438 0.072770
0 0.293750 0.410798 0.026562 0.044601
0 0.528125 0.300469 0.012500 0.023474
0 0.584375 0.354460 0.015625 0.030516
0 0.325000 0.387324 0.023438 0.030516
0 0.784375 0.431925 0.026562 0.046948
0 0.225000 0.495305 0.034375 0.046948
0 0.343750 0.476526 0.032813 0.051643
0 0.331250 0.305164 0.015625 0.030516
0 0.345313 0.356808 0.021875 0.042254
0 0.309375 0.326291 0.014063 0.028169
0 0.740625 0.528169 0.032813 0.056338
0 0.181250 0.631455 0.051562 0.089202
0 0.007812 0.302817 0.014063 0.025822
0 0.510938 0.298122 0.012500 0.023474
0 0.567187 0.537559 0.037500 0.056338
0 0.321875 0.319249 0.015625 0.023474
0 0.037500 0.295775 0.021875 0.039906
0 0.410938 0.298122 0.020313 0.035211
0 0.221875 0.361502 0.020313 0.025822
0 0.737500 0.589202 0.040625 0.063380
0 0.387500 0.293427 0.014063 0.037559
0 0.565625 0.345070 0.012500 0.023474
0 0.535937 0.417840 0.020313 0.037559
0 0.314063 0.293427 0.014063 0.023474
0 0.725000 0.469484 0.031250 0.037559
0 0.729688 0.422535 0.021875 0.042254
0 0.598437 0.326291 0.015625 0.037559
0 0.568750 0.382629 0.018750 0.035211
0 0.635938 0.605634 0.045312 0.063380
0 0.382812 0.485915 0.032813 0.046948
0 0.835938 0.469484 0.028125 0.049296
0 0.485938 0.300469 0.017188 0.028169
0 0.903125 0.549296 0.028125 0.046948
0 0.560937 0.366197 0.012500 0.021127
0 0.162500 0.392019 0.029687 0.032864
0 0.332813 0.617371 0.051562 0.098592
0 0.168750 0.406103 0.026562 0.028169
0 0.170313 0.476526 0.031250 0.053991
0 0.204687 0.319249 0.012500 0.025822
0 0.382812 0.347418 0.021875 0.037559
0 0.239063 0.403756 0.031250 0.046948
0 0.890625 0.514085 0.028125 0.063380
0 0.221875 0.340376 0.015625 0.023474
0 0.229687 0.307512 0.010937 0.028169
0 0.406250 0.532864 0.039062 0.051643
0 0.432812 0.598592 0.048438 0.072770
0 0.543750 0.307512 0.015625 0.025822
0 0.437500 0.338028 0.020313 0.037559
0 0.212500 0.298122 0.015625 0.018779
0 0.159375 0.436620 0.026562 0.039906
0 0.267188 0.312207 0.014063 0.023474
0 0.456250 0.295775 0.015625 0.023474
0 0.260937 0.438967 0.026562 0.042254
0 0.540625 0.345070 0.018750 0.025822
0 0.617188 0.417840 0.021875 0.028169
0 0.625000 0.352113 0.015625 0.028169
0 0.376563 0.319249 0.014063 0.025822
0 0.607812 0.471831 0.028125 0.049296
0 0.667188 0.366197 0.026562 0.035211
0 0.207813 0.373239 0.021875 0.032864
0 0.601562 0.366197 0.017188 0.018779
0 0.432812 0.293427 0.012500 0.023474
0 0.201563 0.539906 0.037500 0.061033
0 0.396875 0.380282 0.021875 0.042254
0 0.632812 0.392019 0.020313 0.035211
0 0.345313 0.382629 0.018750 0.037559
0 0.206250 0.340376 0.014063 0.032864
0 0.460938 0.546948 0.040625 0.051643
