0 0.505319 0.139905 0.013298 0.028617
0 0.768617 0.139905 0.015071 0.034976
0 0.583333 0.173291 0.018617 0.038156
0 0.385638 0.192369 0.015957 0.034976
0 0.467199 0.190779 0.020390 0.046105
0 0.653369 0.111288 0.015957 0.027027
0 0.901596 0.335453 0.027482 0.057234
0 0.205674 0.357711 0.044326 0.085851
0 0.583333 0.116057 0.013298 0.028617
0 0.743794 0.173291 0.018617 0.036566
0 0.290780 0.220986 0.017730 0.041335
0 0.551418 0.130366 0.013298 0.025437
0 0.812057 0.400636 0.031028 0.069952
0 0.726064 0.241653 0.022163 0.047695
0 0.713652 0.181240 0.019504 0.042925
0 0.487589 0.138315 0.013298 0.025437
0 0.804965 0.168521 0.015071 0.031797
0 0.442376 0.214626 0.018617 0.038156
0 0.333333 0.184420 0.016844 0.039746
0 0.519504 0.171701 0.014184 0.031797
0 0.862589 0.275040 0.026596 0.050874
0 0.764184 0.228935 0.024823 0.047695
0 0.609929 0.160572 0.016844 0.036566
0 0.649823 0.141494 0.016844 0.030207
0 0.663121 0.192369 0.019504 0.038156
0 0.786348 0.155803 0.020390 0.036566
0 0.543440 0.143084 0.014184 0.027027
0 0.304078 0.248013 0.020390 0.044515
0 0.723404 0.303657 0.022163 0.054054
0 0.441489 0.171701 0.017730 0.034976
0 0.374113 0.232114 0.016844 0.039746
0 0.600177 0.313196 0.031028 0.068362
0 0.878546 0.424483 0.045213 0.085851
0 0.672872 0.104928 0.018617 0.034976
0 0.462766 0.241653 0.022163 0.041335
0 0.908688 0.289348 0.021277 0.047695
0 0.781915 0.295707 0.028369 0.065183
0 0.815603 0.257552 0.023050 0.052464
0 0.598404 0.127186 0.014184 0.033386
0 0.568262 0.251192 0.023936 0.046105
0 0.741135 0.208267 0.019504 0.038156
0 0.673759 0.128776 0.015957 0.031797
0 0.350177 0.228935 0.017730 0.041335
0 0.752660 0.357711 0.030142 0.065183
0 0.368794 0.249603 0.019504 0.041335
0 0.695922 0.308426 0.033688 0.062003
0 0.512411 0.182830 0.014184 0.033386
0 0.749113 0.131955 0.017730 0.036566
0 0.709220 0.112878 0.015957 0.033386
0 0.416667 0.230525 0.020390 0.042925
0 0.520390 0.131955 0.015957 0.030207
0 0.569149 0.130366 0.017730 0.034976
0 0.789894 0.233704 0.023050 0.046105
0 0.624113 0.133545 0.015957 0.034976
0 0.622340 0.254372 0.027482 0.052464
0 0.493794 0.157393 0.015957 0.031797
0 0.420213 0.206677 0.019504 0.034976
0 0.629433 0.213037 0.018617 0.041335
0 0.554078 0.292528 0.028369 0.060413
0 0.458333 0.141494 0.014184 0.031797
0 0.420213 0.151033 0.014184 0.031797
0 0.676418 0.254372 0.032801 0.065183
0 0.353723 0.187599 0.019504 0.036566
0 0.519504 0.265501 0.025709 0.054054
0 0.697695 0.173291 0.018617 0.044515
0 0.826241 0.305246 0.029255 0.065183
0 0.472518 0.154213 0.014184 0.030207
0 0.408688 0.193959 0.015957 0.036566
0 0.870567 0.227345 0.023936 0.050874
