0 0.042500 0.616667 0.070000 0.160000
0 0.687500 0.056667 0.050000 0.076667
0 0.700000 0.423333 0.180000 0.253333
0 0.722500 0.256667 0.072500 0.113333
0 0.622500 0.256667 0.072500 0.103333
0 0.662500 0.243333 0.052500 0.086667
0 0.055000 0.460000 0.085000 0.110000
0 0.382500 0.306667 0.075000 0.113333
0 0.057500 0.533333 0.112500 0.130000
0 0.550000 0.370000 0.115000 0.186667
0 0.795000 0.276667 0.102500 0.160000
0 0.932500 0.180000 0.072500 0.106667
0 0.092500 0.420000 0.077500 0.120000
0 0.452500 0.330000 0.077500 0.133333
0 0.520000 0.306667 0.090000 0.113333
