0 0.644370 0.123016 0.012263 0.023810
0 0.913043 0.255952 0.021182 0.047619
0 0.355630 0.228175 0.016722 0.027778
0 0.780379 0.164683 0.016722 0.031746
0 0.724638 0.119048 0.012263 0.025794
0 0.356745 0.293651 0.018952 0.035714
0 0.758082 0.130952 0.014493 0.027778
0 0.458194 0.152778 0.013378 0.025794
0 0.637681 0.144841 0.015608 0.031746
0 0.760312 0.162698 0.016722 0.039683
0 0.704571 0.150794 0.012263 0.027778
0 0.744705 0.138889 0.014493 0.031746
0 0.888517 0.164683 0.015608 0.031746
0 0.562988 0.152778 0.011148 0.021825
0 0.775920 0.142857 0.012263 0.029762
0 0.499443 0.134921 0.010033 0.019841
0 0.651059 0.212302 0.018952 0.043651
0 0.513935 0.188492 0.015608 0.031746
0 0.612040 0.119048 0.010033 0.021825
0 0.655518 0.287698 0.024526 0.051587
0 0.545151 0.158730 0.014493 0.029762
0 0.392419 0.218254 0.015608 0.031746
0 0.852843 0.166667 0.015608 0.029762
0 0.608696 0.321429 0.031215 0.057540
0 0.263099 0.257937 0.014493 0.031746
0 0.565217 0.123016 0.011148 0.027778
0 0.529543 0.160714 0.013378 0.027778
0 0.876254 0.168651 0.014493 0.027778
0 0.729097 0.202381 0.016722 0.031746
0 0.449275 0.214286 0.016722 0.035714
0 0.901895 0.232143 0.017837 0.031746
0 0.694537 0.176587 0.017837 0.041667
0 0.853958 0.236111 0.021182 0.043651
0 0.382386 0.303571 0.024526 0.041667
0 0.756968 0.285714 0.021182 0.049603
0 0.884058 0.204365 0.016722 0.039683
0 0.444816 0.194444 0.015608 0.031746
0 0.573021 0.218254 0.018952 0.047619
0 0.496098 0.297619 0.026756 0.047619
0 0.469342 0.228175 0.016722 0.039683
0 0.471572 0.176587 0.015608 0.031746
0 0.820513 0.210317 0.018952 0.037698
0 0.605351 0.206349 0.018952 0.035714
0 0.692308 0.152778 0.013378 0.023810
0 0.715719 0.168651 0.015608 0.029762
0 0.615385 0.242063 0.025641 0.051587
0 0.671126 0.121032 0.013378 0.023810
0 0.725753 0.230159 0.018952 0.037698
0 0.050167 0.398810 0.023411 0.053571
0 0.590858 0.138889 0.013378 0.025794
0 0.313266 0.244048 0.016722 0.033730
0 0.831661 0.158730 0.015608 0.027778
0 0.520624 0.220238 0.018952 0.039683
0 0.506132 0.160714 0.011148 0.023810
0 0.274247 0.271825 0.016722 0.031746
0 0.753623 0.238095 0.017837 0.041667
0 0.652174 0.182540 0.016722 0.029762
0 0.400223 0.202381 0.015608 0.025794
0 0.382386 0.186508 0.013378 0.025794
0 0.615385 0.144841 0.014493 0.027778
0 0.479376 0.192460 0.016722 0.031746
0 0.836120 0.184524 0.015608 0.037698
0 0.838350 0.323413 0.023411 0.053571
0 0.404682 0.180556 0.014493 0.025794
0 0.569677 0.301587 0.023411 0.053571
0 0.328874 0.218254 0.015608 0.033730
0 0.696767 0.289683 0.021182 0.047619
