0 0.723104 0.571210 0.040564 0.076570
0 0.645503 0.486983 0.034392 0.075038
0 0.600529 0.467075 0.035273 0.076570
0 0.498236 0.329250 0.024691 0.041348
0 0.615520 0.254211 0.017637 0.032159
0 0.758377 0.245023 0.020282 0.033691
0 0.473545 0.232772 0.014991 0.027565
0 0.467372 0.245023 0.011464 0.024502
0 0.350088 0.336907 0.016755 0.039816
0 0.698413 0.332312 0.022928 0.042879
0 0.626102 0.392037 0.029982 0.053599
0 0.380071 0.347626 0.022928 0.041348
0 0.872134 0.260337 0.011464 0.029096
0 0.978836 0.312404 0.012346 0.038285
0 0.849206 0.271057 0.016755 0.036753
0 0.211640 0.352221 0.018519 0.039816
0 0.884480 0.278714 0.015873 0.036753
0 0.650794 0.257274 0.019400 0.036753
0 0.662257 0.352221 0.021164 0.039816
0 0.446208 0.263400 0.013228 0.035222
0 0.931217 0.298622 0.018519 0.039816
0 0.950617 0.490046 0.035273 0.078101
0 0.686067 0.283308 0.021164 0.039816
0 0.769841 0.272588 0.021164 0.044410
0 0.446208 0.352221 0.020282 0.045942
0 0.467372 0.327718 0.021164 0.047473
0 0.888007 0.405819 0.027337 0.059724
0 0.560847 0.284839 0.022046 0.045942
0 0.622575 0.208270 0.017637 0.030628
0 0.879189 0.333844 0.020282 0.050536
0 0.473545 0.431853 0.037919 0.056662
0 0.801587 0.284839 0.018519 0.038285
0 0.904762 0.347626 0.022046 0.047473
0 0.949735 0.333844 0.021164 0.050536
0 0.464727 0.277182 0.017637 0.035222
0 0.611111 0.336907 0.029982 0.045942
0 0.532628 0.448698 0.037037 0.076570
0 0.977072 0.379786 0.021164 0.045942
0 0.732804 0.307810 0.019400 0.041348
0 0.240741 0.384380 0.021164 0.050536
0 0.902998 0.264931 0.015873 0.036753
0 0.432981 0.318530 0.020282 0.045942
0 0.839506 0.372129 0.023810 0.050536
0 0.584656 0.206738 0.016755 0.030628
0 0.653439 0.225115 0.014991 0.029096
0 0.431217 0.252680 0.013228 0.035222
0 0.522928 0.246554 0.017637 0.035222
0 0.344797 0.306279 0.021164 0.033691
0 0.807760 0.243492 0.015873 0.041348
0 0.788360 0.274119 0.017637 0.039816
0 0.974427 0.290965 0.011464 0.024502
0 0.507055 0.272588 0.016755 0.035222
0 0.828924 0.313936 0.018519 0.038285
0 0.837743 0.246554 0.016755 0.027565
0 0.522928 0.281776 0.020282 0.041348
0 0.955908 0.316998 0.014991 0.033691
0 0.269841 0.393568 0.024691 0.047473
0 0.544974 0.258806 0.019400 0.039816
0 0.572310 0.218989 0.012346 0.026034
0 0.882716 0.490046 0.033510 0.076570
0 0.796296 0.441041 0.032628 0.062787
0 0.399471 0.284839 0.013228 0.021440
0 0.586420 0.260337 0.019400 0.038285
0 0.648148 0.316998 0.022928 0.039816
0 0.680776 0.209801 0.016755 0.035222
0 0.929453 0.330781 0.022046 0.038285
0 0.404762 0.343032 0.020282 0.049005
0 0.402998 0.310873 0.022046 0.035222
0 0.274250 0.320061 0.022046 0.039816
0 0.693122 0.234303 0.015873 0.033691
0 0.642857 0.208270 0.015873 0.033691
0 0.709877 0.382848 0.027337 0.055130
0 0.386243 0.271057 0.013228 0.030628
0 0.723986 0.263400 0.020282 0.038285
0 0.853616 0.542113 0.040564 0.084227
0 0.740741 0.424196 0.030864 0.062787
0 0.119048 0.580398 0.047619 0.085758
0 0.541446 0.379786 0.029101 0.055130
0 0.699295 0.218989 0.016755 0.038285
