0 0.833861 0.368421 0.020570 0.054017
0 0.640823 0.224377 0.009494 0.019391
0 0.419304 0.257618 0.014241 0.020776
0 0.818038 0.317175 0.018987 0.037396
0 0.779272 0.299169 0.015823 0.029086
0 0.491297 0.319945 0.018196 0.036011
0 0.901899 0.268698 0.014241 0.030471
0 0.718354 0.240997 0.012658 0.030471
0 0.897943 0.346260 0.016614 0.040166
0 0.757120 0.228532 0.015032 0.029086
0 0.813291 0.257618 0.012658 0.020776
0 0.685127 0.256233 0.015032 0.034626
0 0.487342 0.253463 0.012658 0.029086
0 0.617880 0.243767 0.011867 0.022161
0 0.749209 0.422438 0.022152 0.052632
0 0.792722 0.270083 0.015032 0.027701
0 0.678797 0.509695 0.027690 0.063712
0 0.510285 0.239612 0.015032 0.023546
0 0.545095 0.344875 0.020570 0.042936
0 0.751582 0.259003 0.013449 0.031856
0 0.580696 0.315789 0.019778 0.041551
0 0.578323 0.243767 0.014241 0.026316
0 0.404272 0.325485 0.018196 0.036011
0 0.851266 0.349030 0.018987 0.041551
0 0.787975 0.515235 0.024525 0.069252
0 0.871044 0.324100 0.015823 0.033241
0 0.348892 0.288089 0.015823 0.030471
0 0.428006 0.299169 0.013449 0.030471
0 0.526108 0.400277 0.022943 0.042936
0 0.700949 0.279778 0.016614 0.036011
0 0.534019 0.243767 0.013449 0.027701
0 0.326741 0.350416 0.023734 0.055402
0 0.614715 0.289474 0.015823 0.030471
0 0.310918 0.331025 0.021361 0.040166
0 0.584652 0.222992 0.011867 0.024931
0 0.442247 0.246537 0.011076 0.020776
0 0.562500 0.423823 0.028481 0.059557
0 0.801424 0.342105 0.019778 0.034626
0 0.783228 0.368421 0.018987 0.048476
0 0.562500 0.277008 0.015823 0.027701
0 0.542722 0.221607 0.011867 0.019391
0 0.377373 0.325485 0.017405 0.036011
0 0.881329 0.450139 0.023734 0.051247
0 0.843354 0.252078 0.011867 0.027701
0 0.634494 0.214681 0.011076 0.018006
0 0.510285 0.270083 0.014241 0.027701
0 0.635285 0.325485 0.015032 0.031856
0 0.556962 0.239612 0.011867 0.027701
0 0.493671 0.245152 0.011076 0.018006
0 0.345728 0.322715 0.015032 0.030471
0 0.397152 0.299169 0.016614 0.030471
0 0.136867 0.463989 0.040348 0.081717
0 0.440665 0.342105 0.021361 0.027701
0 0.904272 0.307479 0.013449 0.029086
0 0.868671 0.404432 0.021361 0.041551
0 0.662975 0.225762 0.011076 0.027701
0 0.280063 0.300554 0.016614 0.030471
0 0.741297 0.282548 0.012658 0.037396
0 0.635285 0.234072 0.011076 0.023546
0 0.833070 0.260388 0.011076 0.022161
0 0.825949 0.279778 0.012658 0.023546
0 0.723101 0.257618 0.013449 0.027701
0 0.461234 0.260388 0.016614 0.033241
0 0.623418 0.458449 0.029272 0.059557
0 0.642405 0.354571 0.022943 0.054017
0 0.253956 0.355956 0.025316 0.033241
0 0.608386 0.209141 0.010285 0.016620
0 0.454905 0.307479 0.015032 0.024931
0 0.816456 0.433518 0.022943 0.049861
0 0.666930 0.342105 0.019778 0.040166
0 0.867089 0.285319 0.015032 0.038781
0 0.653481 0.227147 0.011076 0.027701
0 0.603639 0.214681 0.011867 0.020776
0 0.450949 0.409972 0.024525 0.048476
0 0.572785 0.408587 0.018987 0.031856
0 0.595728 0.202216 0.010285 0.019391
0 0.731013 0.224377 0.012658 0.029086
0 0.893987 0.313019 0.012658 0.024931
0 0.657437 0.260388 0.012658 0.031856
0 0.379747 0.265928 0.015032 0.030471
0 0.557753 0.216066 0.010285 0.018006
