0 0.693750 0.700252 0.059375 0.105793
0 0.493750 0.768262 0.078125 0.110831
0 0.268750 0.748111 0.067187 0.113350
0 0.062500 0.816121 0.071875 0.115869
0 0.179688 0.750630 0.073438 0.130982
0 0.962500 0.685139 0.071875 0.125945
0 0.678125 0.795970 0.075000 0.130982
0 0.042188 0.894207 0.081250 0.186398
0 0.251563 0.869018 0.110937 0.198992
0 0.357812 0.743073 0.057813 0.105793
0 0.139063 0.740554 0.059375 0.108312
0 0.170313 0.926952 0.151562 0.146096
0 0.550000 0.743073 0.059375 0.105793
0 0.396875 0.808564 0.085938 0.156171
0 0.493750 0.909320 0.146875 0.181360
0 0.610938 0.795970 0.081250 0.151134
