0 0.422899 0.187500 0.012004 0.024671
0 0.807941 0.251645 0.014774 0.036184
0 0.803324 0.411184 0.024931 0.057566
0 0.480148 0.185855 0.016620 0.027961
0 0.712835 0.276316 0.019391 0.042763
0 0.814404 0.152961 0.010157 0.027961
0 0.831025 0.320724 0.019391 0.042763
0 0.537396 0.327303 0.016620 0.034539
0 0.519852 0.207237 0.016620 0.036184
0 0.647276 0.128289 0.009234 0.018092
0 0.619575 0.259868 0.015697 0.042763
0 0.448753 0.166118 0.012004 0.019737
0 0.727608 0.207237 0.014774 0.036184
0 0.758079 0.136513 0.012004 0.024671
0 0.538319 0.156250 0.016620 0.026316
0 0.566020 0.263158 0.016620 0.036184
0 0.649123 0.179276 0.016620 0.032895
0 0.590951 0.113487 0.009234 0.021382
0 0.745152 0.152961 0.015697 0.024671
0 0.381348 0.189145 0.011080 0.024671
0 0.496768 0.286184 0.019391 0.036184
0 0.440443 0.238487 0.015697 0.036184
0 0.746999 0.233553 0.016620 0.036184
0 0.869806 0.269737 0.014774 0.039474
0 0.610342 0.154605 0.012004 0.024671
0 0.771930 0.212171 0.017544 0.037829
0 0.721145 0.172697 0.012004 0.021382
0 0.544783 0.192434 0.012004 0.026316
0 0.692521 0.240132 0.012004 0.029605
0 0.864266 0.136513 0.009234 0.019737
0 0.847645 0.174342 0.010157 0.026316
0 0.632502 0.223684 0.015697 0.029605
0 0.280702 0.256579 0.016620 0.023026
0 0.889197 0.175987 0.008310 0.018092
0 0.350877 0.246711 0.013850 0.026316
0 0.829178 0.125000 0.010157 0.024671
0 0.855032 0.152961 0.009234 0.023026
0 0.778393 0.171053 0.012004 0.026316
0 0.556787 0.138158 0.010157 0.018092
0 0.765466 0.302632 0.020314 0.047697
0 0.640813 0.106908 0.008310 0.019737
0 0.753463 0.355263 0.024931 0.059211
0 0.663897 0.220395 0.018467 0.034539
0 0.412742 0.175987 0.011080 0.021382
0 0.642659 0.144737 0.011080 0.023026
0 0.584488 0.152961 0.011080 0.024671
0 0.373038 0.287829 0.015697 0.037829
0 0.462604 0.148026 0.012004 0.023026
0 0.505078 0.134868 0.007387 0.018092
0 0.889197 0.371711 0.026777 0.060855
0 0.587258 0.126645 0.011080 0.023026
0 0.489381 0.208882 0.016620 0.034539
0 0.352724 0.279605 0.016620 0.032895
0 0.627886 0.312500 0.021237 0.049342
0 0.904894 0.320724 0.020314 0.041118
0 0.657433 0.123355 0.010157 0.021382
0 0.554940 0.118421 0.009234 0.014803
0 0.289935 0.289474 0.018467 0.027961
0 0.823638 0.141447 0.011080 0.021382
0 0.879040 0.207237 0.012004 0.031250
0 0.742382 0.123355 0.009234 0.019737
0 0.824561 0.213816 0.015697 0.044408
0 0.915974 0.226974 0.011080 0.027961
0 0.577101 0.179276 0.012927 0.024671
0 0.407202 0.195724 0.011080 0.023026
0 0.904894 0.269737 0.014774 0.032895
0 0.375808 0.238487 0.015697 0.029605
0 0.200369 0.404605 0.044321 0.070724
0 0.679594 0.340461 0.022161 0.049342
0 0.446907 0.194079 0.012927 0.029605
0 0.693444 0.116776 0.010157 0.021382
0 0.894737 0.143092 0.009234 0.019737
0 0.686981 0.164474 0.009234 0.019737
0 0.698061 0.177632 0.012927 0.031250
0 0.470914 0.159539 0.013850 0.024671
0 0.508772 0.175987 0.017544 0.032895
0 0.515235 0.154605 0.012927 0.026316
0 0.464451 0.231908 0.017544 0.036184
