0 0.500000 0.301333 0.088000 0.114667
0 0.646000 0.080000 0.024000 0.037333
0 0.534000 0.093333 0.030000 0.045333
0 0.734000 0.157333 0.046000 0.064000
0 0.812000 0.077333 0.042000 0.056000
0 0.682000 0.240000 0.070000 0.101333
0 0.936000 0.354667 0.096000 0.152000
0 0.636000 0.184000 0.066000 0.096000
0 0.034000 0.224000 0.054000 0.077333
0 0.220000 0.405333 0.112000 0.144000
0 0.330000 0.314667 0.076000 0.125333
0 0.396000 0.112000 0.034000 0.045333
0 0.472000 0.405333 0.116000 0.162667
0 0.708000 0.109333 0.040000 0.061333
0 0.978000 0.154667 0.042000 0.074667
0 0.090000 0.077333 0.026000 0.045333
0 0.016000 0.136000 0.030000 0.058667
0 0.378000 0.144000 0.038000 0.053333
0 0.136000 0.234667 0.060000 0.090667
0 0.734000 0.080000 0.036000 0.061333
0 0.258000 0.082667 0.024000 0.037333
0 0.454000 0.133333 0.034000 0.050667
0 0.560000 0.136000 0.046000 0.074667
0 0.936000 0.128000 0.042000 0.061333
0 0.522000 0.240000 0.072000 0.080000
0 0.040000 0.176000 0.046000 0.058667
0 0.470000 0.117333 0.034000 0.048000
0 0.368000 0.570667 0.168000 0.229333
0 0.800000 0.210667 0.066000 0.090667
0 0.910000 0.178667 0.048000 0.085333
0 0.760000 0.189333 0.048000 0.080000
0 0.088000 0.141333 0.032000 0.053333
0 0.134000 0.136000 0.042000 0.050667
0 0.846000 0.146667 0.050000 0.080000
0 0.126000 0.522667 0.146000 0.202667
0 0.052000 0.288000 0.080000 0.101333
0 0.298000 0.141333 0.034000 0.050667
0 0.296000 0.104000 0.030000 0.040000
0 0.660000 0.117333 0.036000 0.053333
0 0.324000 0.194667 0.060000 0.080000
0 0.962000 0.208000 0.054000 0.096000
0 0.424000 0.202667 0.056000 0.077333
0 0.180000 0.181333 0.058000 0.096000
0 0.376000 0.096000 0.026000 0.042667
0 0.816000 0.130667 0.038000 0.061333
0 0.014000 0.088000 0.024000 0.045333
0 0.118000 0.173333 0.046000 0.061333
0 0.050000 0.130667 0.038000 0.048000
0 0.706000 0.488000 0.128000 0.173333
0 0.062000 0.090667 0.034000 0.050667
0 0.538000 0.181333 0.060000 0.082667
0 0.358000 0.232000 0.062000 0.090667
0 0.696000 0.336000 0.086000 0.125333
0 0.050000 0.368000 0.096000 0.130667
0 0.264000 0.154667 0.048000 0.058667
0 0.314000 0.090667 0.030000 0.037333
0 0.230000 0.216000 0.060000 0.077333
0 0.648000 0.098667 0.030000 0.042667
0 0.460000 0.176000 0.038000 0.058667
0 0.498000 0.106667 0.028000 0.045333
0 0.910000 0.093333 0.042000 0.074667
0 0.106000 0.112000 0.032000 0.048000
