0 0.028623 0.569378 0.028623 0.040670
0 0.919499 0.633971 0.057245 0.069378
0 0.695886 0.645933 0.048301 0.086124
0 0.762075 0.578947 0.014311 0.033493
0 0.740608 0.586124 0.021467 0.033493
0 0.264758 0.497608 0.073345 0.114833
0 0.549195 0.655502 0.066190 0.107656
0 0.484794 0.602871 0.035778 0.064593
0 0.096601 0.593301 0.033989 0.052632
0 0.406082 0.516746 0.023256 0.028708
0 0.627907 0.595694 0.028623 0.045455
0 0.781753 0.590909 0.026834 0.038278
0 0.125224 0.562201 0.035778 0.035885
0 0.593918 0.466507 0.019678 0.031100
0 0.940966 0.574163 0.017889 0.026316
0 0.420394 0.612440 0.037567 0.050239
0 0.815742 0.526316 0.025045 0.038278
0 0.805009 0.633971 0.046512 0.071770
0 0.375671 0.574163 0.030411 0.047847
0 0.576029 0.626794 0.037567 0.057416
0 0.864043 0.612440 0.035778 0.050239
0 0.529517 0.593301 0.032200 0.045455
0 0.608229 0.483254 0.019678 0.035885
0 0.050089 0.571770 0.025045 0.047847
0 0.894454 0.581340 0.019678 0.028708
0 0.343470 0.574163 0.028623 0.043062
0 0.171735 0.583732 0.028623 0.045455
