0 0.392428 0.185366 0.022161 0.052033
0 0.582641 0.278049 0.028624 0.053659
0 0.616805 0.308943 0.030471 0.065041
0 0.081256 0.359350 0.039705 0.069919
0 0.573407 0.167480 0.023084 0.056911
0 0.716528 0.198374 0.029548 0.058537
0 0.327793 0.235772 0.030471 0.052033
0 0.273315 0.190244 0.017544 0.034146
0 0.450600 0.188618 0.029548 0.053659
0 0.498615 0.165854 0.024931 0.048780
0 0.541090 0.151220 0.023084 0.045528
0 0.323176 0.186992 0.016620 0.035772
0 0.666667 0.287805 0.048938 0.079675
0 0.308403 0.195122 0.015697 0.034146
