0 0.594355 0.133992 0.012903 0.029619
0 0.530645 0.190409 0.017742 0.042313
0 0.331452 0.262341 0.022581 0.038082
0 0.713710 0.172073 0.014516 0.032440
0 0.662097 0.204513 0.022581 0.047955
0 0.537903 0.132581 0.015323 0.031030
0 0.546774 0.296192 0.033871 0.053597
0 0.720161 0.211566 0.022581 0.039492
0 0.620968 0.200282 0.017742 0.039492
0 0.844355 0.128350 0.012097 0.031030
0 0.781452 0.126939 0.014516 0.036671
0 0.482258 0.184767 0.016129 0.040903
0 0.600806 0.102962 0.012097 0.029619
0 0.864516 0.282087 0.024194 0.053597
0 0.286290 0.258110 0.016129 0.032440
0 0.471774 0.320169 0.022581 0.052186
0 0.804839 0.196051 0.017742 0.040903
0 0.836290 0.220028 0.022581 0.045134
0 0.336290 0.214386 0.015323 0.036671
0 0.201613 0.421721 0.043548 0.086037
0 0.431452 0.179126 0.014516 0.032440
0 0.850806 0.201693 0.016129 0.038082
0 0.300000 0.242595 0.017742 0.042313
0 0.834677 0.153738 0.014516 0.031030
0 0.922581 0.252468 0.020161 0.052186
0 0.404032 0.252468 0.019355 0.042313
0 0.490323 0.132581 0.010484 0.025388
0 0.479839 0.221439 0.016935 0.046544
0 0.658871 0.258110 0.020161 0.045134
0 0.522581 0.122708 0.012903 0.029619
0 0.590323 0.100141 0.013710 0.023977
0 0.642742 0.231312 0.023387 0.046544
0 0.432258 0.245416 0.020161 0.039492
0 0.324194 0.211566 0.013710 0.032440
0 0.810484 0.124118 0.014516 0.040903
0 0.661290 0.105783 0.013710 0.023977
0 0.657258 0.162200 0.016129 0.045134
0 0.729032 0.259520 0.026613 0.057828
0 0.895161 0.184767 0.013710 0.033850
0 0.410484 0.167842 0.013710 0.032440
0 0.876613 0.136812 0.012903 0.032440
0 0.670161 0.299013 0.030645 0.064880
0 0.684677 0.150917 0.015323 0.031030
0 0.428226 0.260931 0.022581 0.050776
0 0.498387 0.119887 0.008871 0.023977
0 0.414516 0.184767 0.015323 0.029619
0 0.770161 0.169252 0.015323 0.038082
0 0.515323 0.177715 0.015323 0.035261
0 0.741935 0.186178 0.019355 0.042313
0 0.469355 0.138223 0.012097 0.028209
0 0.614516 0.118477 0.010484 0.025388
0 0.591129 0.232722 0.018548 0.046544
0 0.818548 0.167842 0.016935 0.047955
0 0.600000 0.157969 0.015323 0.032440
0 0.473387 0.149506 0.012903 0.031030
0 0.401613 0.231312 0.019355 0.042313
0 0.562903 0.153738 0.014516 0.035261
0 0.803226 0.272214 0.025000 0.056417
0 0.628226 0.125529 0.011290 0.029619
0 0.765323 0.141044 0.015323 0.032440
0 0.429839 0.157969 0.014516 0.033850
0 0.616935 0.138223 0.012903 0.032440
0 0.856452 0.177715 0.013710 0.031030
0 0.766129 0.214386 0.020161 0.039492
0 0.679032 0.107193 0.011290 0.028209
0 0.725000 0.155148 0.013710 0.031030
0 0.896774 0.203103 0.016129 0.040903
0 0.566935 0.132581 0.013710 0.028209
0 0.770161 0.324401 0.032258 0.059238
