0 0.056364 0.471429 0.038182 0.068571
0 0.638182 0.400000 0.029091 0.054286
0 0.521818 0.280000 0.021818 0.048571
0 0.267273 0.402857 0.027273 0.054286
0 0.110909 0.351429 0.020000 0.040000
0 0.041818 0.397143 0.023636 0.045714
0 0.407273 0.371429 0.134545 0.231429
0 0.638182 0.242857 0.027273 0.051429
0 0.169091 0.334286 0.030909 0.057143
0 0.052727 0.417143 0.030909 0.051429
0 0.016364 0.457143 0.029091 0.077143
0 0.767273 0.391429 0.045455 0.074286
0 0.738182 0.351429 0.027273 0.057143
0 0.838182 0.231429 0.025455 0.048571
0 0.218182 0.411429 0.030909 0.062857
0 0.174545 0.408571 0.036364 0.057143
0 0.801818 0.331429 0.025455 0.048571
0 0.476364 0.374286 0.029091 0.057143
0 0.480000 0.408571 0.029091 0.060000
0 0.616364 0.394286 0.025455 0.062857
0 0.740000 0.305714 0.021818 0.042857
0 0.640000 0.291429 0.027273 0.048571
0 0.343636 0.357143 0.016364 0.042857
0 0.298182 0.362857 0.021818 0.051429
0 0.120000 0.377143 0.025455 0.048571
0 0.769091 0.265714 0.023636 0.048571
0 0.689091 0.251429 0.023636 0.048571
0 0.320000 0.391429 0.020000 0.042857
0 0.700000 0.337143 0.030909 0.051429
0 0.934545 0.251429 0.032727 0.071429
0 0.305455 0.437143 0.040000 0.094286
0 0.792727 0.360000 0.030909 0.060000
0 0.532727 0.411429 0.029091 0.062857
0 0.258182 0.282857 0.020000 0.042857
0 0.467273 0.474286 0.050909 0.077143
0 0.820000 0.237143 0.023636 0.048571
0 0.650909 0.434286 0.047273 0.077143
0 0.078182 0.400000 0.034545 0.060000
0 0.014545 0.397143 0.023636 0.048571
0 0.481818 0.325714 0.020000 0.042857
0 0.341818 0.428571 0.032727 0.074286
0 0.281818 0.491429 0.047273 0.082857
0 0.203636 0.468571 0.030909 0.062857
0 0.874545 0.254286 0.040000 0.057143
0 0.869091 0.291429 0.041818 0.077143
0 0.180000 0.471429 0.047273 0.080000
0 0.098182 0.374286 0.023636 0.045714
