0 0.133594 0.503125 0.162500 0.205208
0 0.453125 0.211458 0.053906 0.073958
0 0.351562 0.289583 0.071094 0.134375
0 0.669531 0.176042 0.076563 0.128125
0 0.164844 0.134375 0.082812 0.139583
0 0.436719 0.409375 0.082812 0.134375
0 0.969531 0.191667 0.060937 0.148958
0 0.189062 0.320833 0.109375 0.196875
0 0.317969 0.206250 0.054688 0.109375
0 0.052344 0.319792 0.091406 0.166667
0 0.675781 0.418750 0.076563 0.153125
0 0.371094 0.179167 0.073438 0.119792
0 0.458594 0.294792 0.071875 0.111458
0 0.269531 0.236458 0.052344 0.137500
0 0.578906 0.416667 0.097656 0.133333
0 0.548438 0.243750 0.062500 0.120833
0 0.171875 0.425000 0.144531 0.192708
0 0.314063 0.400000 0.092969 0.142708
0 0.931250 0.428125 0.088281 0.151042
0 0.190625 0.703125 0.250781 0.361458
