0 0.376000 0.621622 0.114000 0.231231
0 0.348000 0.390390 0.064000 0.108108
0 0.508000 0.339339 0.062000 0.087087
0 0.314000 0.351351 0.066000 0.099099
0 0.594000 0.333333 0.064000 0.102102
0 0.490000 0.435435 0.072000 0.144144
0 0.254000 0.393393 0.050000 0.090090
0 0.576000 0.525526 0.132000 0.237237
0 0.672000 0.348348 0.040000 0.090090
0 0.856000 0.537538 0.116000 0.219219
0 0.414000 0.396396 0.064000 0.087087
0 0.418000 0.483483 0.092000 0.141141
0 0.348000 0.507508 0.072000 0.123123
0 0.538000 0.408408 0.098000 0.192192
0 0.838000 0.369369 0.094000 0.165165
0 0.460000 0.306306 0.062000 0.114114
0 0.726000 0.363363 0.104000 0.192192
0 0.898000 0.351351 0.058000 0.120120
0 0.168000 0.393393 0.038000 0.072072
0 0.214000 0.438438 0.084000 0.159159
0 0.818000 0.321321 0.078000 0.150150
