0 0.306667 0.470000 0.048000 0.136667
0 0.162667 0.446667 0.050667 0.106667
0 0.770667 0.656667 0.069333 0.206667
0 0.558667 0.450000 0.032000 0.093333
0 0.492000 0.423333 0.030667 0.073333
0 0.365333 0.400000 0.029333 0.083333
0 0.949333 0.860000 0.100000 0.250000
0 0.890667 0.430000 0.040000 0.096667
0 0.265333 0.496667 0.044000 0.110000
0 0.177333 0.576667 0.068000 0.163333
0 0.030667 0.436667 0.038667 0.093333
0 0.754667 0.393333 0.028000 0.076667
0 0.069333 0.493333 0.048000 0.100000
0 0.756000 0.486667 0.042667 0.093333
0 0.096000 0.400000 0.041333 0.090000
0 0.605333 0.450000 0.033333 0.100000
0 0.593333 0.610000 0.065333 0.203333
0 0.413333 0.383333 0.024000 0.063333
0 0.690667 0.570000 0.060000 0.163333
0 0.142667 0.413333 0.033333 0.090000
0 0.102667 0.530000 0.061333 0.156667
0 0.390667 0.420000 0.034667 0.083333
0 0.336000 0.540000 0.062667 0.160000
0 0.932000 0.620000 0.068000 0.156667
0 0.672000 0.490000 0.034667 0.086667
0 0.797333 0.506667 0.058667 0.183333
0 0.606667 0.390000 0.022667 0.066667
0 0.342667 0.386667 0.024000 0.080000
0 0.637333 0.380000 0.024000 0.076667
0 0.684000 0.440000 0.029333 0.066667
0 0.881333 0.636667 0.068000 0.163333
0 0.460000 0.276667 0.029333 0.093333
0 0.628000 0.453333 0.030667 0.093333
