0 0.907392 0.244444 0.014622 0.044444
0 0.789602 0.271795 0.025183 0.051282
0 0.451665 0.179487 0.020309 0.052991
0 0.865963 0.369231 0.023558 0.058120
0 0.779854 0.211966 0.017872 0.051282
0 0.819659 0.232479 0.018684 0.039316
0 0.976442 0.321368 0.020309 0.046154
0 0.221771 0.299145 0.023558 0.058120
0 0.958570 0.482051 0.025995 0.071795
0 0.437043 0.177778 0.015435 0.041026
0 0.685621 0.167521 0.015435 0.041026
0 0.974005 0.377778 0.016247 0.049573
0 0.761982 0.206838 0.015435 0.037607
0 0.539399 0.386325 0.025995 0.064957
0 0.465475 0.256410 0.024370 0.056410
0 0.657189 0.259829 0.025183 0.059829
0 0.741673 0.235897 0.015435 0.044444
0 0.855402 0.495726 0.030057 0.075214
0 0.965069 0.411966 0.022746 0.061538
0 0.094232 0.574359 0.049553 0.105983
0 0.808286 0.196581 0.019496 0.049573
0 0.627945 0.135043 0.012998 0.035897
0 0.546710 0.220513 0.016247 0.042735
0 0.246954 0.264957 0.019496 0.044444
0 0.191714 0.304274 0.021121 0.046154
0 0.362307 0.275214 0.018684 0.049573
0 0.588952 0.415385 0.031682 0.070085
0 0.930950 0.283761 0.010561 0.041026
0 0.558895 0.176068 0.021121 0.041026
0 0.398863 0.239316 0.017872 0.047863
0 0.359058 0.206838 0.019496 0.044444
0 0.594639 0.131624 0.015435 0.035897
0 0.791227 0.470085 0.030869 0.100855
0 0.571080 0.218803 0.016247 0.039316
0 0.720552 0.287179 0.023558 0.059829
0 0.619009 0.205128 0.017059 0.046154
0 0.900894 0.271795 0.012185 0.034188
0 0.692120 0.147009 0.012998 0.030769
0 0.666125 0.422222 0.029245 0.073504
0 0.516653 0.177778 0.021933 0.056410
0 0.303818 0.217094 0.022746 0.047863
0 0.650690 0.148718 0.012998 0.041026
0 0.887084 0.283761 0.014622 0.044444
0 0.303006 0.247863 0.017059 0.039316
0 0.981316 0.266667 0.017872 0.042735
0 0.708367 0.222222 0.013810 0.041026
0 0.578392 0.182906 0.018684 0.046154
0 0.603574 0.162393 0.019496 0.039316
0 0.947197 0.249573 0.014622 0.041026
0 0.341186 0.225641 0.017059 0.046154
0 0.890333 0.411966 0.021933 0.058120
0 0.547522 0.140171 0.017872 0.046154
0 0.428920 0.329915 0.021933 0.059829
0 0.493907 0.157265 0.014622 0.046154
0 0.727864 0.429060 0.025183 0.075214
0 0.930138 0.347009 0.017059 0.051282
0 0.868400 0.316239 0.019496 0.046154
0 0.601950 0.302564 0.026807 0.064957
0 0.662876 0.152137 0.015435 0.049573
0 0.382616 0.203419 0.018684 0.042735
0 0.601137 0.201709 0.016247 0.041026
0 0.431357 0.201709 0.018684 0.041026
0 0.814785 0.307692 0.021121 0.056410
0 0.828595 0.222222 0.014622 0.039316
