0 0.683377 0.372881 0.011873 0.024482
0 0.162269 0.459510 0.046174 0.069680
0 0.368074 0.374765 0.023747 0.032015
0 0.519789 0.404896 0.022427 0.043315
0 0.354881 0.393597 0.027704 0.037665
0 0.674142 0.391714 0.019789 0.030132
0 0.493404 0.355932 0.015831 0.030132
0 0.221636 0.401130 0.023747 0.045198
0 0.246702 0.450094 0.040897 0.062147
0 0.494723 0.421846 0.029024 0.052731
0 0.423483 0.397363 0.021108 0.028249
0 0.065963 0.453861 0.048813 0.073446
0 0.509235 0.380414 0.019789 0.033898
0 0.449868 0.376648 0.018470 0.032015
0 0.792876 0.483992 0.036939 0.062147
0 0.527704 0.363465 0.017150 0.032015
0 0.501319 0.314501 0.014512 0.028249
0 0.325858 0.457627 0.040897 0.077213
0 0.422164 0.450094 0.042216 0.071563
0 0.292876 0.410546 0.025066 0.048964
0 0.362797 0.429379 0.027704 0.048964
0 0.402375 0.378531 0.023747 0.033898
