0 0.805258 0.184801 0.018500 0.024180
0 0.606621 0.060449 0.012658 0.024180
0 0.812074 0.253886 0.019474 0.032815
0 0.546251 0.169257 0.016553 0.032815
0 0.538462 0.139896 0.011685 0.024180
0 0.847128 0.205527 0.012658 0.043178
0 0.660175 0.309154 0.020448 0.036269
0 0.892892 0.195164 0.018500 0.024180
0 0.338851 0.210708 0.010711 0.031088
0 0.916261 0.253886 0.015579 0.041451
0 0.774099 0.189983 0.012658 0.031088
0 0.585200 0.177893 0.016553 0.027634
0 0.793574 0.397237 0.030185 0.051813
0 0.616358 0.105354 0.011685 0.027634
0 0.558909 0.312608 0.024343 0.053541
0 0.566699 0.146805 0.015579 0.034542
0 0.866602 0.184801 0.012658 0.032815
0 0.488802 0.328152 0.022395 0.032815
0 0.755599 0.157168 0.010711 0.032815
0 0.410906 0.162349 0.011685 0.018998
0 0.425511 0.174439 0.012658 0.024180
0 0.209348 0.471503 0.043817 0.079447
0 0.655307 0.105354 0.012658 0.022453
0 0.499513 0.160622 0.017527 0.029361
0 0.699124 0.120898 0.011685 0.020725
0 0.635833 0.119171 0.014606 0.025907
0 0.523856 0.103627 0.011685 0.027634
0 0.832522 0.195164 0.014606 0.036269
0 0.659202 0.183074 0.015579 0.036269
0 0.917235 0.169257 0.014606 0.031088
0 0.635833 0.347150 0.026290 0.050086
0 0.683544 0.101900 0.011685 0.022453
0 0.585200 0.112263 0.013632 0.031088
0 0.597858 0.324698 0.022395 0.055268
0 0.826680 0.174439 0.014606 0.031088
0 0.709834 0.172712 0.014606 0.025907
0 0.600779 0.122625 0.014606 0.027634
0 0.305745 0.238342 0.018500 0.041451
0 0.449854 0.179620 0.019474 0.029361
0 0.520935 0.174439 0.021422 0.032815
0 0.865628 0.210708 0.019474 0.031088
0 0.452775 0.146805 0.013632 0.027634
0 0.912366 0.362694 0.025316 0.050086
0 0.805258 0.215889 0.013632 0.039724
0 0.936709 0.202073 0.010711 0.031088
0 0.680623 0.214162 0.016553 0.034542
0 0.627069 0.203800 0.017527 0.034542
0 0.324245 0.181347 0.013632 0.022453
0 0.851996 0.371330 0.020448 0.046632
0 0.877313 0.158895 0.012658 0.032815
0 0.494645 0.210708 0.020448 0.032815
0 0.701071 0.255613 0.021422 0.036269
0 0.737098 0.181347 0.016553 0.037997
0 0.870497 0.293610 0.020448 0.044905
0 0.625122 0.141623 0.012658 0.031088
0 0.666991 0.120898 0.009737 0.025907
0 0.522882 0.136442 0.017527 0.024180
0 0.641675 0.246978 0.018500 0.036269
0 0.820837 0.221071 0.016553 0.041451
0 0.437196 0.227979 0.020448 0.029361
0 0.772152 0.271157 0.022395 0.044905
