0 0.530000 0.658462 0.028000 0.055385
0 0.244000 0.790769 0.042000 0.080000
0 0.916000 0.760000 0.052000 0.092308
0 0.508000 0.738462 0.028000 0.055385
0 0.062000 0.793846 0.070000 0.113846
0 0.208000 0.793846 0.054000 0.092308
0 0.654000 0.732308 0.038000 0.061538
0 0.584000 0.726154 0.032000 0.052308
0 0.332000 0.775385 0.050000 0.089231
0 0.692000 0.747692 0.042000 0.073846
0 0.522000 0.747692 0.040000 0.052308
0 0.680000 0.889231 0.108000 0.187692
0 0.452000 0.753846 0.046000 0.061538
0 0.770000 0.766154 0.048000 0.070769
0 0.400000 0.756923 0.046000 0.064615
