0 0.271413 0.266932 0.013348 0.027888
0 0.632925 0.117530 0.012236 0.019920
0 0.479422 0.133466 0.014461 0.021912
0 0.681869 0.147410 0.012236 0.025896
0 0.714127 0.163347 0.012236 0.027888
0 0.508343 0.185259 0.012236 0.031873
0 0.877642 0.173307 0.015573 0.033865
0 0.417130 0.185259 0.017798 0.029880
0 0.575083 0.290837 0.023359 0.047809
0 0.835373 0.268924 0.021135 0.051793
0 0.911012 0.227092 0.016685 0.037849
0 0.261402 0.247012 0.014461 0.029880
0 0.606229 0.258964 0.017798 0.035857
0 0.551724 0.247012 0.018910 0.041833
0 0.619577 0.304781 0.024472 0.057769
0 0.761958 0.161355 0.012236 0.027888
0 0.390434 0.270916 0.017798 0.043825
0 0.734149 0.145418 0.013348 0.027888
0 0.727475 0.115538 0.011123 0.021912
0 0.600667 0.127490 0.008899 0.021912
0 0.696329 0.217131 0.022247 0.039841
0 0.323693 0.211155 0.013348 0.025896
0 0.896552 0.205179 0.018910 0.029880
0 0.764182 0.262948 0.022247 0.047809
0 0.604004 0.115538 0.010011 0.025896
0 0.640712 0.185259 0.013348 0.031873
0 0.380423 0.191235 0.014461 0.035857
0 0.458287 0.149402 0.013348 0.023904
0 0.753059 0.125498 0.013348 0.031873
0 0.350389 0.260956 0.016685 0.031873
0 0.607341 0.147410 0.014461 0.025896
0 0.444939 0.191235 0.015573 0.031873
0 0.397108 0.215139 0.014461 0.031873
0 0.703003 0.143426 0.012236 0.031873
0 0.791991 0.163347 0.012236 0.029880
0 0.335929 0.217131 0.013348 0.023904
0 0.333704 0.250996 0.013348 0.031873
0 0.884316 0.157371 0.018910 0.031873
0 0.760845 0.197211 0.014461 0.033865
0 0.456062 0.221116 0.015573 0.031873
0 0.619577 0.201195 0.014461 0.033865
0 0.395996 0.276892 0.021135 0.041833
0 0.589544 0.139442 0.010011 0.029880
0 0.351502 0.225100 0.014461 0.027888
0 0.649611 0.201195 0.017798 0.037849
0 0.828699 0.217131 0.014461 0.037849
0 0.362625 0.191235 0.012236 0.029880
0 0.725250 0.199203 0.016685 0.033865
0 0.319244 0.243028 0.013348 0.033865
0 0.837597 0.310757 0.023359 0.051793
0 0.636263 0.135458 0.011123 0.027888
0 0.826474 0.151394 0.015573 0.027888
0 0.553949 0.159363 0.013348 0.029880
0 0.529477 0.195219 0.016685 0.031873
0 0.463849 0.229084 0.022247 0.029880
0 0.906563 0.272908 0.020022 0.045817
0 0.771969 0.135458 0.014461 0.031873
0 0.669633 0.250996 0.020022 0.045817
0 0.061179 0.354582 0.022247 0.041833
0 0.494994 0.290837 0.026696 0.047809
0 0.750834 0.221116 0.017798 0.035857
0 0.563960 0.119522 0.011123 0.029880
0 0.838710 0.151394 0.015573 0.035857
0 0.676307 0.113546 0.013348 0.023904
0 0.472747 0.191235 0.015573 0.021912
0 0.711902 0.292829 0.020022 0.039841
