0 0.885938 0.544792 0.022656 0.032292
0 0.864844 0.588542 0.032031 0.048958
0 0.752344 0.526042 0.017188 0.021875
0 0.602344 0.553125 0.026562 0.041667
0 0.918750 0.546875 0.028125 0.036458
0 0.125781 0.616667 0.063281 0.098958
0 0.934375 0.578125 0.033594 0.050000
0 0.707031 0.567708 0.035156 0.046875
0 0.278906 0.547917 0.041406 0.056250
0 0.503906 0.546875 0.025000 0.032292
0 0.625781 0.539583 0.022656 0.029167
0 0.644531 0.513542 0.014063 0.020833
0 0.867188 0.691667 0.075781 0.101042
0 0.506250 0.508333 0.019531 0.031250
0 0.503125 0.727083 0.089063 0.123958
0 0.741406 0.554167 0.023438 0.039583
0 0.769531 0.546875 0.025000 0.034375
0 0.782813 0.525000 0.018750 0.028125
0 0.804688 0.603125 0.042969 0.057292
0 0.493750 0.530208 0.028906 0.029167
0 0.485938 0.661458 0.056250 0.069792
0 0.848437 0.527083 0.017188 0.022917
0 0.203906 0.589583 0.052344 0.075000
0 0.800000 0.528125 0.016406 0.029167
0 0.710938 0.540625 0.025781 0.031250
0 0.369531 0.504167 0.024219 0.034375
0 0.388281 0.570833 0.047656 0.076042
0 0.600000 0.477083 0.016406 0.031250
0 0.861719 0.547917 0.020313 0.035417
0 0.690625 0.526042 0.020313 0.031250
0 0.460156 0.502083 0.024219 0.031250
0 0.782031 0.781250 0.082812 0.129167
0 0.974219 0.570833 0.030469 0.042708
0 0.720313 0.607292 0.043750 0.062500
0 0.402344 0.500000 0.023438 0.025000
0 0.837500 0.542708 0.026562 0.038542
0 0.560937 0.518750 0.021875 0.029167
0 0.647656 0.609375 0.046094 0.065625
0 0.467969 0.521875 0.021094 0.029167
0 0.389844 0.510417 0.023438 0.037500
0 0.342187 0.519792 0.024219 0.028125
0 0.332031 0.632292 0.063281 0.098958
0 0.611719 0.595833 0.032813 0.043750
