0 0.590573 0.118136 0.012939 0.026622
0 0.922366 0.289517 0.029575 0.063228
0 0.864140 0.226290 0.023105 0.053245
0 0.448244 0.151414 0.015712 0.028286
0 0.552680 0.317804 0.032348 0.061564
0 0.462107 0.193012 0.015712 0.031614
0 0.289279 0.269551 0.016636 0.044925
0 0.766174 0.128120 0.014787 0.033278
0 0.374307 0.234609 0.020333 0.036606
0 0.326248 0.251248 0.015712 0.029950
0 0.564695 0.109817 0.016636 0.026622
0 0.748614 0.227953 0.025878 0.069884
0 0.082255 0.532446 0.064695 0.128120
0 0.921442 0.181364 0.014787 0.028286
0 0.809612 0.131448 0.015712 0.033278
0 0.648799 0.099834 0.017560 0.031614
0 0.485213 0.193012 0.023105 0.039933
0 0.776340 0.289517 0.029575 0.064892
0 0.260628 0.286190 0.021257 0.036606
0 0.918669 0.207987 0.018484 0.041597
0 0.790203 0.136439 0.013863 0.034942
0 0.344732 0.281198 0.020333 0.036606
0 0.891867 0.131448 0.012015 0.034942
0 0.810536 0.244592 0.027726 0.049917
0 0.756932 0.161398 0.017560 0.033278
0 0.860444 0.161398 0.016636 0.029950
0 0.489834 0.311148 0.031423 0.069884
0 0.672828 0.342762 0.036969 0.069884
0 0.641405 0.181364 0.024030 0.048253
0 0.422366 0.191348 0.019409 0.024958
0 0.375231 0.216306 0.014787 0.029950
0 0.707948 0.289517 0.027726 0.051581
0 0.585028 0.099834 0.014787 0.029950
0 0.844732 0.186356 0.018484 0.039933
0 0.409427 0.174709 0.015712 0.034942
0 0.743993 0.126456 0.014787 0.033278
0 0.316081 0.224626 0.016636 0.038270
0 0.586876 0.133111 0.013863 0.031614
0 0.918669 0.156406 0.013863 0.024958
0 0.409427 0.227953 0.018484 0.031614
0 0.562847 0.244592 0.023105 0.048253
0 0.740296 0.183028 0.025878 0.046589
0 0.617375 0.114809 0.016636 0.028286
0 0.819778 0.168053 0.017560 0.038270
0 0.347505 0.227953 0.019409 0.033278
0 0.684843 0.103161 0.013863 0.034942
0 0.400185 0.291181 0.024954 0.053245
0 0.377079 0.199667 0.012015 0.023295
0 0.881701 0.196339 0.020333 0.043261
0 0.719963 0.143095 0.021257 0.041597
0 0.604436 0.331115 0.033272 0.066556
0 0.480591 0.138103 0.012015 0.026622
0 0.531423 0.136439 0.020333 0.039933
0 0.635860 0.124792 0.015712 0.031614
0 0.734750 0.124792 0.016636 0.034942
0 0.624769 0.149750 0.018484 0.034942
0 0.621072 0.096506 0.014787 0.029950
0 0.490758 0.229617 0.024954 0.044925
0 0.322551 0.276206 0.018484 0.038270
0 0.710721 0.184692 0.019409 0.051581
0 0.865989 0.128120 0.015712 0.034942
0 0.533272 0.204659 0.022181 0.044925
0 0.665434 0.123128 0.012015 0.024958
0 0.683919 0.159734 0.025878 0.049917
0 0.658965 0.261231 0.024030 0.056572
0 0.658041 0.207987 0.023105 0.046589
0 0.602588 0.261231 0.026802 0.056572
0 0.580407 0.149750 0.015712 0.028286
0 0.449168 0.221298 0.017560 0.044925
0 0.467652 0.159734 0.014787 0.029950
0 0.546211 0.156406 0.017560 0.034942
0 0.301294 0.262895 0.019409 0.041597
