0 0.286250 0.373333 0.033750 0.057778
0 0.467500 0.340000 0.027500 0.055556
0 0.635000 0.540000 0.078750 0.142222
0 0.735000 0.388889 0.032500 0.075556
0 0.036250 0.502222 0.063750 0.093333
0 0.170000 0.440000 0.061250 0.108889
0 0.533750 0.420000 0.036250 0.073333
0 0.655000 0.360000 0.028750 0.060000
0 0.480000 0.591111 0.095000 0.186667
0 0.053750 0.413333 0.035000 0.071111
0 0.160000 0.362222 0.031250 0.060000
0 0.410000 0.484444 0.058750 0.120000
0 0.688750 0.428889 0.052500 0.100000
0 0.976250 0.488889 0.047500 0.151111
0 0.401250 0.386667 0.027500 0.077778
0 0.911250 0.415556 0.045000 0.086667
0 0.572500 0.337778 0.020000 0.053333
0 0.037500 0.357778 0.040000 0.062222
0 0.960000 0.444444 0.053750 0.120000
0 0.110000 0.428889 0.047500 0.100000
0 0.287500 0.548889 0.070000 0.133333
0 0.471250 0.397778 0.032500 0.073333
0 0.977500 0.377778 0.035000 0.077778
0 0.551250 0.333333 0.020000 0.044444
0 0.260000 0.697778 0.128750 0.222222
0 0.617500 0.397778 0.038750 0.077778
0 0.432500 0.384444 0.031250 0.057778
0 0.233750 0.408889 0.038750 0.082222
0 0.936250 0.388889 0.033750 0.080000
0 0.543750 0.382222 0.030000 0.046667
0 0.763750 0.440000 0.050000 0.104444
0 0.368750 0.360000 0.027500 0.055556
0 0.757500 0.353333 0.027500 0.068889
0 0.116250 0.371111 0.036250 0.071111
0 0.536250 0.342222 0.026250 0.042222
0 0.613750 0.355556 0.025000 0.046667
