0 0.165000 0.592000 0.052250 0.067667
0 0.361250 0.554667 0.052250 0.059667
0 0.874500 0.535000 0.044000 0.076667
0 0.900250 0.515333 0.024250 0.047333
0 0.524000 0.546000 0.034250 0.042333
0 0.602000 0.667333 0.099250 0.143333
0 0.788500 0.538000 0.032500 0.046333
0 0.697250 0.566333 0.056000 0.064667
0 0.934750 0.547333 0.038500 0.068667
0 0.846000 0.539000 0.034250 0.060333
0 0.939250 0.785333 0.120500 0.238333
0 0.511750 0.566667 0.053000 0.077667
0 0.242250 0.437667 0.035750 0.057333
0 0.297500 0.614333 0.067250 0.088000
0 0.704500 0.537000 0.032500 0.038333
0 0.770750 0.580000 0.054500 0.088000
