0 0.385900 0.201987 0.014842 0.024834
0 0.843228 0.157285 0.016698 0.036424
0 0.574212 0.153974 0.011132 0.029801
0 0.638219 0.107616 0.014842 0.023179
0 0.803340 0.130795 0.014842 0.033113
0 0.485158 0.216887 0.017625 0.038079
0 0.652134 0.180464 0.018553 0.039735
0 0.680891 0.152318 0.019481 0.033113
0 0.605751 0.124172 0.011132 0.021523
0 0.480519 0.307947 0.024119 0.054636
0 0.509276 0.225166 0.019481 0.039735
0 0.794991 0.177152 0.018553 0.038079
0 0.884972 0.170530 0.014842 0.034768
0 0.501855 0.168874 0.014842 0.023179
0 0.733766 0.170530 0.017625 0.039735
0 0.855288 0.220199 0.018553 0.041391
0 0.464750 0.238411 0.019481 0.046358
0 0.578850 0.127483 0.012059 0.023179
0 0.540816 0.289735 0.032468 0.064570
0 0.292208 0.268212 0.021336 0.038079
0 0.339518 0.276490 0.021336 0.036424
0 0.662338 0.119205 0.013915 0.028146
0 0.699443 0.225166 0.023191 0.046358
0 0.402597 0.178808 0.012059 0.026490
0 0.915584 0.198675 0.016698 0.039735
0 0.743970 0.109272 0.015770 0.034768
0 0.593692 0.359272 0.034323 0.066225
0 0.307978 0.236755 0.017625 0.029801
0 0.563080 0.248344 0.021336 0.046358
0 0.565863 0.175497 0.015770 0.036424
0 0.481447 0.137417 0.009276 0.019868
0 0.894249 0.139073 0.016698 0.033113
0 0.615028 0.145695 0.016698 0.038079
0 0.859926 0.129139 0.013915 0.029801
0 0.273655 0.274834 0.017625 0.036424
0 0.461039 0.195364 0.016698 0.033113
0 0.756957 0.125828 0.017625 0.036424
0 0.554731 0.114238 0.011132 0.026490
0 0.730056 0.129139 0.014842 0.044702
0 0.697588 0.178808 0.017625 0.043046
0 0.659555 0.210265 0.022263 0.043046
0 0.742115 0.140728 0.017625 0.039735
0 0.365492 0.220199 0.016698 0.033113
0 0.615955 0.107616 0.011132 0.023179
0 0.684601 0.104305 0.012987 0.033113
0 0.880334 0.201987 0.015770 0.031457
0 0.437848 0.201987 0.018553 0.029801
0 0.526902 0.142384 0.015770 0.028146
0 0.470315 0.147351 0.009276 0.018212
0 0.692950 0.147351 0.015770 0.029801
0 0.652134 0.256623 0.024119 0.051325
0 0.613173 0.254967 0.022263 0.044702
0 0.589981 0.104305 0.012987 0.023179
0 0.053803 0.556291 0.052876 0.105960
0 0.256957 0.271523 0.013915 0.033113
0 0.541744 0.162252 0.014842 0.036424
0 0.732839 0.200331 0.022263 0.044702
0 0.341373 0.228477 0.016698 0.034768
0 0.788497 0.122517 0.014842 0.026490
0 0.453618 0.162252 0.014842 0.021523
0 0.602041 0.218543 0.023191 0.044702
0 0.444341 0.228477 0.020408 0.036424
0 0.474026 0.168874 0.012987 0.026490
0 0.810761 0.173841 0.012059 0.033113
0 0.835807 0.185430 0.015770 0.041391
0 0.855288 0.145695 0.016698 0.029801
0 0.314471 0.278146 0.018553 0.034768
0 0.705937 0.139073 0.013915 0.034768
0 0.425788 0.178808 0.017625 0.033113
0 0.376623 0.213576 0.015770 0.034768
0 0.668831 0.342715 0.037106 0.077815
0 0.923006 0.167219 0.013915 0.033113
0 0.448980 0.144040 0.009276 0.024834
0 0.755102 0.235099 0.021336 0.054636
0 0.775510 0.298013 0.028757 0.057947
0 0.788497 0.140728 0.012987 0.033113
0 0.822820 0.139073 0.015770 0.034768
0 0.632653 0.124172 0.012987 0.024834
