0 0.508000 0.606933 0.058400 0.107733
0 0.646800 0.507200 0.061200 0.125867
0 0.568800 0.316800 0.046000 0.085867
0 0.580000 0.404267 0.052800 0.097600
0 0.463200 0.313067 0.044400 0.083200
0 0.596000 0.349867 0.044400 0.079467
0 0.224000 0.337067 0.051200 0.065600
0 0.432400 0.633067 0.062800 0.119467
0 0.281600 0.310400 0.048800 0.082667
0 0.516000 0.325333 0.049200 0.074133
0 0.877600 0.557333 0.082000 0.122667
0 0.853200 0.430933 0.076800 0.109867
0 0.164000 0.303467 0.060400 0.090667
0 0.648400 0.346133 0.046800 0.091733
0 0.403600 0.290667 0.056000 0.091200
0 0.704800 0.371200 0.041200 0.070400
0 0.331600 0.312000 0.048400 0.073600
0 0.769200 0.575467 0.074000 0.122133
0 0.712400 0.556800 0.056400 0.107733
