0 0.250000 0.412698 0.056667 0.108466
0 0.235000 0.343915 0.030000 0.042328
0 0.393333 0.373016 0.038333 0.074074
0 0.021667 0.365079 0.040000 0.071429
0 0.030000 0.515873 0.056667 0.140212
0 0.283333 0.349206 0.036667 0.055556
0 0.131667 0.391534 0.053333 0.074074
0 0.775000 0.269841 0.070000 0.121693
0 0.220000 0.380952 0.035000 0.071429
0 0.105000 0.367725 0.031667 0.058201
0 0.323333 0.349206 0.025000 0.042328
0 0.206667 0.351852 0.026667 0.037037
0 0.313333 0.362434 0.035000 0.058201
0 0.416667 0.367725 0.038333 0.079365
0 0.065000 0.383598 0.041667 0.082011
0 0.503333 0.357143 0.030000 0.050265
0 0.165000 0.447090 0.081667 0.126984
0 0.318333 0.404762 0.058333 0.082011
