0 0.103333 0.553333 0.114444 0.151667
0 0.268889 0.695000 0.123333 0.226667
0 0.268889 0.431667 0.082222 0.133333
0 0.985556 0.325000 0.028889 0.106667
0 0.435556 0.456667 0.083333 0.126667
0 0.596667 0.165000 0.042222 0.073333
0 0.198889 0.491667 0.085556 0.153333
0 0.695556 0.418333 0.053333 0.106667
0 0.776667 0.613333 0.091111 0.163333
0 0.728889 0.293333 0.051111 0.080000
0 0.352222 0.235000 0.043333 0.086667
0 0.290000 0.510000 0.081111 0.136667
0 0.878889 0.296667 0.071111 0.103333
0 0.526667 0.153333 0.052222 0.083333
0 0.344444 0.326667 0.067778 0.116667
0 0.901111 0.700000 0.076667 0.173333
0 0.298889 0.243333 0.041111 0.065000
0 0.618889 0.593333 0.095556 0.208333
0 0.821111 0.466667 0.071111 0.126667
0 0.175556 0.390000 0.070000 0.116667
0 0.283333 0.376667 0.048889 0.080000
0 0.746667 0.446667 0.067778 0.123333
0 0.594444 0.273333 0.053333 0.106667
0 0.523333 0.386667 0.075556 0.150000
0 0.887778 0.468333 0.068889 0.113333
0 0.342222 0.156667 0.033333 0.060000
0 0.582222 0.506667 0.066667 0.136667
0 0.402222 0.618333 0.097778 0.196667
0 0.647778 0.453333 0.067778 0.113333
0 0.483333 0.261667 0.057778 0.108333
0 0.064444 0.385000 0.082222 0.113333
0 0.748889 0.361667 0.052222 0.078333
0 0.103333 0.820000 0.201111 0.346667
0 0.384444 0.150000 0.042222 0.085000
0 0.235556 0.326667 0.055556 0.086667
