0 0.861489 0.272855 0.016013 0.033755
0 0.469175 0.298172 0.017614 0.030942
0 0.579664 0.434599 0.030424 0.073136
0 0.217774 0.351617 0.020817 0.037975
0 0.686149 0.337553 0.021617 0.045007
0 0.892714 0.383966 0.016813 0.040788
0 0.592474 0.216596 0.010408 0.023910
0 0.654123 0.205345 0.012010 0.023910
0 0.570857 0.230661 0.013611 0.026723
0 0.752602 0.243319 0.014412 0.026723
0 0.379504 0.320675 0.018415 0.029536
0 0.444355 0.251758 0.012810 0.023910
0 0.616493 0.198312 0.012010 0.026723
0 0.668535 0.313643 0.021617 0.037975
0 0.540432 0.240506 0.017614 0.033755
0 0.578863 0.395218 0.021617 0.035162
0 0.404323 0.288326 0.017614 0.028129
0 0.825460 0.253165 0.017614 0.026723
0 0.847878 0.343179 0.021617 0.043601
0 0.706165 0.454290 0.036829 0.066104
0 0.662130 0.218003 0.011209 0.029536
0 0.590873 0.241913 0.014412 0.032349
0 0.440352 0.237693 0.010408 0.023910
0 0.633307 0.239100 0.018415 0.032349
0 0.264211 0.330520 0.024019 0.042194
0 0.892714 0.448664 0.024019 0.054852
0 0.795837 0.344585 0.019215 0.050633
0 0.801441 0.291139 0.014412 0.033755
0 0.528423 0.340366 0.021617 0.042194
0 0.293835 0.343179 0.024019 0.039381
0 0.602082 0.192686 0.013611 0.028129
0 0.644516 0.322082 0.020817 0.037975
0 0.564452 0.202532 0.016813 0.023910
0 0.356285 0.282700 0.016013 0.030942
0 0.853483 0.241913 0.013611 0.035162
0 0.794235 0.502110 0.029624 0.070323
0 0.352282 0.317862 0.017614 0.030942
0 0.752602 0.282700 0.020016 0.039381
0 0.511609 0.240506 0.013611 0.026723
0 0.829464 0.417722 0.027222 0.057665
0 0.479584 0.285513 0.018415 0.036568
0 0.848679 0.306610 0.016013 0.036568
0 0.435548 0.291139 0.019215 0.030942
0 0.767014 0.258790 0.014412 0.035162
0 0.916733 0.292546 0.015212 0.028129
0 0.457166 0.264416 0.015212 0.026723
0 0.921537 0.260197 0.015212 0.036568
0 0.330665 0.348805 0.025620 0.036568
0 0.666934 0.253165 0.015212 0.033755
0 0.911129 0.361463 0.019215 0.045007
0 0.860689 0.362869 0.017614 0.043601
0 0.650921 0.375527 0.027222 0.060478
0 0.552442 0.265823 0.017614 0.032349
0 0.502802 0.324895 0.023219 0.046414
0 0.461970 0.232068 0.015212 0.030942
0 0.622098 0.289733 0.023219 0.037975
0 0.403523 0.320675 0.021617 0.033755
0 0.714171 0.275668 0.016813 0.035162
0 0.593275 0.315049 0.024820 0.047820
0 0.730184 0.392405 0.024019 0.049226
0 0.826261 0.306610 0.017614 0.039381
0 0.870296 0.310830 0.019215 0.040788
0 0.448359 0.323488 0.023219 0.037975
0 0.765412 0.226442 0.015212 0.030942
0 0.397118 0.232068 0.015212 0.030942
0 0.844676 0.263010 0.012810 0.037975
0 0.126501 0.485232 0.054444 0.094233
0 0.550040 0.218003 0.013611 0.029536
0 0.793435 0.248945 0.017614 0.023910
0 0.635709 0.448664 0.034428 0.068917
0 0.725380 0.247539 0.016013 0.040788
0 0.673339 0.215190 0.013611 0.029536
0 0.694155 0.236287 0.017614 0.035162
0 0.405925 0.254571 0.017614 0.030942
0 0.285028 0.295359 0.022418 0.035162
0 0.575661 0.241913 0.015212 0.029536
0 0.490793 0.374121 0.021617 0.052039
0 0.723779 0.210970 0.013611 0.028129
0 0.538831 0.392405 0.027222 0.050633
0 0.904724 0.316456 0.019215 0.040788
0 0.525220 0.261603 0.016013 0.036568
0 0.921537 0.316456 0.013611 0.039381
