0 0.195312 0.526462 0.048438 0.103064
0 0.273438 0.545961 0.037500 0.103064
0 0.089063 0.551532 0.059375 0.103064
0 0.148438 0.596100 0.054688 0.100279
0 0.343750 0.548747 0.045312 0.094708
0 0.025000 0.512535 0.037500 0.094708
0 0.510938 0.543175 0.056250 0.108635
0 0.414062 0.582173 0.062500 0.111421
0 0.082812 0.657382 0.070312 0.136490
0 0.250000 0.551532 0.054688 0.094708
0 0.571875 0.576602 0.046875 0.091922
0 0.873437 0.440111 0.050000 0.103064
0 0.326562 0.593315 0.062500 0.119777
0 0.135937 0.520891 0.048438 0.083565
0 0.421875 0.526462 0.053125 0.097493
