0 0.631011 0.136126 0.013739 0.029668
0 0.581943 0.118674 0.010795 0.031414
0 0.615309 0.169284 0.014720 0.029668
0 0.867517 0.268761 0.017664 0.045375
0 0.364082 0.268761 0.026497 0.036649
0 0.671246 0.108202 0.013739 0.026178
0 0.903827 0.342059 0.023553 0.059337
0 0.685967 0.120419 0.013739 0.027923
0 0.581943 0.239092 0.021590 0.027923
0 0.863592 0.181501 0.014720 0.034904
0 0.614328 0.296684 0.038273 0.062827
0 0.482826 0.160558 0.019627 0.027923
0 0.842983 0.235602 0.017664 0.036649
0 0.271835 0.223386 0.019627 0.036649
0 0.625123 0.118674 0.009814 0.019197
0 0.427870 0.148342 0.013739 0.026178
0 0.893032 0.151832 0.012758 0.026178
0 0.516192 0.181501 0.016683 0.038394
0 0.498528 0.148342 0.013739 0.027923
0 0.955839 0.214660 0.016683 0.027923
0 0.677134 0.219895 0.017664 0.031414
0 0.519136 0.129145 0.017664 0.027923
0 0.427870 0.216405 0.014720 0.031414
0 0.339549 0.233857 0.018646 0.036649
0 0.789990 0.223386 0.022571 0.036649
0 0.531894 0.143106 0.017664 0.029668
0 0.711482 0.186736 0.016683 0.031414
0 0.934249 0.232112 0.012758 0.033159
0 0.472031 0.134380 0.015702 0.033159
0 0.821394 0.298429 0.027478 0.055846
0 0.786065 0.139616 0.009814 0.026178
0 0.424926 0.171030 0.015702 0.031414
0 0.574092 0.277487 0.026497 0.052356
0 0.385672 0.191972 0.015702 0.041885
0 0.954858 0.179756 0.016683 0.036649
0 0.607458 0.101222 0.013739 0.017452
0 0.681060 0.260035 0.026497 0.040140
0 0.582924 0.174520 0.011776 0.029668
0 0.934249 0.307155 0.018646 0.038394
0 0.816487 0.141361 0.009814 0.033159
0 0.760550 0.174520 0.010795 0.024433
0 0.725221 0.150087 0.014720 0.031414
0 0.534838 0.200698 0.014720 0.038394
0 0.497547 0.127400 0.014720 0.019197
0 0.796860 0.158813 0.011776 0.026178
0 0.629048 0.202443 0.017664 0.031414
0 0.470069 0.198953 0.015702 0.033159
0 0.736997 0.261780 0.018646 0.047120
0 0.654563 0.115183 0.009814 0.022688
0 0.482826 0.223386 0.022571 0.029668
0 0.846909 0.204188 0.018646 0.029668
0 0.907753 0.207679 0.015702 0.029668
0 0.714426 0.109948 0.016683 0.038394
0 0.409225 0.273997 0.017664 0.036649
0 0.722277 0.242583 0.013739 0.038394
0 0.912659 0.260035 0.016683 0.040140
0 0.914622 0.155323 0.010795 0.029668
0 0.368989 0.195462 0.017664 0.040140
0 0.858685 0.155323 0.010795 0.031414
0 0.605496 0.120419 0.010795 0.019197
0 0.844946 0.155323 0.015702 0.031414
