0 0.974576 0.617857 0.046610 0.085714
0 0.211864 0.657143 0.044492 0.089286
0 0.569915 0.617857 0.048729 0.082143
0 0.150424 0.696429 0.076271 0.135714
0 0.360169 0.617857 0.036017 0.057143
0 0.641949 0.600000 0.023305 0.053571
0 0.165254 0.578571 0.027542 0.057143
0 0.048729 0.607143 0.036017 0.060714
0 0.502119 0.578571 0.033898 0.060714
0 0.805085 0.550000 0.025424 0.046429
0 0.934322 0.789286 0.108051 0.192857
0 0.675847 0.575000 0.031780 0.053571
0 0.408898 0.650000 0.048729 0.085714
0 0.502119 0.635714 0.046610 0.071429
0 0.703390 0.550000 0.019068 0.032143
0 0.027542 0.575000 0.033898 0.053571
0 0.548729 0.842857 0.148305 0.246429
0 0.786017 0.685714 0.063559 0.128571
0 0.309322 0.675000 0.067797 0.110714
0 0.849576 0.614286 0.038136 0.078571
0 0.260593 0.600000 0.031780 0.057143
0 0.707627 0.782143 0.099576 0.164286
0 0.703390 0.589286 0.023305 0.042857
0 0.296610 0.571429 0.021186 0.042857
0 0.023305 0.625000 0.042373 0.082143
0 0.620763 0.571429 0.027542 0.050000
0 0.084746 0.671429 0.048729 0.092857
0 0.224576 0.592857 0.029661 0.046429
0 0.739407 0.571429 0.023305 0.039286
0 0.546610 0.578571 0.025424 0.050000
0 0.858051 0.557143 0.023305 0.053571
0 0.097458 0.571429 0.029661 0.053571
0 0.451271 0.582143 0.033898 0.053571
0 0.877119 0.600000 0.036017 0.075000
