0 0.603750 0.816667 0.073750 0.116667
0 0.242500 0.926667 0.148750 0.146667
0 0.745000 0.926667 0.151250 0.146667
0 0.882500 0.936667 0.082500 0.108333
0 0.300000 0.811667 0.081250 0.103333
0 0.796250 0.500000 0.058750 0.100000
0 0.142500 0.918333 0.122500 0.150000
0 0.438750 0.910000 0.108750 0.165000
0 0.955000 0.923333 0.088750 0.140000
0 0.117500 0.770000 0.075000 0.101667
0 0.828750 0.803333 0.068750 0.090000
0 0.258750 0.506667 0.065000 0.090000
0 0.386250 0.836667 0.083750 0.120000
0 0.523750 0.825000 0.093750 0.113333
0 0.516250 0.495000 0.067500 0.088333
0 0.640000 0.760000 0.071250 0.121667
0 0.603750 0.918333 0.133750 0.151667
0 0.962500 0.845000 0.072500 0.116667
0 0.536250 0.896667 0.086250 0.155000
0 0.818750 0.868333 0.077500 0.108333
