0 0.644250 0.206655 0.018519 0.042032
0 0.358674 0.236427 0.018519 0.045534
0 0.497076 0.154116 0.016569 0.035026
0 0.468811 0.155867 0.024366 0.038529
0 0.410331 0.245184 0.023392 0.033275
0 0.201754 0.430823 0.045809 0.068301
0 0.641326 0.049037 0.012671 0.031524
0 0.559454 0.189142 0.022417 0.036778
0 0.307018 0.218914 0.018519 0.042032
0 0.466862 0.197898 0.022417 0.035026
0 0.420078 0.154116 0.012671 0.029772
0 0.543860 0.154116 0.021442 0.040280
0 0.940546 0.201401 0.015595 0.042032
0 0.632554 0.234676 0.018519 0.052539
0 0.911306 0.336252 0.033138 0.070053
0 0.963938 0.187391 0.014620 0.035026
0 0.417154 0.210158 0.018519 0.040280
0 0.893762 0.245184 0.023392 0.059545
0 0.433723 0.157618 0.012671 0.038529
0 0.904483 0.197898 0.016569 0.040280
0 0.923977 0.246935 0.020468 0.050788
0 0.332359 0.229422 0.016569 0.038529
0 0.398635 0.208406 0.017544 0.036778
