0 0.078906 0.519792 0.066406 0.128125
0 0.550000 0.528125 0.064844 0.106250
0 0.816406 0.428125 0.040625 0.065625
0 0.653125 0.502083 0.060156 0.098958
0 0.408594 0.427083 0.044531 0.068750
0 0.518750 0.443750 0.047656 0.063542
0 0.417969 0.497917 0.052344 0.085417
0 0.585156 0.431250 0.042969 0.064583
0 0.642188 0.455208 0.046875 0.060417
0 0.696094 0.413542 0.041406 0.058333
0 0.382812 0.359375 0.027344 0.037500
0 0.614062 0.423958 0.035156 0.063542
0 0.231250 0.506250 0.057031 0.092708
0 0.499219 0.494792 0.057031 0.085417
0 0.382812 0.332292 0.028125 0.037500
0 0.707031 0.459375 0.047656 0.060417
0 0.657813 0.389583 0.030469 0.043750
0 0.957031 0.428125 0.049219 0.069792
0 0.784375 0.483333 0.065625 0.111458
0 0.322656 0.544792 0.075000 0.112500
0 0.119531 0.579167 0.082812 0.116667
0 0.753125 0.415625 0.032031 0.048958
