0 0.075630 0.359551 0.037348 0.077047
0 0.616246 0.298555 0.028945 0.062600
0 0.273576 0.194222 0.016807 0.040128
0 0.586368 0.272873 0.028011 0.062600
0 0.472456 0.178170 0.024276 0.060995
0 0.634921 0.184591 0.028011 0.057785
0 0.285714 0.221509 0.021475 0.056180
0 0.569561 0.157303 0.026144 0.054575
0 0.752568 0.351525 0.044818 0.093098
0 0.309057 0.189406 0.015873 0.035313
0 0.322129 0.181380 0.018674 0.036918
0 0.423903 0.224719 0.019608 0.044944
0 0.512605 0.154093 0.023343 0.048154
0 0.394958 0.203852 0.028945 0.057785
