0 0.390359 0.193388 0.016068 0.028099
0 0.756144 0.150413 0.017013 0.031405
0 0.532136 0.137190 0.015123 0.024793
0 0.762760 0.105785 0.018904 0.031405
0 0.585066 0.165289 0.015123 0.029752
0 0.723062 0.282645 0.026465 0.052893
0 0.244802 0.378512 0.043478 0.099174
0 0.720227 0.158678 0.013233 0.031405
0 0.431002 0.284298 0.021739 0.047934
0 0.475425 0.203306 0.015123 0.029752
0 0.779773 0.307438 0.029301 0.044628
0 0.716446 0.056198 0.014178 0.028099
0 0.525520 0.208264 0.017013 0.031405
0 0.666352 0.264463 0.026465 0.049587
0 0.427221 0.219835 0.014178 0.031405
0 0.564272 0.152066 0.012287 0.028099
0 0.287335 0.256198 0.017958 0.042975
0 0.806238 0.185124 0.019849 0.036364
0 0.300567 0.183471 0.016068 0.033058
0 0.474480 0.153719 0.014178 0.023140
0 0.511342 0.176860 0.015123 0.026446
0 0.714556 0.185124 0.018904 0.041322
0 0.819471 0.127273 0.013233 0.033058
0 0.577505 0.114050 0.014178 0.024793
0 0.880907 0.231405 0.020794 0.049587
0 0.457467 0.142149 0.011342 0.024793
0 0.698488 0.095868 0.011342 0.031405
0 0.689981 0.158678 0.017013 0.033058
0 0.451796 0.190083 0.016068 0.031405
0 0.487713 0.133884 0.014178 0.021488
0 0.616257 0.249587 0.017013 0.039669
0 0.209830 0.454545 0.043478 0.100826
0 0.452741 0.229752 0.017013 0.038017
0 0.485822 0.323967 0.025520 0.042975
0 0.484877 0.168595 0.015123 0.021488
0 0.768431 0.173554 0.017013 0.029752
0 0.855388 0.200000 0.017958 0.038017
