0 0.340076 0.382022 0.032870 0.076404
0 0.620733 0.400000 0.026549 0.071910
0 0.211125 0.420225 0.041719 0.085393
0 0.434893 0.408989 0.039191 0.076404
0 0.289507 0.373034 0.026549 0.062921
0 0.189633 0.370787 0.027813 0.069663
0 0.714286 0.391011 0.031606 0.060674
0 0.811631 0.402247 0.037927 0.069663
0 0.599241 0.384270 0.034134 0.087640
0 0.068268 0.393258 0.040455 0.067416
0 0.567636 0.408989 0.058154 0.110112
0 0.410872 0.384270 0.031606 0.062921
0 0.118837 0.377528 0.067004 0.128090
0 0.652339 0.373034 0.035398 0.071910
0 0.016435 0.370787 0.030341 0.056180
0 0.895070 0.411236 0.065740 0.123596
