0 0.478838 0.301700 0.018257 0.035411
0 0.624896 0.424929 0.036515 0.062323
0 0.759336 0.269122 0.013278 0.031161
0 0.853942 0.451841 0.029876 0.058074
0 0.682158 0.225212 0.015768 0.032578
0 0.577593 0.218130 0.010788 0.024079
0 0.853942 0.254958 0.014108 0.035411
0 0.381743 0.321530 0.018257 0.043909
0 0.948548 0.281870 0.015768 0.031161
0 0.751037 0.253541 0.011618 0.022663
0 0.392531 0.338527 0.019917 0.033994
0 0.720332 0.502833 0.045643 0.084986
0 0.545228 0.366856 0.025726 0.048159
0 0.673859 0.365439 0.027386 0.052408
0 0.695436 0.225212 0.014108 0.028329
0 0.655602 0.247875 0.014108 0.028329
0 0.414938 0.335694 0.021577 0.038244
0 0.294606 0.361190 0.024066 0.043909
0 0.919502 0.461756 0.034855 0.072238
0 0.671369 0.458924 0.034855 0.072238
0 0.553527 0.267705 0.019917 0.035411
0 0.476349 0.235127 0.016598 0.026912
0 0.641494 0.303116 0.024066 0.041076
0 0.526971 0.311615 0.023237 0.042493
0 0.606639 0.325779 0.024066 0.045326
0 0.711203 0.257790 0.015768 0.029745
0 0.476349 0.264873 0.017427 0.031161
0 0.819917 0.335694 0.018257 0.035411
0 0.909544 0.287535 0.018257 0.039660
0 0.819087 0.366856 0.020747 0.042493
0 0.783402 0.252125 0.016598 0.035411
0 0.514523 0.253541 0.014108 0.026912
0 0.843983 0.507082 0.038174 0.075071
0 0.925311 0.393768 0.025726 0.060907
0 0.653942 0.332861 0.024896 0.052408
0 0.699585 0.342776 0.020747 0.050992
0 0.855602 0.313031 0.019087 0.039660
0 0.796680 0.398017 0.029876 0.053824
0 0.775104 0.280453 0.019917 0.036827
0 0.870539 0.259207 0.013278 0.031161
0 0.527801 0.246459 0.014108 0.025496
0 0.868880 0.403683 0.025726 0.060907
0 0.507884 0.388102 0.029046 0.058074
0 0.525311 0.273371 0.017427 0.029745
0 0.943568 0.314448 0.019917 0.028329
0 0.455602 0.337110 0.021577 0.046742
0 0.883817 0.307365 0.016598 0.038244
0 0.294606 0.297450 0.020747 0.041076
0 0.589212 0.415014 0.028216 0.053824
0 0.362656 0.290368 0.015768 0.035411
0 0.409129 0.277620 0.017427 0.028329
0 0.236515 0.334278 0.019087 0.035411
0 0.544398 0.246459 0.014938 0.032578
0 0.404149 0.252125 0.014938 0.026912
0 0.752697 0.222380 0.014938 0.028329
0 0.162656 0.461756 0.048133 0.093484
0 0.819917 0.245042 0.014108 0.028329
0 0.267220 0.344193 0.024066 0.049575
0 0.681328 0.270538 0.023237 0.036827
0 0.725311 0.284703 0.019917 0.036827
0 0.891286 0.349858 0.021577 0.048159
0 0.750207 0.395184 0.035685 0.056657
0 0.620747 0.201133 0.012448 0.029745
0 0.341909 0.365439 0.026556 0.046742
0 0.450622 0.303116 0.024066 0.032578
0 0.884647 0.252125 0.014108 0.038244
0 0.818257 0.277620 0.019087 0.038244
0 0.437344 0.276204 0.016598 0.031161
0 0.463900 0.245042 0.019087 0.033994
0 0.865560 0.284703 0.014108 0.041076
0 0.609959 0.218130 0.014108 0.028329
0 0.790871 0.233711 0.017427 0.038244
0 0.571784 0.246459 0.015768 0.029745
0 0.829046 0.303116 0.017427 0.032578
0 0.418257 0.294618 0.017427 0.029745
0 0.935270 0.321530 0.018257 0.035411
0 0.552697 0.403683 0.031535 0.060907
