0 0.703125 0.371765 0.035937 0.058824
0 0.415625 0.336471 0.040625 0.070588
0 0.328125 0.371765 0.054688 0.103529
0 0.626563 0.364706 0.042188 0.082353
0 0.257812 0.327059 0.043750 0.087059
0 0.507812 0.341176 0.031250 0.061176
0 0.476562 0.367059 0.045312 0.070588
0 0.984375 0.411765 0.029687 0.094118
0 0.818750 0.381176 0.034375 0.072941
0 0.918750 0.390588 0.031250 0.070588
0 0.112500 0.310588 0.046875 0.082353
0 0.735938 0.442353 0.065625 0.112941
0 0.014063 0.301176 0.025000 0.094118
0 0.192188 0.432941 0.106250 0.185882
