0 0.792377 0.263339 0.028084 0.058520
0 0.928786 0.141136 0.016048 0.025818
0 0.703109 0.061962 0.016048 0.030981
0 0.428285 0.154905 0.014042 0.024096
0 0.474423 0.215146 0.020060 0.043029
0 0.580742 0.122203 0.014042 0.027539
0 0.700100 0.316695 0.035105 0.060241
0 0.549649 0.320138 0.028084 0.048193
0 0.695085 0.180723 0.028084 0.053356
0 0.628887 0.254733 0.020060 0.049914
0 0.499498 0.308090 0.026078 0.044750
0 0.756269 0.111876 0.029087 0.044750
0 0.955868 0.149742 0.012036 0.032702
0 0.601805 0.115318 0.015045 0.024096
0 0.362086 0.220310 0.015045 0.030981
0 0.854564 0.292599 0.031093 0.061962
0 0.401204 0.261618 0.018054 0.041308
0 0.926780 0.299484 0.027081 0.060241
0 0.368104 0.135972 0.020060 0.029260
