0 0.772686 0.158147 0.013749 0.027157
0 0.754354 0.153355 0.015582 0.020767
0 0.672777 0.127796 0.010999 0.027157
0 0.459212 0.228435 0.017415 0.041534
0 0.892759 0.263578 0.019248 0.031949
0 0.652612 0.153355 0.014665 0.022364
0 0.440880 0.214058 0.017415 0.041534
0 0.874427 0.193291 0.012832 0.027157
0 0.637030 0.148562 0.011916 0.035144
0 0.894592 0.226837 0.016499 0.033546
0 0.827681 0.263578 0.018332 0.044728
0 0.922090 0.255591 0.017415 0.038339
0 0.943171 0.207668 0.014665 0.035144
0 0.612282 0.118211 0.012832 0.025559
