0 0.525920 0.247143 0.010870 0.028571
0 0.868729 0.368571 0.018395 0.055714
0 0.583612 0.257143 0.012542 0.032857
0 0.607860 0.217143 0.010870 0.030000
0 0.778428 0.421429 0.025084 0.055714
0 0.388796 0.260000 0.011706 0.027143
0 0.429766 0.234286 0.011706 0.025714
0 0.466555 0.401429 0.027592 0.057143
0 0.780100 0.281429 0.014214 0.035714
0 0.439799 0.264286 0.015050 0.034286
0 0.601171 0.245714 0.012542 0.027143
0 0.643813 0.221429 0.012542 0.025714
0 0.648829 0.340000 0.018395 0.045714
0 0.251672 0.367143 0.015886 0.044286
0 0.882943 0.254286 0.010033 0.028571
0 0.291806 0.355714 0.020067 0.041429
0 0.661371 0.205714 0.009197 0.022857
0 0.825251 0.304286 0.013378 0.038571
0 0.817726 0.360000 0.017559 0.045714
0 0.706522 0.241429 0.012542 0.031429
0 0.645485 0.464286 0.033445 0.065714
0 0.860368 0.275714 0.015050 0.035714
0 0.920569 0.320000 0.015886 0.038571
0 0.748328 0.242857 0.014214 0.035714
0 0.535953 0.347143 0.022575 0.048571
0 0.792642 0.245714 0.015050 0.030000
0 0.890468 0.331429 0.016722 0.040000
0 0.710702 0.478571 0.031773 0.084286
0 0.902174 0.278571 0.012542 0.031429
0 0.566890 0.214286 0.009197 0.022857
0 0.600334 0.397143 0.023411 0.060000
0 0.831104 0.278571 0.015050 0.032857
0 0.727425 0.404286 0.025084 0.050000
0 0.546823 0.244286 0.014214 0.031429
0 0.785953 0.244286 0.012542 0.035714
0 0.842809 0.521429 0.025920 0.068571
0 0.410535 0.297143 0.013378 0.031429
0 0.603679 0.434286 0.026756 0.070000
0 0.612876 0.204286 0.010033 0.024286
0 0.846990 0.318571 0.015050 0.040000
0 0.866221 0.267143 0.011706 0.032857
0 0.358696 0.322857 0.014214 0.031429
0 0.733278 0.282857 0.015050 0.035714
0 0.436455 0.304286 0.016722 0.038571
0 0.386288 0.328571 0.017559 0.038571
0 0.913043 0.457143 0.024247 0.064286
0 0.520903 0.272857 0.015050 0.034286
0 0.630435 0.214286 0.013378 0.024286
0 0.012542 0.420000 0.024247 0.052857
0 0.945652 0.278571 0.010870 0.024286
0 0.899666 0.307143 0.015050 0.034286
0 0.408863 0.334286 0.018395 0.038571
0 0.406355 0.265714 0.014214 0.028571
0 0.766722 0.261429 0.013378 0.032857
0 0.227425 0.334286 0.015050 0.032857
0 0.843645 0.335714 0.015050 0.041429
0 0.493311 0.261429 0.015050 0.034286
0 0.353679 0.288571 0.012542 0.031429
0 0.600334 0.331429 0.020903 0.044286
0 0.637960 0.292857 0.018395 0.038571
0 0.692308 0.295714 0.016722 0.038571
0 0.548495 0.400000 0.026756 0.054286
0 0.474916 0.297143 0.015886 0.034286
0 0.748328 0.258571 0.013378 0.034286
0 0.680602 0.227143 0.011706 0.027143
0 0.695652 0.350000 0.020067 0.044286
0 0.475753 0.234286 0.011706 0.025714
0 0.473244 0.262857 0.013378 0.028571
0 0.501672 0.315714 0.017559 0.040000
0 0.704013 0.218571 0.011706 0.027143
0 0.768395 0.232857 0.012542 0.031429
0 0.942308 0.302857 0.011706 0.035714
0 0.556020 0.277143 0.011706 0.034286
0 0.679766 0.260000 0.015050 0.032857
0 0.575251 0.245714 0.012542 0.030000
0 0.331104 0.351429 0.020067 0.042857
0 0.935619 0.347143 0.018395 0.042857
0 0.448161 0.341429 0.020903 0.045714
0 0.643813 0.244286 0.014214 0.028571
0 0.848662 0.251429 0.010870 0.030000
0 0.283445 0.302857 0.014214 0.031429
