0 0.926564 0.232372 0.017226 0.040064
0 0.673617 0.346154 0.031732 0.073718
0 0.544878 0.139423 0.013599 0.027244
0 0.321850 0.221154 0.019039 0.043269
0 0.283772 0.213141 0.017226 0.036859
0 0.922937 0.285256 0.023572 0.040064
0 0.502267 0.120192 0.012693 0.030449
0 0.773345 0.355769 0.029918 0.065705
0 0.788758 0.216346 0.019946 0.044872
0 0.453309 0.144231 0.017226 0.030449
0 0.592928 0.129808 0.013599 0.032051
0 0.562103 0.145833 0.011786 0.028846
0 0.536718 0.177885 0.017226 0.038462
0 0.883046 0.230769 0.019039 0.044872
0 0.417951 0.193910 0.019039 0.036859
0 0.751587 0.131410 0.017226 0.033654
0 0.728015 0.214744 0.023572 0.046474
0 0.599275 0.108974 0.012693 0.030449
0 0.417044 0.158654 0.017226 0.035256
0 0.619220 0.246795 0.024479 0.054487
0 0.828649 0.302885 0.022665 0.064103
0 0.524932 0.155449 0.015413 0.036859
0 0.347235 0.232372 0.019039 0.046474
0 0.304624 0.225962 0.018132 0.036859
0 0.778785 0.131410 0.013599 0.027244
0 0.746147 0.153846 0.017226 0.036859
0 0.855848 0.269231 0.019039 0.044872
0 0.916591 0.330128 0.026292 0.062500
0 0.786038 0.286859 0.021759 0.062500
0 0.385313 0.195513 0.019946 0.040064
0 0.832276 0.240385 0.021759 0.052885
0 0.485947 0.157051 0.019039 0.035256
0 0.701723 0.110577 0.013599 0.032051
0 0.415231 0.248397 0.020852 0.046474
0 0.499547 0.176282 0.019039 0.036859
0 0.192203 0.368590 0.044424 0.089744
0 0.698096 0.157051 0.017226 0.043269
0 0.737081 0.142628 0.015413 0.030449
0 0.663645 0.262821 0.021759 0.049679
0 0.329102 0.177885 0.018132 0.038462
0 0.622847 0.198718 0.018132 0.040064
0 0.432457 0.169872 0.019039 0.036859
0 0.726201 0.283654 0.025385 0.056090
0 0.368994 0.182692 0.019039 0.040064
0 0.621940 0.120192 0.015413 0.027244
0 0.602901 0.310897 0.029918 0.075321
0 0.351768 0.187500 0.018132 0.036859
0 0.370807 0.246795 0.019946 0.044872
0 0.524932 0.120192 0.014506 0.030449
0 0.505893 0.141026 0.012693 0.032051
0 0.756120 0.198718 0.019946 0.046474
0 0.677244 0.102564 0.012693 0.024038
0 0.763373 0.153846 0.013599 0.036859
0 0.822303 0.383013 0.033545 0.078526
0 0.658205 0.110577 0.011786 0.024038
0 0.629193 0.108974 0.012693 0.028846
0 0.679964 0.118590 0.012693 0.030449
0 0.581142 0.110577 0.011786 0.028846
0 0.499547 0.272436 0.025385 0.062500
0 0.467815 0.128205 0.013599 0.027244
0 0.711695 0.187500 0.016319 0.041667
0 0.547597 0.113782 0.013599 0.030449
0 0.644606 0.099359 0.014506 0.025641
0 0.468722 0.174679 0.021759 0.040064
0 0.602901 0.147436 0.013599 0.027244
0 0.668178 0.190705 0.018132 0.041667
0 0.579329 0.179487 0.021759 0.035256
0 0.496827 0.216346 0.023572 0.044872
0 0.573889 0.129808 0.012693 0.030449
0 0.447869 0.232372 0.023572 0.041667
0 0.773345 0.238782 0.020852 0.051282
0 0.805077 0.153846 0.015413 0.028846
0 0.546691 0.163462 0.017226 0.030449
0 0.572983 0.280449 0.025385 0.059295
0 0.654578 0.126603 0.015413 0.030449
