0 0.381250 0.346667 0.027500 0.050000
0 0.585000 0.346667 0.037500 0.048333
0 0.871250 0.373333 0.047500 0.065000
0 0.945000 0.371667 0.046250 0.070000
0 0.697500 0.356667 0.037500 0.048333
0 0.201250 0.338333 0.032500 0.056667
0 0.551250 0.413333 0.062500 0.080000
0 0.901250 0.418333 0.077500 0.098333
0 0.406250 0.371667 0.055000 0.080000
0 0.488750 0.366667 0.046250 0.063333
0 0.733750 0.670000 0.157500 0.236667
0 0.752500 0.371667 0.042500 0.056667
0 0.807500 0.426667 0.081250 0.108333
0 0.067500 0.393333 0.056250 0.080000
0 0.257500 0.365000 0.040000 0.051667
0 0.643750 0.396667 0.050000 0.071667
0 0.370000 0.540000 0.115000 0.181667
0 0.626250 0.341667 0.031250 0.056667
0 0.276250 0.358333 0.036250 0.060000
0 0.522500 0.340000 0.028750 0.050000
0 0.105000 0.346667 0.032500 0.048333
0 0.401250 0.880000 0.228750 0.198333
