0 0.758559 0.343243 0.034234 0.064865
0 0.482883 0.432432 0.025225 0.048649
0 0.531532 0.456757 0.036036 0.072973
0 0.086486 0.383784 0.039640 0.056757
0 0.407207 0.416216 0.019820 0.037838
0 0.401802 0.521622 0.052252 0.110811
0 0.138739 0.532432 0.066667 0.129730
0 0.293694 0.370270 0.027027 0.040541
0 0.461261 0.367568 0.021622 0.032432
0 0.333333 0.491892 0.050450 0.075676
0 0.153153 0.451351 0.046847 0.072973
0 0.259459 0.440541 0.030631 0.048649
0 0.158559 0.375676 0.032432 0.051351
0 0.944144 0.548649 0.093694 0.143243
0 0.021622 0.327027 0.032432 0.054054
0 0.686486 0.445946 0.028829 0.062162
0 0.461261 0.545946 0.068468 0.132432
0 0.084685 0.632432 0.099099 0.148649
0 0.230631 0.445946 0.028829 0.048649
0 0.630631 0.502703 0.054054 0.091892
0 0.443243 0.421622 0.025225 0.043243
0 0.190991 0.424324 0.034234 0.048649
0 0.553153 0.578378 0.086486 0.143243
0 0.308108 0.459459 0.032432 0.054054
0 0.084685 0.513514 0.075676 0.118919
0 0.162162 0.429730 0.037838 0.048649
0 0.560360 0.472973 0.045045 0.072973
0 0.511712 0.421622 0.023423 0.040541
0 0.327928 0.432432 0.023423 0.040541
0 0.436036 0.459459 0.037838 0.062162
0 0.284685 0.408108 0.025225 0.035135
0 0.385586 0.421622 0.019820 0.040541
