0 0.143750 0.403333 0.025000 0.033333
0 0.726250 0.411667 0.022500 0.033333
0 0.786250 0.443333 0.035000 0.053333
0 0.525000 0.391667 0.018750 0.031667
0 0.370000 0.428333 0.032500 0.046667
0 0.587500 0.453333 0.048750 0.071667
0 0.538750 0.446667 0.040000 0.053333
0 0.238750 0.446667 0.041250 0.065000
0 0.855000 0.410000 0.028750 0.038333
0 0.035000 0.415000 0.018750 0.036667
0 0.683750 0.423333 0.027500 0.038333
0 0.297500 0.413333 0.025000 0.035000
0 0.108750 0.428333 0.043750 0.051667
0 0.282500 0.351667 0.020000 0.028333
0 0.746250 0.460000 0.052500 0.080000
0 0.277500 0.438333 0.041250 0.053333
0 0.826250 0.545000 0.077500 0.118333
0 0.327500 0.443333 0.035000 0.053333
0 0.705000 0.445000 0.027500 0.043333
0 0.846250 0.458333 0.051250 0.061667
0 0.192500 0.493333 0.061250 0.093333
0 0.933750 0.438333 0.031250 0.046667
0 0.226250 0.541667 0.080000 0.096667
0 0.507500 0.396667 0.025000 0.031667
0 0.426250 0.566667 0.141250 0.221667
0 0.965000 0.430000 0.030000 0.043333
0 0.642500 0.530000 0.068750 0.100000
0 0.666250 0.413333 0.022500 0.030000
0 0.212500 0.398333 0.023750 0.035000
0 0.918750 0.400000 0.018750 0.030000
0 0.987500 0.405000 0.016250 0.026667
0 0.458750 0.456667 0.055000 0.075000
0 0.267500 0.405000 0.035000 0.038333
0 0.920000 0.485000 0.070000 0.085000
0 0.206250 0.341667 0.016250 0.026667
0 0.757500 0.600000 0.106250 0.161667
0 0.990000 0.451667 0.020000 0.045000
0 0.835000 0.395000 0.022500 0.025000
0 0.562500 0.411667 0.026250 0.036667
0 0.257500 0.348333 0.018750 0.030000
0 0.318750 0.398333 0.022500 0.031667
0 0.397500 0.401667 0.023750 0.036667
0 0.038750 0.300000 0.033750 0.033333
0 0.157500 0.428333 0.035000 0.050000
0 0.077500 0.438333 0.026250 0.030000
0 0.771250 0.418333 0.023750 0.035000
0 0.452500 0.408333 0.030000 0.043333
0 0.945000 0.406667 0.020000 0.030000
0 0.168750 0.343333 0.020000 0.030000
0 0.190000 0.416667 0.032500 0.053333
0 0.058750 0.420000 0.033750 0.038333
0 0.620000 0.415000 0.030000 0.035000
0 0.961250 0.626667 0.072500 0.163333
0 0.883750 0.435000 0.033750 0.043333
