0 0.150000 0.506667 0.075000 0.100000
0 0.646667 0.466667 0.058333 0.088889
0 0.205000 0.473333 0.063333 0.104444
0 0.356667 0.524444 0.096667 0.153333
0 0.148333 0.420000 0.046667 0.064444
0 0.890000 0.466667 0.078333 0.111111
0 0.283333 0.437778 0.070000 0.097778
0 0.740000 0.417778 0.051667 0.084444
0 0.511667 0.508889 0.113333 0.193333
0 0.276667 0.506667 0.093333 0.144444
0 0.600000 0.437778 0.051667 0.075556
0 0.058333 0.737778 0.110000 0.340000
0 0.456667 0.435556 0.050000 0.075556
0 0.206667 0.808889 0.278333 0.380000
0 0.776667 0.493333 0.090000 0.120000
0 0.790000 0.395556 0.050000 0.082222
0 0.590000 0.517778 0.076667 0.142222
0 0.966667 0.404444 0.046667 0.073333
0 0.651667 0.420000 0.060000 0.084444
0 0.373333 0.424444 0.056667 0.093333
0 0.590000 0.400000 0.045000 0.064444
