0 0.555000 0.305000 0.065000 0.075000
0 0.790000 0.275000 0.027500 0.031667
0 0.748750 0.256667 0.046250 0.053333
0 0.463750 0.306667 0.032500 0.045000
0 0.257500 0.288333 0.030000 0.035000
0 0.260000 0.321667 0.028750 0.031667
0 0.388750 0.228333 0.025000 0.035000
0 0.361250 0.291667 0.018750 0.026667
0 0.405000 0.281667 0.016250 0.021667
0 0.926250 0.281667 0.096250 0.123333
0 0.353750 0.276667 0.017500 0.021667
0 0.860000 0.273333 0.058750 0.078333
0 0.605000 0.283333 0.055000 0.063333
0 0.822500 0.268333 0.030000 0.036667
0 0.505000 0.286667 0.047500 0.058333
0 0.441250 0.286667 0.025000 0.031667
0 0.121250 0.338333 0.230000 0.540000
0 0.741250 0.288333 0.067500 0.070000
