0 0.106494 0.367647 0.129870 0.212185
0 0.118182 0.144958 0.080519 0.126050
0 0.587013 0.086134 0.064935 0.130252
0 0.324675 0.071429 0.050649 0.090336
0 0.238961 0.144958 0.087013 0.140756
0 0.768831 0.063025 0.041558 0.088235
0 0.484416 0.222689 0.081818 0.155462
0 0.807792 0.113445 0.062338 0.130252
0 0.615584 0.044118 0.050649 0.084034
0 0.846753 0.042017 0.038961 0.081933
0 0.328571 0.457983 0.158442 0.231092
0 0.924675 0.081933 0.072727 0.119748
0 0.442857 0.088235 0.071429 0.107143
0 0.644156 0.275210 0.092208 0.163866
