0 0.442222 0.329114 0.053333 0.085443
0 0.571111 0.098101 0.037778 0.075949
0 0.191111 0.056962 0.035556 0.066456
0 0.900000 0.186709 0.046667 0.075949
0 0.246667 0.098101 0.040000 0.075949
0 0.097778 0.490506 0.075556 0.117089
0 0.308889 0.240506 0.055556 0.098101
0 0.753333 0.104430 0.044444 0.069620
0 0.473333 0.025316 0.028889 0.044304
0 0.742222 0.427215 0.062222 0.110759
0 0.582222 0.487342 0.082222 0.145570
0 0.560000 0.170886 0.044444 0.082278
0 0.573333 0.363924 0.048889 0.088608
0 0.375556 0.050633 0.042222 0.056962
0 0.040000 0.250000 0.051111 0.091772
0 0.126667 0.015823 0.026667 0.025316
0 0.408889 0.610759 0.104444 0.161392
0 0.391111 0.034810 0.031111 0.056962
0 0.468889 0.265823 0.048889 0.085443
0 0.417778 0.474684 0.082222 0.132911
0 0.360000 0.113924 0.046667 0.069620
0 0.344444 0.161392 0.044444 0.066456
0 0.255556 0.411392 0.068889 0.126582
0 0.937778 0.268987 0.046667 0.091772
0 0.146667 0.123418 0.046667 0.079114
0 0.720000 0.664557 0.097778 0.186709
0 0.664444 0.164557 0.042222 0.066456
0 0.204444 0.145570 0.048889 0.075949
0 0.637778 0.041139 0.031111 0.060127
0 0.271111 0.050633 0.031111 0.056962
0 0.791111 0.481013 0.066667 0.126582
0 0.153333 0.357595 0.048889 0.104430
0 0.864444 0.126582 0.044444 0.072785
0 0.195556 0.661392 0.093333 0.164557
0 0.815556 0.240506 0.046667 0.091772
0 0.733333 0.066456 0.037778 0.056962
0 0.704444 0.363924 0.057778 0.088608
0 0.184444 0.231013 0.055556 0.082278
0 0.548889 0.069620 0.033333 0.066456
0 0.857778 0.367089 0.053333 0.107595
0 0.473333 0.063291 0.031111 0.056962
0 0.666667 0.104430 0.046667 0.069620
0 0.895556 0.632911 0.097778 0.164557
0 0.580000 0.250000 0.046667 0.101266
0 0.895556 0.420886 0.064444 0.110759
0 0.442222 0.408228 0.062222 0.101266
0 0.604444 0.408228 0.068889 0.107595
0 0.200000 0.487342 0.082222 0.148734
0 0.328889 0.344937 0.060000 0.113924
