0 0.658411 0.133218 0.014448 0.031142
0 0.755418 0.169550 0.024768 0.051903
0 0.437564 0.212803 0.019608 0.036332
0 0.653251 0.276817 0.028896 0.039792
0 0.977296 0.242215 0.020640 0.041522
0 0.587203 0.193772 0.017544 0.044983
0 0.574819 0.174740 0.018576 0.036332
0 0.395253 0.195502 0.023736 0.032872
0 0.704850 0.179931 0.020640 0.041522
0 0.652219 0.228374 0.023736 0.051903
0 0.721362 0.262976 0.025800 0.048443
0 0.659443 0.325260 0.028896 0.057093
0 0.468524 0.231834 0.025800 0.041522
0 0.701754 0.216263 0.023736 0.041522
