0 0.750000 0.400000 0.030000 0.043333
0 0.815000 0.293333 0.045000 0.070000
0 0.207500 0.406667 0.027500 0.046667
0 0.025000 0.403333 0.022500 0.046667
0 0.200000 0.490000 0.055000 0.076667
0 0.415000 0.386667 0.022500 0.043333
0 0.352500 0.390000 0.020000 0.036667
0 0.172500 0.396667 0.022500 0.033333
0 0.162500 0.416667 0.027500 0.046667
0 0.505000 0.443333 0.035000 0.053333
0 0.335000 0.513333 0.057500 0.070000
0 0.672500 0.393333 0.025000 0.040000
0 0.642500 0.406667 0.027500 0.050000
0 0.732500 0.460000 0.037500 0.073333
0 0.017500 0.456667 0.030000 0.066667
0 0.410000 0.433333 0.037500 0.056667
0 0.590000 0.436667 0.035000 0.053333
0 0.075000 0.410000 0.027500 0.046667
0 0.310000 0.396667 0.022500 0.033333
0 0.525000 0.413333 0.025000 0.046667
0 0.885000 0.290000 0.072500 0.086667
0 0.742500 0.576667 0.072500 0.103333
