0 0.896250 0.441667 0.040000 0.055000
0 0.882500 0.415000 0.028750 0.043333
0 0.585000 0.456667 0.060000 0.078333
0 0.263750 0.371667 0.041250 0.056667
0 0.352500 0.450000 0.040000 0.055000
0 0.432500 0.453333 0.043750 0.065000
0 0.932500 0.491667 0.052500 0.083333
0 0.228750 0.491667 0.053750 0.065000
0 0.690000 0.431667 0.033750 0.041667
0 0.280000 0.496667 0.052500 0.078333
0 0.985000 0.435000 0.028750 0.055000
0 0.623750 0.443333 0.030000 0.045000
0 0.693750 0.461667 0.035000 0.056667
0 0.880000 0.518333 0.072500 0.130000
0 0.938750 0.408333 0.027500 0.051667
0 0.506250 0.460000 0.057500 0.075000
0 0.451250 0.491667 0.067500 0.090000
0 0.651250 0.485000 0.051250 0.083333
0 0.332500 0.500000 0.050000 0.075000
0 0.793750 0.460000 0.062500 0.100000
0 0.558750 0.513333 0.071250 0.105000
0 0.847500 0.445000 0.040000 0.058333
0 0.733750 0.495000 0.073750 0.105000
0 0.728750 0.438333 0.035000 0.045000
0 0.156250 0.470000 0.055000 0.070000
