0 0.943333 0.440000 0.025000 0.050000
0 0.710000 0.452500 0.045000 0.082500
0 0.066667 0.570000 0.081667 0.132500
0 0.306667 0.630000 0.106667 0.170000
0 0.853333 0.435000 0.036667 0.067500
0 0.588333 0.507500 0.076667 0.110000
0 0.936667 0.492500 0.060000 0.102500
0 0.390000 0.540000 0.070000 0.115000
0 0.906667 0.460000 0.040000 0.060000
0 0.785000 0.420000 0.028333 0.062500
0 0.853333 0.532500 0.078333 0.122500
0 0.625000 0.707500 0.133333 0.225000
0 0.463333 0.352500 0.045000 0.087500
0 0.580000 0.440000 0.060000 0.085000
0 0.083333 0.875000 0.158333 0.247500
0 0.978333 0.470000 0.040000 0.070000
0 0.740000 0.492500 0.056667 0.097500
