0 0.717647 0.120898 0.016471 0.027634
0 0.468235 0.119171 0.020000 0.036269
0 0.588235 0.112263 0.016471 0.036269
0 0.104706 0.139896 0.043529 0.067358
0 0.863529 0.155440 0.042353 0.075993
0 0.068235 0.119171 0.031765 0.055268
0 0.631765 0.120898 0.024706 0.048359
0 0.269412 0.131261 0.035294 0.065630
0 0.672941 0.119171 0.024706 0.039724
0 0.156471 0.167530 0.068235 0.091537
0 0.749412 0.112263 0.023529 0.032815
0 0.816471 0.195164 0.055294 0.098446
0 0.527059 0.108808 0.022353 0.039724
0 0.342353 0.143351 0.045882 0.075993
0 0.284706 0.113990 0.028235 0.055268
0 0.436471 0.105354 0.020000 0.036269
0 0.558824 0.120898 0.029412 0.044905
0 0.938824 0.134715 0.024706 0.051813
0 0.489412 0.138169 0.038824 0.056995
0 0.532941 0.295337 0.129412 0.246978
0 0.961176 0.138169 0.023529 0.043178
0 0.375294 0.122625 0.035294 0.053541
0 0.911765 0.150259 0.034118 0.062176
