0 0.590573 0.107084 0.012939 0.028007
0 0.807763 0.369028 0.035120 0.065898
0 0.797597 0.143328 0.015712 0.029654
0 0.472274 0.232290 0.022181 0.036244
0 0.573937 0.237232 0.022181 0.039539
0 0.835490 0.288303 0.026802 0.054366
0 0.525878 0.136738 0.013863 0.023064
0 0.620148 0.243822 0.023105 0.049423
0 0.773567 0.189456 0.019409 0.039539
0 0.608133 0.207578 0.022181 0.037891
0 0.442699 0.224053 0.021257 0.039539
0 0.894640 0.177924 0.017560 0.039539
0 0.910351 0.224053 0.017560 0.037891
0 0.475970 0.176277 0.013863 0.028007
0 0.636784 0.128501 0.012939 0.028007
0 0.397412 0.194399 0.016636 0.031301
0 0.390018 0.222405 0.017560 0.031301
0 0.598891 0.151565 0.018484 0.032949
0 0.481516 0.164745 0.012015 0.023064
0 0.507394 0.120264 0.013863 0.026359
0 0.577634 0.164745 0.016636 0.036244
0 0.771719 0.138386 0.014787 0.031301
0 0.702403 0.172982 0.020333 0.046129
0 0.532348 0.324547 0.027726 0.054366
0 0.655268 0.212521 0.022181 0.042834
0 0.888170 0.364086 0.033272 0.077430
0 0.695933 0.103789 0.013863 0.026359
0 0.295749 0.242175 0.018484 0.034596
0 0.895564 0.301483 0.026802 0.067545
0 0.464880 0.138386 0.012939 0.026359
0 0.428835 0.174629 0.016636 0.031301
0 0.605360 0.321252 0.030499 0.062603
0 0.802218 0.253707 0.023105 0.042834
0 0.584104 0.116969 0.012015 0.026359
0 0.170980 0.482702 0.042514 0.080725
0 0.281885 0.245470 0.014787 0.031301
0 0.638632 0.174629 0.015712 0.036244
0 0.711645 0.263591 0.027726 0.054366
0 0.826248 0.138386 0.015712 0.036244
0 0.853050 0.148270 0.017560 0.031301
0 0.614603 0.100494 0.012015 0.023064
0 0.920518 0.197694 0.012939 0.037891
0 0.735675 0.354201 0.037893 0.075783
0 0.420518 0.168040 0.012939 0.028007
0 0.782810 0.265239 0.024030 0.047776
0 0.560074 0.130148 0.012939 0.028007
0 0.449168 0.182867 0.015712 0.032949
0 0.745841 0.138386 0.015712 0.032949
0 0.844732 0.168040 0.016636 0.034596
0 0.731054 0.116969 0.016636 0.028007
0 0.375231 0.212521 0.017560 0.032949
0 0.665434 0.159802 0.016636 0.032949
0 0.669131 0.105437 0.011091 0.028007
0 0.860444 0.252059 0.017560 0.049423
0 0.366913 0.196046 0.015712 0.036244
0 0.373383 0.278418 0.022181 0.041186
0 0.874307 0.197694 0.019409 0.037891
0 0.609057 0.128501 0.011091 0.028007
0 0.695933 0.233937 0.017560 0.041186
0 0.402033 0.169687 0.014787 0.026359
0 0.883549 0.158155 0.013863 0.039539
0 0.756932 0.128501 0.010166 0.031301
0 0.365989 0.257002 0.016636 0.034596
0 0.549908 0.123558 0.012939 0.029654
0 0.483364 0.197694 0.020333 0.039539
0 0.493530 0.306425 0.029575 0.062603
0 0.480591 0.144975 0.012939 0.024712
0 0.512015 0.146623 0.013863 0.029654
0 0.748614 0.214168 0.021257 0.049423
0 0.308688 0.252059 0.019409 0.037891
0 0.905730 0.258649 0.019409 0.046129
0 0.922366 0.158155 0.014787 0.031301
0 0.863216 0.123558 0.013863 0.031301
0 0.636784 0.100494 0.010166 0.024712
