0 0.904236 0.173913 0.015654 0.030596
0 0.700737 0.104670 0.011971 0.024155
0 0.934622 0.238325 0.017495 0.040258
0 0.887661 0.215781 0.020258 0.043478
0 0.781768 0.133655 0.015654 0.030596
0 0.491713 0.128824 0.012891 0.024155
0 0.895948 0.193237 0.014733 0.040258
0 0.093002 0.478261 0.049724 0.095008
0 0.805709 0.162641 0.011971 0.025765
0 0.546041 0.115942 0.015654 0.024155
0 0.678637 0.322061 0.033149 0.064412
0 0.874770 0.262480 0.021179 0.056361
0 0.590239 0.180354 0.018416 0.032206
0 0.672192 0.169082 0.015654 0.033816
0 0.480663 0.220612 0.020258 0.043478
0 0.688766 0.117552 0.014733 0.025765
0 0.524862 0.120773 0.012891 0.024155
0 0.615101 0.093398 0.011971 0.025765
0 0.713628 0.157810 0.015654 0.027375
0 0.674954 0.246377 0.021179 0.040258
0 0.812155 0.262480 0.016575 0.041868
0 0.703499 0.199678 0.017495 0.035427
0 0.774401 0.175523 0.014733 0.037037
0 0.484346 0.141707 0.013812 0.027375
0 0.921731 0.157810 0.011971 0.033816
0 0.425414 0.165862 0.017495 0.028986
0 0.930018 0.278583 0.023941 0.045089
0 0.793738 0.201288 0.016575 0.041868
0 0.660221 0.096618 0.011971 0.024155
0 0.913444 0.165862 0.012891 0.028986
0 0.450276 0.173913 0.018416 0.030596
0 0.538674 0.140097 0.012891 0.033816
0 0.500921 0.119163 0.012891 0.027375
0 0.719153 0.219002 0.018416 0.041868
0 0.761510 0.334944 0.026703 0.067633
0 0.469613 0.173913 0.018416 0.032206
0 0.854512 0.296296 0.019337 0.054750
0 0.639042 0.098229 0.011971 0.024155
0 0.919890 0.331723 0.018416 0.059581
0 0.722836 0.133655 0.017495 0.037037
0 0.563536 0.146538 0.018416 0.032206
0 0.624309 0.199678 0.019337 0.048309
0 0.589319 0.099839 0.011971 0.027375
0 0.883057 0.146538 0.011971 0.032206
0 0.760589 0.117552 0.016575 0.024155
0 0.837937 0.347826 0.026703 0.059581
0 0.608656 0.297907 0.026703 0.057971
0 0.679558 0.104670 0.011971 0.024155
0 0.807551 0.183575 0.017495 0.035427
0 0.542357 0.177134 0.013812 0.038647
0 0.841621 0.146538 0.014733 0.032206
0 0.339779 0.212560 0.015654 0.038647
0 0.627072 0.148148 0.013812 0.025765
0 0.462247 0.135266 0.012891 0.027375
0 0.347145 0.175523 0.017495 0.028986
0 0.870166 0.170692 0.011971 0.032206
0 0.450276 0.207729 0.019337 0.035427
0 0.658379 0.132045 0.012891 0.030596
0 0.839779 0.204509 0.016575 0.035427
0 0.853591 0.180354 0.012891 0.032206
0 0.756906 0.138486 0.015654 0.033816
0 0.347145 0.191626 0.014733 0.033816
0 0.833333 0.165862 0.014733 0.032206
0 0.638122 0.249597 0.021179 0.053140
0 0.422652 0.144928 0.010129 0.024155
0 0.597606 0.135266 0.014733 0.028986
0 0.410681 0.193237 0.017495 0.033816
0 0.523941 0.264090 0.021179 0.048309
