0 0.854526 0.194932 0.015086 0.042885
0 0.412716 0.173489 0.017241 0.033138
0 0.587284 0.165692 0.019397 0.029240
0 0.810345 0.155945 0.014009 0.027290
0 0.650862 0.136452 0.016164 0.033138
0 0.466595 0.177388 0.015086 0.027290
0 0.875000 0.269006 0.021552 0.052632
0 0.614224 0.105263 0.012931 0.027290
0 0.907328 0.167641 0.012931 0.033138
0 0.896552 0.204678 0.012931 0.031189
0 0.742457 0.146199 0.012931 0.027290
0 0.699353 0.177388 0.017241 0.037037
0 0.576509 0.183236 0.018319 0.037037
0 0.327586 0.198830 0.020474 0.035088
0 0.792026 0.167641 0.016164 0.033138
0 0.548491 0.196881 0.019397 0.038986
0 0.598060 0.134503 0.018319 0.033138
0 0.707974 0.120858 0.009698 0.029240
0 0.887931 0.163743 0.010776 0.029240
0 0.568966 0.134503 0.016164 0.029240
0 0.764009 0.132554 0.011853 0.025341
0 0.502155 0.189084 0.017241 0.038986
0 0.455819 0.231969 0.025862 0.033138
0 0.526940 0.126706 0.016164 0.023392
0 0.623922 0.169591 0.019397 0.035088
0 0.922414 0.265107 0.019397 0.042885
0 0.581897 0.138402 0.016164 0.029240
0 0.481681 0.142300 0.017241 0.023392
0 0.445043 0.140351 0.016164 0.025341
0 0.774784 0.181287 0.020474 0.038986
0 0.716595 0.237817 0.020474 0.050682
0 0.809267 0.198830 0.018319 0.038986
0 0.945043 0.171540 0.015086 0.027290
0 0.441810 0.150097 0.015086 0.029240
0 0.579741 0.126706 0.015086 0.031189
0 0.941810 0.206628 0.011853 0.027290
0 0.502155 0.132554 0.015086 0.023392
0 0.474138 0.155945 0.014009 0.031189
0 0.824353 0.167641 0.015086 0.033138
0 0.570043 0.235867 0.026940 0.050682
0 0.538793 0.142300 0.017241 0.031189
0 0.726293 0.140351 0.012931 0.031189
0 0.635776 0.210526 0.021552 0.050682
0 0.719828 0.179337 0.016164 0.044834
0 0.939655 0.230019 0.017241 0.035088
0 0.857759 0.144250 0.011853 0.027290
0 0.369612 0.187135 0.017241 0.029240
0 0.734914 0.179337 0.014009 0.037037
0 0.689655 0.113060 0.010776 0.027290
0 0.440733 0.175439 0.016164 0.029240
0 0.468750 0.144250 0.011853 0.027290
0 0.628233 0.120858 0.014009 0.027290
0 0.685345 0.148148 0.011853 0.023392
0 0.349138 0.196881 0.016164 0.035088
0 0.887931 0.230019 0.017241 0.038986
0 0.491379 0.187135 0.016164 0.040936
0 0.664871 0.198830 0.021552 0.042885
0 0.665948 0.224172 0.020474 0.054581
0 0.790948 0.235867 0.018319 0.046784
0 0.823276 0.134503 0.012931 0.025341
