0 0.334199 0.617344 0.032446 0.039686
0 0.430889 0.606075 0.028877 0.039686
0 0.663530 0.640862 0.037313 0.059285
0 0.157690 0.580598 0.029202 0.038217
0 0.737184 0.645272 0.047696 0.063694
0 0.238482 0.578638 0.022064 0.030377
0 0.324140 0.576188 0.017197 0.029887
0 0.695977 0.620774 0.028877 0.046056
0 0.589552 0.639392 0.037313 0.062714
0 0.261518 0.589417 0.021415 0.031357
0 0.856911 0.598726 0.031798 0.054385
0 0.871188 0.674179 0.046074 0.081333
0 0.633679 0.611465 0.039585 0.064674
0 0.460091 0.609995 0.031798 0.048996
0 0.371836 0.582558 0.018494 0.025968
0 0.265412 0.622244 0.034393 0.050955
0 0.787800 0.640372 0.044452 0.071044
0 0.226801 0.616365 0.031798 0.047526
0 0.838417 0.608035 0.040234 0.069084
0 0.395847 0.591377 0.024659 0.043606
0 0.794938 0.598236 0.031798 0.050955
0 0.431538 0.583048 0.026282 0.030867
0 0.487021 0.589907 0.024659 0.040666
0 0.482803 0.639882 0.042829 0.059285
0 0.718689 0.607055 0.028877 0.049976
0 0.374757 0.616854 0.029851 0.046546
0 0.714796 0.468888 0.023361 0.040666
0 0.344257 0.586477 0.025633 0.033317
0 0.458469 0.574228 0.030175 0.042626
0 0.658988 0.606075 0.026931 0.039686
0 0.196950 0.464478 0.033095 0.062714
0 0.400065 0.578638 0.022064 0.032337
0 0.763465 0.609505 0.033744 0.049976
0 0.545750 0.627634 0.031798 0.063694
0 0.590526 0.595786 0.031798 0.049976
