0 0.789924 0.234295 0.019962 0.040747
0 0.773764 0.295416 0.021863 0.057725
0 0.682510 0.100170 0.009506 0.020374
0 0.716730 0.232598 0.020913 0.045840
0 0.736692 0.387097 0.032319 0.078098
0 0.449620 0.154499 0.014259 0.023769
0 0.430608 0.213922 0.017110 0.030560
0 0.591255 0.130730 0.017110 0.025467
0 0.916350 0.285229 0.017110 0.044143
0 0.205323 0.359932 0.039924 0.079796
0 0.591255 0.325976 0.021863 0.057725
0 0.384030 0.205433 0.015209 0.025467
0 0.315589 0.235993 0.014259 0.027165
0 0.893536 0.432937 0.032319 0.078098
0 0.615019 0.123939 0.012357 0.025467
0 0.852662 0.254669 0.018061 0.039049
0 0.742395 0.202037 0.017110 0.035654
0 0.478137 0.159593 0.013308 0.022071
0 0.619772 0.256367 0.021863 0.044143
0 0.616920 0.152801 0.012357 0.025467
0 0.723384 0.303905 0.025665 0.052632
0 0.462928 0.190153 0.014259 0.028862
0 0.519962 0.122241 0.012357 0.022071
0 0.661597 0.188455 0.017110 0.032258
0 0.742395 0.171477 0.014259 0.028862
0 0.757605 0.157895 0.014259 0.032258
0 0.410646 0.203735 0.013308 0.023769
0 0.429658 0.173175 0.013308 0.027165
0 0.776616 0.137521 0.015209 0.032258
0 0.902091 0.346350 0.019011 0.054329
0 0.625475 0.105263 0.013308 0.028862
0 0.690114 0.205433 0.018061 0.039049
0 0.342205 0.205433 0.014259 0.025467
0 0.537072 0.288625 0.020913 0.052632
0 0.714829 0.159593 0.013308 0.025467
0 0.664449 0.132428 0.012357 0.023769
0 0.622624 0.217317 0.017110 0.028862
0 0.644487 0.129032 0.014259 0.027165
0 0.668251 0.276740 0.023764 0.047538
0 0.679658 0.120543 0.010456 0.022071
0 0.576046 0.169779 0.014259 0.023769
0 0.368821 0.202037 0.014259 0.025467
0 0.836502 0.327674 0.028517 0.050934
0 0.460076 0.139219 0.010456 0.020374
0 0.371673 0.252971 0.018061 0.035654
0 0.407795 0.237691 0.019011 0.045840
0 0.496198 0.118846 0.013308 0.022071
0 0.537072 0.129032 0.012357 0.022071
0 0.803232 0.157895 0.015209 0.027165
0 0.333650 0.171477 0.013308 0.022071
0 0.666350 0.334465 0.028517 0.062818
0 0.923954 0.217317 0.013308 0.030560
0 0.474335 0.220713 0.017110 0.030560
0 0.502852 0.185059 0.014259 0.027165
0 0.700570 0.110357 0.013308 0.027165
0 0.557985 0.249576 0.021863 0.039049
0 0.275665 0.229202 0.015209 0.030560
0 0.813688 0.252971 0.019011 0.049236
0 0.502852 0.144312 0.012357 0.023769
0 0.520913 0.154499 0.013308 0.025467
0 0.572243 0.117148 0.015209 0.030560
0 0.488593 0.278438 0.025665 0.047538
0 0.547529 0.159593 0.013308 0.023769
0 0.741445 0.134126 0.015209 0.033956
0 0.654943 0.103565 0.013308 0.027165
0 0.300380 0.225806 0.014259 0.030560
0 0.787072 0.156197 0.013308 0.032258
0 0.602662 0.108659 0.009506 0.023769
0 0.542776 0.144312 0.011407 0.018676
0 0.757605 0.254669 0.018061 0.040747
0 0.879278 0.229202 0.014259 0.039049
0 0.692015 0.166384 0.019011 0.032258
0 0.411597 0.168081 0.014259 0.028862
0 0.550380 0.186757 0.017110 0.035654
