0 0.881667 0.237374 0.043333 0.141414
0 0.604167 0.060606 0.035000 0.106061
0 0.195000 0.060606 0.030000 0.106061
0 0.249167 0.492424 0.065000 0.204545
0 0.945000 0.126263 0.035833 0.151515
0 0.484167 0.358586 0.088333 0.305556
0 0.980833 0.083333 0.038333 0.111111
0 0.676667 0.383838 0.045833 0.202020
0 0.962500 0.585859 0.066667 0.257576
0 0.929167 0.040404 0.028333 0.075758
0 0.632500 0.164141 0.040833 0.154040
0 0.333333 0.058081 0.041667 0.113636
0 0.902500 0.888889 0.106667 0.222222
0 0.761667 0.068182 0.030000 0.095960
0 0.827500 0.709596 0.087500 0.303030
0 0.094167 0.416667 0.057500 0.199495
0 0.160000 0.643939 0.066667 0.222222
0 0.634167 0.085859 0.038333 0.113636
0 0.742500 0.219697 0.040833 0.159091
0 0.709167 0.121212 0.040000 0.148990
0 0.662500 0.272727 0.048333 0.143939
0 0.019167 0.090909 0.029167 0.121212
0 0.034167 0.287879 0.046667 0.171717
0 0.097500 0.214646 0.051667 0.166667
0 0.817500 0.378788 0.042500 0.171717
0 0.859167 0.106061 0.029167 0.123737
