0 0.864000 0.405405 0.056000 0.069069
0 0.626000 0.522523 0.064000 0.108108
0 0.082000 0.207207 0.030000 0.048048
0 0.572000 0.255255 0.038000 0.069069
0 0.304000 0.291291 0.032000 0.048048
0 0.316000 0.165165 0.034000 0.048048
0 0.014000 0.036036 0.024000 0.042042
0 0.554000 0.156156 0.028000 0.051051
0 0.560000 0.042042 0.030000 0.051051
0 0.870000 0.486486 0.068000 0.144144
0 0.640000 0.384384 0.046000 0.075075
0 0.296000 0.210210 0.038000 0.060060
0 0.668000 0.246246 0.032000 0.057057
0 0.210000 0.261261 0.034000 0.060060
0 0.048000 0.015015 0.030000 0.027027
0 0.786000 0.420420 0.050000 0.099099
0 0.356000 0.231231 0.092000 0.162162
0 0.526000 0.051051 0.032000 0.045045
0 0.588000 0.429429 0.054000 0.090090
0 0.548000 0.426426 0.046000 0.090090
0 0.796000 0.318318 0.036000 0.075075
0 0.950000 0.051051 0.022000 0.048048
0 0.958000 0.213213 0.032000 0.057057
0 0.754000 0.201201 0.032000 0.057057
0 0.606000 0.153153 0.030000 0.054054
0 0.070000 0.162162 0.032000 0.048048
0 0.650000 0.204204 0.026000 0.045045
0 0.556000 0.210210 0.030000 0.054054
0 0.794000 0.642643 0.120000 0.216216
0 0.766000 0.354354 0.038000 0.066066
0 0.746000 0.264264 0.036000 0.066066
0 0.744000 0.126126 0.036000 0.051051
0 0.910000 0.693694 0.148000 0.213213
0 0.802000 0.522523 0.078000 0.105105
0 0.126000 0.108108 0.034000 0.054054
0 0.746000 0.738739 0.084000 0.153153
0 0.818000 0.444444 0.044000 0.084084
0 0.620000 0.363363 0.038000 0.063063
0 0.644000 0.162162 0.032000 0.054054
0 0.924000 0.513514 0.086000 0.141141
0 0.982000 0.186186 0.026000 0.048048
0 0.128000 0.399399 0.052000 0.084084
0 0.470000 0.231231 0.034000 0.057057
0 0.478000 0.204204 0.026000 0.042042
0 0.190000 0.204204 0.028000 0.057057
0 0.924000 0.249249 0.036000 0.069069
0 0.730000 0.162162 0.036000 0.060060
0 0.852000 0.366366 0.038000 0.054054
0 0.876000 0.342342 0.046000 0.069069
0 0.964000 0.354354 0.046000 0.078078
0 0.206000 0.441441 0.060000 0.102102
0 0.550000 0.114114 0.024000 0.045045
0 0.614000 0.306306 0.032000 0.063063
0 0.436000 0.312312 0.034000 0.066066
0 0.610000 0.462462 0.054000 0.090090
0 0.684000 0.375375 0.040000 0.072072
0 0.662000 0.054054 0.026000 0.042042
0 0.962000 0.132132 0.026000 0.051051
0 0.208000 0.027027 0.028000 0.042042
0 0.752000 0.030030 0.024000 0.039039
0 0.474000 0.183183 0.032000 0.042042
0 0.168000 0.165165 0.028000 0.048048
0 0.092000 0.258258 0.038000 0.054054
0 0.836000 0.201201 0.036000 0.063063
0 0.066000 0.444444 0.036000 0.060060
0 0.254000 0.357357 0.034000 0.069069
0 0.828000 0.162162 0.036000 0.057057
0 0.916000 0.303303 0.032000 0.069069
0 0.526000 0.303303 0.036000 0.057057
0 0.134000 0.294294 0.042000 0.057057
0 0.572000 0.357357 0.038000 0.069069
0 0.242000 0.276276 0.032000 0.063063
0 0.708000 0.312312 0.036000 0.054054
0 0.708000 0.432432 0.038000 0.060060
0 0.236000 0.171171 0.032000 0.051051
0 0.682000 0.141141 0.026000 0.051051
0 0.164000 0.438438 0.052000 0.081081
0 0.172000 0.351351 0.040000 0.063063
0 0.100000 0.426426 0.042000 0.069069
0 0.478000 0.030030 0.030000 0.045045
0 0.822000 0.270270 0.038000 0.069069
0 0.392000 0.162162 0.038000 0.072072
0 0.466000 0.354354 0.042000 0.081081
