0 0.738339 0.174538 0.018203 0.043121
0 0.704209 0.201232 0.021615 0.053388
0 0.549488 0.166324 0.013652 0.034908
0 0.874858 0.256674 0.025028 0.049281
0 0.505119 0.141684 0.014790 0.026694
0 0.674630 0.213552 0.020478 0.053388
0 0.663254 0.326489 0.034130 0.061602
0 0.468714 0.151951 0.012514 0.028747
0 0.078498 0.301848 0.023891 0.049281
0 0.775882 0.184805 0.017065 0.036961
0 0.625711 0.205339 0.023891 0.045175
0 0.912400 0.242300 0.021615 0.041068
0 0.666667 0.112936 0.011377 0.022587
0 0.829352 0.305955 0.028441 0.059548
0 0.562002 0.143737 0.013652 0.030801
0 0.711035 0.162218 0.015927 0.036961
0 0.631399 0.143737 0.013652 0.030801
0 0.423208 0.174538 0.014790 0.039014
0 0.645051 0.108830 0.012514 0.028747
0 0.591581 0.305955 0.029579 0.067762
0 0.843003 0.158111 0.014790 0.032854
0 0.477816 0.184805 0.017065 0.039014
0 0.945392 0.215606 0.014790 0.030801
0 0.516496 0.112936 0.014790 0.026694
0 0.515358 0.162218 0.015927 0.041068
0 0.473265 0.129363 0.014790 0.034908
0 0.581342 0.287474 0.021615 0.049281
0 0.941980 0.174538 0.019340 0.041068
0 0.513083 0.289528 0.027304 0.059548
0 0.554039 0.119097 0.011377 0.024641
0 0.606371 0.119097 0.012514 0.026694
0 0.800910 0.283368 0.023891 0.059548
0 0.337884 0.184805 0.020478 0.039014
0 0.684869 0.373717 0.040956 0.080082
0 0.354949 0.203285 0.017065 0.032854
0 0.845279 0.215606 0.018203 0.041068
0 0.770193 0.123203 0.013652 0.028747
0 0.815700 0.195072 0.018203 0.041068
0 0.657565 0.131417 0.012514 0.022587
0 0.609784 0.102669 0.011377 0.028747
0 0.899886 0.160164 0.014790 0.030801
0 0.318544 0.234086 0.018203 0.049281
0 0.445961 0.154004 0.015927 0.032854
0 0.657565 0.285421 0.026166 0.045175
0 0.789534 0.211499 0.020478 0.049281
0 0.650739 0.141684 0.011377 0.026694
0 0.781570 0.141684 0.015927 0.036961
0 0.929465 0.283368 0.023891 0.049281
0 0.811149 0.258727 0.025028 0.047228
0 0.593857 0.110883 0.013652 0.028747
0 0.485779 0.225873 0.022753 0.049281
0 0.529010 0.127310 0.014790 0.026694
0 0.875995 0.160164 0.013652 0.030801
0 0.600683 0.139630 0.012514 0.028747
0 0.632537 0.114990 0.015927 0.026694
0 0.847554 0.184805 0.017065 0.032854
0 0.551763 0.188912 0.019340 0.032854
0 0.418658 0.201232 0.018203 0.036961
0 0.931741 0.234086 0.014790 0.030801
0 0.723549 0.229979 0.021615 0.049281
0 0.882821 0.149897 0.013652 0.030801
0 0.587031 0.162218 0.018203 0.039014
0 0.577929 0.252567 0.025028 0.053388
0 0.630262 0.256674 0.023891 0.055441
0 0.886234 0.221766 0.020478 0.047228
0 0.899886 0.431211 0.039818 0.092402
0 0.689420 0.121150 0.013652 0.026694
0 0.765643 0.149897 0.015927 0.036961
0 0.489192 0.158111 0.014790 0.030801
0 0.828214 0.180698 0.015927 0.034908
0 0.913538 0.332649 0.027304 0.071869
0 0.750853 0.127310 0.018203 0.041068
0 0.805461 0.162218 0.013652 0.034908
0 0.817975 0.369610 0.038680 0.078029
0 0.453925 0.205339 0.018203 0.041068
0 0.538111 0.147844 0.013652 0.030801
0 0.911263 0.166324 0.012514 0.028747
