0 0.770000 0.352000 0.032000 0.048000
0 0.788000 0.389333 0.034000 0.048000
0 0.288000 0.429333 0.056000 0.090667
0 0.520000 0.477333 0.066000 0.109333
0 0.768000 0.416000 0.044000 0.064000
0 0.316000 0.368000 0.034000 0.056000
0 0.656000 0.397333 0.048000 0.072000
0 0.892000 0.472000 0.082000 0.101333
0 0.626000 0.418667 0.054000 0.082667
0 0.454000 0.333333 0.026000 0.040000
0 0.448000 0.424000 0.054000 0.077333
0 0.534000 0.336000 0.028000 0.048000
0 0.294000 0.341333 0.026000 0.042667
0 0.140000 0.216000 0.140000 0.205333
0 0.954000 0.394667 0.050000 0.072000
0 0.916000 0.349333 0.026000 0.048000
0 0.392000 0.410667 0.048000 0.082667
0 0.652000 0.328000 0.026000 0.048000
0 0.814000 0.333333 0.030000 0.048000
0 0.660000 0.490667 0.070000 0.093333
0 0.764000 0.554667 0.096000 0.128000
0 0.516000 0.397333 0.040000 0.061333
0 0.728000 0.330667 0.024000 0.040000
0 0.386000 0.325333 0.030000 0.050667
