0 0.519167 0.261111 0.062500 0.117778
0 0.699167 0.360000 0.062500 0.135556
0 0.425833 0.335556 0.091667 0.165556
0 0.308333 0.175556 0.055833 0.084444
0 0.177500 0.225556 0.045833 0.104444
0 0.614167 0.286667 0.045833 0.086667
0 0.099167 0.185556 0.048333 0.083333
0 0.406667 0.232222 0.044167 0.064444
0 0.560833 0.274444 0.044167 0.076667
0 0.132500 0.242222 0.070833 0.122222
0 0.170000 0.154444 0.045000 0.065556
0 0.206667 0.204444 0.036667 0.071111
0 0.263333 0.178889 0.036667 0.065556
0 0.489167 0.238889 0.052500 0.092222
0 0.063333 0.165556 0.039167 0.063333
0 0.449167 0.216667 0.050000 0.088889
