0 0.397388 0.162069 0.021455 0.039655
0 0.596082 0.267241 0.030784 0.063793
0 0.666978 0.113793 0.024254 0.053448
0 0.669776 0.220690 0.023321 0.055172
0 0.324627 0.181034 0.017724 0.046552
0 0.277985 0.281034 0.034515 0.072414
0 0.515858 0.253448 0.027985 0.050000
0 0.340485 0.193103 0.017724 0.046552
0 0.060634 0.387931 0.046642 0.087931
0 0.704291 0.150000 0.021455 0.051724
0 0.531716 0.124138 0.027052 0.062069
0 0.538246 0.267241 0.031716 0.058621
0 0.360075 0.194828 0.026119 0.048276
0 0.603545 0.144828 0.023321 0.051724
