0 0.491453 0.250000 0.024573 0.049618
0 0.581197 0.110687 0.016026 0.030534
0 0.669872 0.179389 0.019231 0.036260
0 0.751068 0.202290 0.020299 0.034351
0 0.383547 0.248092 0.019231 0.032443
0 0.490385 0.139313 0.020299 0.041985
0 0.195513 0.446565 0.044872 0.082061
0 0.632479 0.148855 0.016026 0.038168
0 0.448718 0.150763 0.016026 0.034351
0 0.424145 0.251908 0.026709 0.038168
0 0.648504 0.335878 0.034188 0.062977
0 0.294872 0.225191 0.022436 0.032443
0 0.434829 0.173664 0.019231 0.028626
0 0.651709 0.104962 0.013889 0.022901
0 0.572650 0.124046 0.021368 0.032443
0 0.100427 0.244275 0.016026 0.041985
0 0.452991 0.225191 0.023504 0.045802
0 0.764957 0.250000 0.023504 0.041985
0 0.615385 0.288168 0.026709 0.057252
0 0.935897 0.227099 0.014957 0.047710
0 0.801282 0.219466 0.021368 0.038168
0 0.619658 0.209924 0.023504 0.040076
0 0.927350 0.305344 0.019231 0.051527
0 0.354701 0.196565 0.019231 0.032443
0 0.756410 0.133588 0.020299 0.036260
0 0.331197 0.240458 0.028846 0.036260
0 0.712607 0.246183 0.026709 0.047710
0 0.910256 0.106870 0.018162 0.043893
0 0.897436 0.412214 0.032051 0.078244
0 0.756410 0.309160 0.029915 0.055344
0 0.596154 0.141221 0.021368 0.043893
0 0.691239 0.116412 0.013889 0.028626
0 0.674145 0.280534 0.022436 0.047710
0 0.428419 0.146947 0.016026 0.024809
0 0.657051 0.137405 0.012821 0.024809
0 0.704060 0.108779 0.014957 0.040076
0 0.822650 0.396947 0.026709 0.068702
0 0.599359 0.232824 0.023504 0.047710
0 0.835470 0.311069 0.024573 0.053435
0 0.612179 0.104962 0.013889 0.032443
0 0.789530 0.137405 0.013889 0.040076
0 0.327991 0.188931 0.018162 0.034351
0 0.091880 0.229008 0.016026 0.032443
0 0.379274 0.198473 0.021368 0.043893
0 0.361111 0.240458 0.020299 0.030534
0 0.680556 0.108779 0.013889 0.024809
0 0.525641 0.131679 0.019231 0.040076
0 0.521368 0.072519 0.018162 0.024809
0 0.309829 0.234733 0.017094 0.030534
0 0.883547 0.240458 0.017094 0.041985
0 0.571581 0.267176 0.022436 0.045802
0 0.056624 0.244275 0.018162 0.034351
0 0.485043 0.202290 0.020299 0.041985
0 0.582265 0.169847 0.014957 0.036260
0 0.708333 0.158397 0.016026 0.036260
0 0.864316 0.280534 0.023504 0.049618
0 0.405983 0.190840 0.022436 0.038168
0 0.548077 0.146947 0.018162 0.038168
0 0.743590 0.173664 0.018162 0.030534
0 0.700855 0.194656 0.024573 0.043893
0 0.048077 0.263359 0.017094 0.032443
0 0.911325 0.349237 0.023504 0.053435
0 0.536325 0.202290 0.023504 0.041985
0 0.806624 0.150763 0.014957 0.036260
0 0.813034 0.265267 0.019231 0.038168
