0 0.846715 0.278560 0.074035 0.126761
0 0.637122 0.309859 0.056309 0.112676
0 0.747654 0.234742 0.047967 0.117371
0 0.535975 0.198748 0.053180 0.089202
0 0.427529 0.217527 0.045881 0.098592
0 0.774765 0.338028 0.071950 0.128326
0 0.278415 0.211268 0.047967 0.093897
0 0.074035 0.233177 0.053180 0.114241
0 0.811262 0.226917 0.061522 0.111111
0 0.613139 0.239437 0.056309 0.095462
0 0.807091 0.408451 0.080292 0.117371
0 0.559958 0.242567 0.062565 0.103286
0 0.855057 0.359937 0.062565 0.115806
0 0.492179 0.245696 0.041710 0.084507
0 0.904067 0.483568 0.072993 0.126761
0 0.925965 0.289515 0.075078 0.139280
0 0.956204 0.464789 0.072993 0.126761
0 0.566215 0.333333 0.065693 0.118936
0 0.814390 0.483568 0.090719 0.123631
0 0.687174 0.284820 0.062565 0.125196
0 0.452555 0.261346 0.062565 0.118936
