0 0.723746 0.288998 0.023652 0.054187
0 0.352886 0.269294 0.015137 0.031199
0 0.491958 0.133005 0.013245 0.021346
0 0.538316 0.146141 0.010407 0.021346
0 0.764428 0.073892 0.013245 0.022989
0 0.448439 0.238095 0.019868 0.032841
0 0.375591 0.270936 0.018921 0.029557
0 0.491012 0.292282 0.025544 0.039409
0 0.202460 0.459770 0.050142 0.093596
0 0.547777 0.205255 0.017029 0.024631
0 0.526017 0.172414 0.013245 0.031199
0 0.886471 0.234811 0.017029 0.042693
0 0.563860 0.157635 0.014191 0.024631
0 0.435194 0.292282 0.023652 0.041051
0 0.485336 0.169130 0.011353 0.018062
0 0.457900 0.193760 0.015137 0.034483
0 0.823084 0.131363 0.013245 0.032841
0 0.473037 0.159278 0.014191 0.019704
0 0.559130 0.082102 0.013245 0.018062
0 0.809839 0.192118 0.015137 0.036125
0 0.479659 0.201970 0.015137 0.031199
0 0.424787 0.231527 0.015137 0.034483
0 0.260170 0.422003 0.043519 0.098522
0 0.226112 0.234811 0.017029 0.029557
0 0.723746 0.154351 0.013245 0.024631
0 0.668874 0.249589 0.022706 0.045977
0 0.970672 0.105090 0.011353 0.027915
0 0.690634 0.172414 0.015137 0.029557
0 0.772942 0.300493 0.024598 0.042693
0 0.594134 0.159278 0.012299 0.024631
0 0.755913 0.154351 0.015137 0.031199
