0 0.630739 0.122776 0.014970 0.028470
0 0.792415 0.297153 0.031936 0.062278
0 0.395210 0.192171 0.014970 0.033808
0 0.884232 0.158363 0.022954 0.042705
0 0.725549 0.288256 0.025948 0.058719
0 0.677645 0.108541 0.011976 0.028470
0 0.616766 0.138790 0.013972 0.028470
0 0.868263 0.201068 0.018962 0.039146
0 0.372255 0.197509 0.013972 0.035587
0 0.842315 0.190391 0.012974 0.028470
0 0.898204 0.345196 0.033932 0.060498
0 0.555888 0.144128 0.019960 0.033808
0 0.500000 0.138790 0.020958 0.035587
0 0.748503 0.193950 0.022954 0.037367
0 0.770459 0.259786 0.025948 0.056940
0 0.917166 0.298932 0.024950 0.053381
0 0.534930 0.140569 0.015968 0.030249
0 0.761477 0.126335 0.018962 0.028470
0 0.445110 0.179715 0.012974 0.035587
0 0.781437 0.151246 0.018962 0.042705
0 0.429142 0.154804 0.018962 0.032028
0 0.882236 0.261566 0.024950 0.055160
0 0.493014 0.179715 0.013972 0.035587
0 0.626747 0.250890 0.025948 0.058719
0 0.806387 0.220641 0.017964 0.042705
0 0.618762 0.167260 0.015968 0.033808
0 0.760479 0.161922 0.015968 0.033808
0 0.698603 0.170819 0.019960 0.040925
0 0.668663 0.222420 0.021956 0.042705
0 0.824351 0.177936 0.014970 0.037367
0 0.795409 0.154804 0.012974 0.032028
0 0.556886 0.252669 0.028942 0.049822
0 0.937126 0.181495 0.016966 0.035587
0 0.710579 0.122776 0.013972 0.028470
0 0.357285 0.243772 0.015968 0.042705
0 0.537924 0.206406 0.023952 0.042705
0 0.444112 0.256228 0.035928 0.046263
0 0.571856 0.288256 0.025948 0.051601
0 0.945110 0.220641 0.014970 0.037367
0 0.416168 0.236655 0.031936 0.055160
0 0.517964 0.137011 0.017964 0.028470
0 0.297405 0.213523 0.019960 0.035587
0 0.478044 0.154804 0.015968 0.030249
0 0.912176 0.160142 0.018962 0.030249
0 0.584830 0.129893 0.016966 0.037367
0 0.836327 0.313167 0.025948 0.067616
0 0.586826 0.176157 0.016966 0.035587
0 0.633733 0.204626 0.020958 0.039146
0 0.505988 0.186833 0.020958 0.035587
0 0.656687 0.149466 0.026946 0.044484
0 0.716567 0.153025 0.023952 0.039146
0 0.341317 0.209964 0.018962 0.035587
0 0.840319 0.149466 0.014970 0.042705
0 0.737525 0.165480 0.017964 0.033808
0 0.690619 0.122776 0.011976 0.026690
0 0.894212 0.209964 0.015968 0.026690
0 0.837325 0.231317 0.022954 0.051601
0 0.448104 0.218861 0.029940 0.049822
0 0.925150 0.215302 0.014970 0.035587
0 0.458084 0.151246 0.016966 0.024911
0 0.549900 0.145907 0.011976 0.035587
0 0.398204 0.236655 0.013972 0.042705
0 0.387226 0.174377 0.017964 0.035587
0 0.637725 0.103203 0.013972 0.028470
0 0.487026 0.227758 0.028942 0.055160
0 0.709581 0.233096 0.019960 0.044484
0 0.808383 0.153025 0.012974 0.046263
0 0.660679 0.258007 0.024950 0.048043
0 0.656687 0.108541 0.015968 0.032028
0 0.822355 0.142349 0.013972 0.033808
