0 0.357076 0.223140 0.016870 0.034711
0 0.639175 0.115702 0.008435 0.021488
0 0.412371 0.196694 0.015933 0.026446
0 0.712277 0.284298 0.025305 0.044628
0 0.744142 0.142149 0.014995 0.024793
0 0.617619 0.143802 0.012184 0.028099
0 0.571696 0.171901 0.014995 0.029752
0 0.318650 0.271074 0.017807 0.034711
0 0.437676 0.188430 0.016870 0.028099
0 0.774133 0.228099 0.018744 0.054545
0 0.607310 0.127273 0.014058 0.028099
0 0.834114 0.152066 0.014995 0.031405
0 0.448922 0.152066 0.013121 0.019835
0 0.301781 0.233058 0.016870 0.028099
0 0.856607 0.257851 0.026242 0.056198
0 0.762887 0.132231 0.014058 0.026446
0 0.656045 0.176860 0.015933 0.036364
0 0.253046 0.266116 0.014995 0.023140
0 0.839738 0.343802 0.025305 0.041322
0 0.615745 0.203306 0.016870 0.033058
0 0.364574 0.196694 0.015933 0.028099
0 0.371134 0.264463 0.017807 0.038017
0 0.585754 0.138843 0.010309 0.023140
0 0.834114 0.204959 0.017807 0.041322
0 0.596064 0.138843 0.011246 0.024793
0 0.482662 0.166942 0.014058 0.026446
0 0.492034 0.203306 0.017807 0.031405
0 0.916589 0.231405 0.018744 0.039669
0 0.487348 0.130579 0.013121 0.024793
0 0.551078 0.130579 0.013121 0.024793
0 0.694470 0.233058 0.017807 0.036364
0 0.394564 0.218182 0.017807 0.029752
0 0.562324 0.145455 0.010309 0.021488
0 0.305530 0.262810 0.012184 0.029752
0 0.472352 0.161983 0.012184 0.028099
0 0.393627 0.271074 0.019681 0.046281
0 0.477038 0.239669 0.020619 0.044628
0 0.895033 0.160331 0.014995 0.031405
0 0.764761 0.161983 0.015933 0.033058
0 0.777882 0.186777 0.018744 0.038017
0 0.402062 0.178512 0.010309 0.026446
0 0.781631 0.140496 0.014995 0.033058
0 0.698219 0.176860 0.014058 0.031405
0 0.274602 0.269421 0.015933 0.024793
0 0.508903 0.165289 0.014058 0.026446
0 0.611059 0.330579 0.026242 0.049587
0 0.635426 0.145455 0.013121 0.029752
0 0.743205 0.117355 0.013121 0.024793
0 0.432052 0.238017 0.017807 0.036364
0 0.524836 0.211570 0.020619 0.038017
0 0.706654 0.153719 0.014058 0.028099
0 0.566073 0.289256 0.026242 0.047934
0 0.673852 0.246281 0.020619 0.042975
0 0.847235 0.176860 0.014995 0.036364
0 0.734770 0.203306 0.017807 0.029752
0 0.507966 0.282645 0.026242 0.047934
0 0.666354 0.122314 0.014058 0.026446
0 0.353327 0.254545 0.018744 0.031405
0 0.552015 0.247934 0.024367 0.041322
0 0.330834 0.221488 0.014995 0.028099
0 0.901593 0.206612 0.016870 0.036364
0 0.885661 0.180165 0.016870 0.033058
0 0.622306 0.244628 0.020619 0.046281
0 0.807873 0.180165 0.015933 0.033058
0 0.719775 0.175207 0.014995 0.034711
