0 0.053452 0.625397 0.097996 0.168254
0 0.650334 0.450794 0.060134 0.111111
0 0.131403 0.476190 0.071269 0.104762
0 0.839644 0.796825 0.216036 0.358730
0 0.440980 0.495238 0.069042 0.130159
0 0.819599 0.555556 0.097996 0.136508
0 0.694878 0.733333 0.124722 0.253968
0 0.910913 0.482540 0.064588 0.111111
0 0.398664 0.498413 0.051225 0.082540
0 0.118040 0.580952 0.080178 0.130159
0 0.492205 0.526984 0.066815 0.104762
0 0.583519 0.549206 0.086860 0.146032
0 0.632517 0.295238 0.048998 0.092063
0 0.964365 0.507937 0.057906 0.107937
0 0.953229 0.574603 0.091314 0.174603
