0 0.898123 0.591093 0.091153 0.190283
0 0.849866 0.441296 0.058981 0.125506
0 0.222520 0.327935 0.053619 0.080972
0 0.367292 0.311741 0.042895 0.068826
0 0.179625 0.319838 0.042895 0.080972
0 0.667560 0.514170 0.077748 0.141700
0 0.769437 0.319838 0.029491 0.072874
0 0.978552 0.352227 0.037534 0.072874
0 0.841823 0.323887 0.029491 0.056680
0 0.442359 0.303644 0.037534 0.048583
0 0.616622 0.267206 0.026810 0.052632
0 0.691689 0.336032 0.040214 0.068826
0 0.664879 0.279352 0.029491 0.052632
0 0.396783 0.417004 0.058981 0.105263
0 0.648794 0.400810 0.056300 0.101215
0 0.914209 0.327935 0.034853 0.068826
0 0.469169 0.457490 0.077748 0.129555
0 0.528150 0.275304 0.032172 0.056680
0 0.327078 0.291498 0.037534 0.064777
0 0.498660 0.299595 0.037534 0.060729
0 0.595174 0.283401 0.032172 0.056680
0 0.908847 0.412955 0.048257 0.080972
0 0.557641 0.360324 0.053619 0.089069
0 0.796247 0.368421 0.040214 0.080972
