0 0.148987 0.739286 0.054827 0.112500
0 0.755662 0.612500 0.033373 0.051786
0 0.794994 0.612500 0.042908 0.071429
0 0.923719 0.641071 0.038141 0.076786
0 0.277712 0.669643 0.051251 0.076786
0 0.811681 0.564286 0.036949 0.053571
0 0.576877 0.801786 0.116806 0.187500
0 0.570918 0.658929 0.051251 0.085714
0 0.767580 0.680357 0.064362 0.096429
0 0.398093 0.905357 0.147795 0.135714
0 0.455304 0.503571 0.038141 0.069643
0 0.471990 0.651786 0.059595 0.082143
0 0.909416 0.583929 0.038141 0.062500
0 0.657926 0.614286 0.048868 0.080357
0 0.106079 0.707143 0.094160 0.150000
0 0.640048 0.708929 0.072706 0.117857
0 0.405244 0.635714 0.046484 0.080357
0 0.587604 0.628571 0.039333 0.064286
0 0.718713 0.623214 0.050060 0.080357
0 0.958284 0.626786 0.047676 0.141071
