0 0.224344 0.272346 0.029435 0.058659
0 0.083532 0.325419 0.015911 0.032123
0 0.130469 0.300279 0.020684 0.048883
0 0.886237 0.215084 0.021480 0.046089
0 0.452665 0.230447 0.019093 0.041899
0 0.299920 0.265363 0.025457 0.053073
0 0.187749 0.488827 0.044551 0.085196
0 0.430390 0.213687 0.017502 0.036313
0 0.750994 0.149441 0.016706 0.040503
0 0.544153 0.353352 0.028640 0.044693
0 0.489260 0.310056 0.029435 0.057263
0 0.717582 0.141061 0.019889 0.043296
0 0.330947 0.254190 0.021480 0.048883
0 0.431185 0.272346 0.025457 0.054469
