0 0.600211 0.067542 0.008439 0.020638
0 0.669831 0.217636 0.014768 0.041276
0 0.800633 0.210131 0.013713 0.033771
0 0.693038 0.181989 0.011603 0.033771
0 0.565401 0.247655 0.020042 0.043152
0 0.579114 0.127580 0.010549 0.026266
0 0.817511 0.146341 0.011603 0.026266
0 0.540084 0.153846 0.010549 0.026266
0 0.600211 0.157598 0.011603 0.024390
0 0.321730 0.204503 0.015823 0.030019
0 0.495781 0.135084 0.010549 0.022514
0 0.934599 0.232645 0.012658 0.031895
0 0.649789 0.320826 0.036920 0.078799
0 0.926160 0.183865 0.011603 0.035647
0 0.872363 0.273921 0.013713 0.041276
0 0.863924 0.204503 0.012658 0.035647
0 0.674051 0.112570 0.008439 0.020638
0 0.708861 0.196998 0.016878 0.037523
0 0.935654 0.223265 0.013713 0.031895
0 0.631857 0.142589 0.012658 0.028143
0 0.479958 0.153846 0.012658 0.024390
0 0.504219 0.082552 0.009494 0.018762
0 0.618143 0.108818 0.008439 0.015009
0 0.855485 0.144465 0.008439 0.024390
0 0.936709 0.198874 0.013713 0.031895
0 0.731013 0.153846 0.012658 0.035647
0 0.479958 0.136961 0.012658 0.028143
0 0.623418 0.225141 0.017932 0.041276
0 0.815401 0.212008 0.013713 0.033771
0 0.459916 0.170732 0.011603 0.033771
0 0.593882 0.140713 0.011603 0.028143
0 0.382911 0.181989 0.013713 0.028143
0 0.516878 0.172608 0.013713 0.031895
0 0.830169 0.189493 0.012658 0.033771
0 0.548523 0.121951 0.008439 0.020638
0 0.411392 0.178236 0.012658 0.030019
0 0.526371 0.133208 0.010549 0.024390
0 0.371308 0.196998 0.012658 0.028143
0 0.659283 0.193246 0.014768 0.039400
0 0.723629 0.232645 0.018987 0.043152
0 0.657173 0.118199 0.008439 0.015009
0 0.479958 0.180113 0.017932 0.035647
0 0.794304 0.170732 0.012658 0.031895
0 0.631857 0.166979 0.016878 0.026266
0 0.555907 0.187617 0.013713 0.033771
0 0.572785 0.146341 0.011603 0.030019
0 0.705696 0.123827 0.008439 0.022514
0 0.879747 0.159475 0.009494 0.026266
0 0.773207 0.183865 0.010549 0.030019
0 0.624473 0.135084 0.009494 0.024390
0 0.524262 0.185741 0.012658 0.035647
0 0.736287 0.181989 0.012658 0.031895
0 0.429325 0.151970 0.010549 0.026266
0 0.938819 0.174484 0.008439 0.024390
0 0.454641 0.232645 0.016878 0.041276
0 0.882911 0.230769 0.015823 0.039400
