0 0.631579 0.196864 0.021442 0.050523
0 0.565302 0.155052 0.018519 0.033101
0 0.590643 0.125436 0.014620 0.031359
0 0.691033 0.390244 0.038986 0.064460
0 0.602339 0.141115 0.014620 0.036585
0 0.583821 0.245645 0.021442 0.043554
0 0.505848 0.297909 0.029240 0.052265
0 0.734893 0.184669 0.021442 0.047038
0 0.886940 0.236934 0.016569 0.050523
0 0.893762 0.193380 0.014620 0.038328
0 0.769981 0.135889 0.011696 0.029617
0 0.928850 0.242160 0.018519 0.045296
0 0.820663 0.207317 0.017544 0.047038
0 0.805068 0.268293 0.016569 0.043554
0 0.709552 0.175958 0.020468 0.045296
0 0.419103 0.156794 0.018519 0.031359
0 0.424951 0.181185 0.015595 0.031359
0 0.587719 0.162021 0.015595 0.036585
0 0.550682 0.120209 0.012671 0.029617
0 0.672515 0.216028 0.020468 0.043554
0 0.856725 0.229965 0.019493 0.038328
0 0.638402 0.120209 0.011696 0.026132
0 0.880117 0.162021 0.015595 0.040070
0 0.654971 0.120209 0.010721 0.026132
0 0.316764 0.238676 0.016569 0.045296
0 0.463938 0.139373 0.015595 0.022648
0 0.937622 0.174216 0.013645 0.033101
0 0.912281 0.264808 0.022417 0.048780
0 0.527290 0.160279 0.012671 0.033101
0 0.735867 0.231707 0.019493 0.055749
0 0.895712 0.385017 0.027290 0.059233
0 0.674464 0.175958 0.019493 0.034843
0 0.666667 0.259582 0.021442 0.048780
0 0.346979 0.189895 0.020468 0.034843
0 0.533138 0.139373 0.014620 0.029617
0 0.929825 0.289199 0.019493 0.047038
0 0.626706 0.256098 0.019493 0.050523
0 0.665692 0.327526 0.029240 0.073171
0 0.645224 0.106272 0.009747 0.026132
0 0.854776 0.196864 0.018519 0.034843
0 0.504873 0.177700 0.019493 0.040070
0 0.204678 0.360627 0.037037 0.081882
0 0.480507 0.235192 0.027290 0.050523
0 0.828460 0.177700 0.015595 0.033101
0 0.759259 0.162021 0.015595 0.041812
0 0.912281 0.179443 0.013645 0.033101
0 0.895712 0.231707 0.016569 0.041812
0 0.891813 0.442509 0.035088 0.071429
0 0.448343 0.181185 0.023392 0.036585
0 0.594542 0.292683 0.027290 0.057491
0 0.666667 0.113240 0.011696 0.027875
0 0.419103 0.207317 0.017544 0.040070
0 0.652047 0.144599 0.012671 0.031359
0 0.846004 0.158537 0.012671 0.031359
0 0.818713 0.282230 0.025341 0.055749
0 0.554581 0.189895 0.017544 0.034843
0 0.797271 0.153310 0.016569 0.040070
0 0.863548 0.283972 0.021442 0.047038
0 0.815789 0.360627 0.034113 0.073171
0 0.504873 0.151568 0.012671 0.019164
0 0.854776 0.304878 0.028265 0.059233
0 0.792398 0.209059 0.017544 0.050523
0 0.939571 0.219512 0.013645 0.031359
0 0.617934 0.106272 0.012671 0.033101
0 0.771930 0.196864 0.015595 0.034843
0 0.705653 0.125436 0.011696 0.026132
0 0.753411 0.127178 0.014620 0.034843
0 0.637427 0.156794 0.016569 0.033101
0 0.918129 0.163763 0.011696 0.026132
0 0.690058 0.121951 0.014620 0.029617
0 0.464912 0.163763 0.017544 0.031359
0 0.452242 0.222997 0.022417 0.040070
0 0.870370 0.191638 0.013645 0.036585
0 0.783626 0.141115 0.013645 0.036585
