0 0.685475 0.185455 0.012539 0.029091
0 0.451411 0.160000 0.012539 0.027273
0 0.500522 0.272727 0.021944 0.058182
0 0.610240 0.332727 0.022989 0.058182
0 0.524556 0.136364 0.015674 0.027273
0 0.758621 0.374545 0.032393 0.069091
0 0.649948 0.114545 0.011494 0.018182
0 0.455590 0.210909 0.016719 0.030909
0 0.854754 0.318182 0.025078 0.060000
0 0.664577 0.116364 0.005225 0.018182
0 0.565308 0.180000 0.019854 0.038182
0 0.737722 0.110909 0.011494 0.025455
0 0.669801 0.101818 0.013584 0.020000
0 0.816092 0.221818 0.016719 0.036364
0 0.800418 0.141818 0.013584 0.030909
0 0.351097 0.194545 0.015674 0.043636
0 0.595611 0.121818 0.008359 0.025455
0 0.721003 0.187273 0.015674 0.043636
0 0.737722 0.230909 0.020899 0.045455
0 0.703239 0.303636 0.029258 0.052727
0 0.800418 0.294545 0.022989 0.049091
0 0.430512 0.232727 0.019854 0.045455
0 0.377220 0.200000 0.015674 0.036364
0 0.657262 0.138182 0.010449 0.034545
0 0.630094 0.169091 0.017764 0.027273
0 0.402299 0.196364 0.020899 0.034545
0 0.422153 0.169091 0.012539 0.027273
0 0.894462 0.216364 0.015674 0.045455
0 0.483804 0.225455 0.014629 0.032727
0 0.538140 0.176364 0.015674 0.040000
0 0.838036 0.389091 0.030303 0.061818
0 0.309300 0.247273 0.018809 0.034545
0 0.706374 0.101818 0.009404 0.021818
0 0.603971 0.176364 0.018809 0.032727
0 0.497388 0.161818 0.014629 0.030909
0 0.941484 0.289091 0.021944 0.052727
0 0.287356 0.229091 0.011494 0.030909
0 0.939394 0.354545 0.027168 0.060000
0 0.638454 0.130909 0.013584 0.023636
0 0.692790 0.247273 0.020899 0.041818
0 0.387670 0.249091 0.016719 0.047273
0 0.500522 0.136364 0.012539 0.029091
0 0.809822 0.154545 0.015674 0.041818
0 0.733542 0.296364 0.019854 0.052727
0 0.779519 0.249091 0.019854 0.054545
0 0.764890 0.130909 0.012539 0.032727
0 0.834901 0.258182 0.018809 0.050909
0 0.477534 0.149091 0.015674 0.030909
0 0.555904 0.130909 0.013584 0.020000
0 0.695925 0.125455 0.009404 0.027273
0 0.421108 0.149091 0.011494 0.021818
0 0.556949 0.303636 0.029258 0.050909
0 0.766980 0.198182 0.019854 0.047273
0 0.594566 0.232727 0.021944 0.050909
0 0.586207 0.112727 0.012539 0.027273
0 0.430512 0.190909 0.015674 0.034545
0 0.887147 0.265455 0.021944 0.047273
0 0.647858 0.245455 0.016719 0.049091
0 0.361546 0.227273 0.015674 0.032727
