0 0.498437 0.377778 0.046875 0.083333
0 0.612500 0.347222 0.037500 0.075000
0 0.382812 0.361111 0.050000 0.119444
0 0.559375 0.480556 0.065625 0.133333
0 0.912500 0.619444 0.070312 0.161111
0 0.845313 0.427778 0.046875 0.116667
0 0.667188 0.386111 0.035937 0.066667
0 0.170313 0.427778 0.084375 0.136111
0 0.420312 0.427778 0.053125 0.113889
0 0.246875 0.563889 0.084375 0.172222
0 0.489063 0.338889 0.039062 0.072222
0 0.762500 0.433333 0.045312 0.091667
0 0.275000 0.294444 0.042188 0.091667
0 0.700000 0.466667 0.059375 0.125000
