0 0.785642 0.299639 0.025278 0.057762
0 0.421638 0.133574 0.014156 0.032491
0 0.542973 0.128159 0.014156 0.028881
0 0.691608 0.167870 0.013145 0.030686
0 0.503539 0.120939 0.013145 0.027076
0 0.541962 0.279783 0.030334 0.066787
0 0.886754 0.227437 0.021234 0.048736
0 0.345804 0.252708 0.020222 0.037906
0 0.522750 0.153430 0.014156 0.030686
0 0.582406 0.162455 0.019211 0.037906
0 0.625885 0.108303 0.015167 0.030686
0 0.577351 0.111913 0.012133 0.034296
0 0.464105 0.138989 0.013145 0.028881
0 0.475228 0.178700 0.018200 0.030686
0 0.725986 0.149819 0.017189 0.037906
0 0.604651 0.113718 0.013145 0.032491
0 0.343782 0.171480 0.015167 0.030686
0 0.813953 0.411552 0.034378 0.079422
0 0.755308 0.185921 0.017189 0.036101
0 0.441860 0.220217 0.018200 0.039711
0 0.601618 0.330325 0.030334 0.070397
0 0.768453 0.140794 0.016178 0.030686
0 0.696663 0.099278 0.012133 0.023466
0 0.506572 0.193141 0.019211 0.034296
0 0.832154 0.328520 0.030334 0.064982
0 0.371082 0.191336 0.013145 0.036101
0 0.387260 0.200361 0.018200 0.037906
0 0.665319 0.101083 0.014156 0.023466
0 0.949444 0.211191 0.017189 0.045126
0 0.322548 0.225632 0.021234 0.043321
0 0.739130 0.155235 0.016178 0.037906
0 0.621840 0.124549 0.013145 0.025271
0 0.791709 0.153430 0.018200 0.041516
0 0.419616 0.223827 0.024267 0.043321
0 0.743175 0.129964 0.015167 0.030686
0 0.341759 0.205776 0.021234 0.032491
0 0.580384 0.220217 0.023256 0.048736
0 0.669363 0.178700 0.017189 0.041516
0 0.670374 0.247292 0.027300 0.052347
0 0.446916 0.166065 0.017189 0.032491
0 0.489383 0.129964 0.011122 0.023466
0 0.709808 0.104693 0.014156 0.028881
0 0.658241 0.111913 0.012133 0.027076
0 0.419616 0.169675 0.019211 0.036101
0 0.701719 0.187726 0.018200 0.037906
0 0.761375 0.151625 0.014156 0.036101
0 0.476239 0.146209 0.015167 0.027076
0 0.894843 0.442238 0.037412 0.090253
0 0.789687 0.227437 0.021234 0.041516
0 0.696663 0.305054 0.029323 0.059567
0 0.917088 0.344765 0.030334 0.070397
0 0.494439 0.157040 0.016178 0.032491
0 0.549039 0.158845 0.020222 0.034296
0 0.621840 0.144404 0.016178 0.028881
0 0.751264 0.362816 0.032356 0.072202
0 0.619818 0.211191 0.018200 0.034296
0 0.537917 0.198556 0.023256 0.037906
0 0.687563 0.119134 0.013145 0.025271
0 0.726997 0.288809 0.023256 0.063177
0 0.668352 0.131769 0.013145 0.027076
0 0.487361 0.212996 0.023256 0.037906
0 0.216380 0.361011 0.051567 0.097473
0 0.382204 0.243682 0.022245 0.045126
0 0.491405 0.277978 0.028311 0.061372
0 0.570273 0.122744 0.013145 0.028881
0 0.621840 0.250903 0.024267 0.055957
0 0.763397 0.229242 0.021234 0.043321
0 0.409505 0.207581 0.017189 0.034296
0 0.918099 0.277978 0.023256 0.057762
0 0.520728 0.128159 0.015167 0.028881
0 0.303337 0.223827 0.019211 0.046931
0 0.721941 0.216606 0.022245 0.041516
