0 0.072000 0.354093 0.076000 0.083630
0 0.654667 0.279359 0.082667 0.128114
0 0.297333 0.245552 0.054667 0.074733
0 0.168000 0.281139 0.058667 0.081851
0 0.097333 0.717082 0.140000 0.197509
0 0.260000 0.750890 0.141333 0.179715
0 0.537333 0.846975 0.177333 0.247331
0 0.118667 0.314947 0.070667 0.088968
0 0.368000 0.256228 0.054667 0.067616
0 0.045333 0.419929 0.080000 0.092527
0 0.073333 0.393238 0.070667 0.083630
0 0.052000 0.489324 0.097333 0.122776
0 0.052000 0.572954 0.094667 0.158363
0 0.234667 0.261566 0.066667 0.080071
