0 0.188000 0.315642 0.044000 0.078212
0 0.780000 0.229050 0.304000 0.430168
0 0.360000 0.312849 0.044000 0.069832
0 0.412000 0.279330 0.034000 0.061453
0 0.444000 0.259777 0.028000 0.055866
0 0.116000 0.446927 0.084000 0.120112
0 0.368000 0.259777 0.032000 0.050279
0 0.602000 0.284916 0.036000 0.067039
0 0.260000 0.293296 0.040000 0.058659
0 0.274000 0.396648 0.064000 0.106145
0 0.274000 0.332402 0.044000 0.078212
0 0.028000 0.385475 0.052000 0.100559
0 0.070000 0.312849 0.054000 0.075419
0 0.498000 0.270950 0.036000 0.061453
0 0.374000 0.385475 0.062000 0.097765
0 0.290000 0.581006 0.118000 0.189944
0 0.486000 0.363128 0.050000 0.081006
0 0.148000 0.332402 0.058000 0.081006
0 0.456000 0.491620 0.094000 0.145251
