0 0.080460 0.495677 0.028736 0.051873
0 0.260536 0.492795 0.021073 0.034582
0 0.413793 0.484150 0.024904 0.043228
0 0.557471 0.469741 0.022989 0.048991
0 0.091954 0.533141 0.032567 0.063401
0 0.197318 0.576369 0.051724 0.083573
0 0.442529 0.432277 0.019157 0.040346
0 0.718391 0.481268 0.034483 0.057637
0 0.616858 0.466859 0.032567 0.048991
0 0.975096 0.475504 0.045977 0.083573
0 0.477011 0.547550 0.047893 0.083573
0 0.842912 0.489914 0.040230 0.077810
0 0.486590 0.475504 0.026820 0.051873
0 0.164751 0.533141 0.038314 0.069164
0 0.599617 0.495677 0.034483 0.063401
0 0.463602 0.498559 0.026820 0.051873
0 0.287356 0.489914 0.024904 0.048991
0 0.260536 0.645533 0.067050 0.103746
0 0.141762 0.527378 0.026820 0.046110
0 0.340996 0.475504 0.021073 0.043228
0 0.505747 0.510086 0.032567 0.060519
0 0.534483 0.495677 0.028736 0.054755
0 0.509579 0.469741 0.021073 0.037464
0 0.651341 0.521614 0.049808 0.080692
0 0.270115 0.510086 0.022989 0.040346
0 0.356322 0.527378 0.038314 0.060519
0 0.773946 0.484150 0.032567 0.054755
0 0.406130 0.541787 0.040230 0.063401
