0 0.862282 0.285714 0.025694 0.056058
0 0.797533 0.220615 0.014388 0.037975
0 0.889003 0.242315 0.017472 0.037975
0 0.515930 0.133816 0.011305 0.027125
0 0.267215 0.231465 0.014388 0.036166
0 0.765673 0.253165 0.021583 0.054250
0 0.423433 0.155515 0.014388 0.028933
0 0.793422 0.307414 0.024666 0.059675
0 0.579651 0.126582 0.013361 0.025316
0 0.754368 0.215190 0.018499 0.045208
0 0.742035 0.188065 0.018499 0.034358
0 0.745118 0.141049 0.015416 0.032550
0 0.838643 0.151899 0.014388 0.034358
0 0.499486 0.141049 0.014388 0.032550
0 0.405961 0.169982 0.017472 0.036166
0 0.656732 0.119349 0.012333 0.027125
0 0.854060 0.162749 0.014388 0.025316
0 0.568345 0.258590 0.024666 0.041591
0 0.892086 0.215190 0.015416 0.030741
0 0.464543 0.209765 0.018499 0.028933
0 0.886948 0.159132 0.013361 0.034358
0 0.408016 0.231465 0.025694 0.052441
0 0.708119 0.122966 0.012333 0.030741
0 0.674203 0.226040 0.021583 0.050633
0 0.951696 0.182640 0.012333 0.030741
0 0.510791 0.148282 0.013361 0.027125
0 0.520041 0.184448 0.015416 0.043400
0 0.700925 0.182640 0.016444 0.032550
0 0.617677 0.115732 0.011305 0.028933
0 0.837616 0.206148 0.017472 0.032550
0 0.597122 0.148282 0.016444 0.025316
0 0.687564 0.113924 0.012333 0.028933
0 0.699897 0.209765 0.017472 0.039783
0 0.735868 0.148282 0.019527 0.034358
0 0.861254 0.193490 0.018499 0.041591
0 0.923947 0.249548 0.019527 0.043400
0 0.531346 0.144665 0.015416 0.028933
0 0.630010 0.117541 0.014388 0.018083
0 0.728674 0.287523 0.031860 0.057866
0 0.439877 0.175407 0.016444 0.034358
0 0.634121 0.132007 0.014388 0.027125
0 0.839671 0.244123 0.021583 0.043400
0 0.534430 0.166365 0.013361 0.030741
0 0.377184 0.182640 0.016444 0.027125
0 0.383350 0.209765 0.016444 0.028933
0 0.802672 0.169982 0.014388 0.036166
0 0.847893 0.325497 0.027749 0.063291
0 0.868448 0.177215 0.017472 0.034358
0 0.566290 0.142857 0.014388 0.025316
0 0.811922 0.162749 0.013361 0.030741
0 0.560123 0.189873 0.018499 0.039783
0 0.421377 0.220615 0.015416 0.028933
0 0.602261 0.175407 0.017472 0.036166
0 0.923947 0.343580 0.027749 0.066908
0 0.802672 0.137432 0.012333 0.036166
0 0.685509 0.258590 0.022610 0.048825
0 0.357657 0.197107 0.015416 0.034358
0 0.486125 0.153707 0.014388 0.032550
0 0.506680 0.213382 0.022610 0.050633
0 0.563207 0.298373 0.025694 0.047016
0 0.821172 0.141049 0.013361 0.032550
0 0.679342 0.130199 0.015416 0.028933
0 0.642343 0.197107 0.019527 0.041591
0 0.942446 0.209765 0.013361 0.028933
0 0.624872 0.262206 0.025694 0.048825
0 0.919836 0.301989 0.020555 0.041591
0 0.617677 0.169982 0.016444 0.036166
0 0.604317 0.115732 0.011305 0.025316
0 0.654676 0.142857 0.017472 0.034358
0 0.462487 0.144665 0.012333 0.027125
0 0.765673 0.141049 0.015416 0.034358
