0 0.542543 0.169312 0.015015 0.028219
0 0.804805 0.162257 0.012012 0.028219
0 0.934935 0.192240 0.016016 0.029982
0 0.689690 0.174603 0.013013 0.029982
0 0.459459 0.169312 0.013013 0.037037
0 0.452452 0.223986 0.016016 0.038801
0 0.833834 0.176367 0.013013 0.029982
0 0.592593 0.137566 0.015015 0.028219
0 0.499499 0.194004 0.019019 0.033510
0 0.737738 0.148148 0.013013 0.029982
0 0.518519 0.164021 0.015015 0.031746
0 0.722723 0.148148 0.013013 0.031746
0 0.573574 0.179894 0.015015 0.029982
0 0.938939 0.171076 0.011011 0.028219
0 0.701702 0.125220 0.010010 0.026455
0 0.524525 0.126984 0.013013 0.026455
0 0.492492 0.137566 0.015015 0.028219
0 0.438438 0.155203 0.012012 0.024691
0 0.872873 0.273369 0.019019 0.045855
0 0.406406 0.172840 0.013013 0.029982
0 0.923924 0.268078 0.015015 0.044092
0 0.920921 0.178131 0.013013 0.031746
0 0.932933 0.229277 0.013013 0.037037
0 0.792793 0.215168 0.015015 0.037037
0 0.785786 0.171076 0.014014 0.029982
0 0.561562 0.155203 0.014014 0.026455
0 0.471471 0.165785 0.013013 0.031746
0 0.585586 0.225750 0.018018 0.045855
0 0.653654 0.118166 0.017017 0.024691
0 0.477477 0.197531 0.015015 0.024691
0 0.322322 0.216931 0.016016 0.031746
0 0.618619 0.112875 0.012012 0.035273
0 0.675676 0.107584 0.013013 0.031746
0 0.663664 0.222222 0.019019 0.042328
0 0.895896 0.213404 0.014014 0.031746
0 0.371371 0.181658 0.015015 0.028219
0 0.622623 0.195767 0.018018 0.040564
0 0.792793 0.137566 0.011011 0.026455
0 0.876877 0.239859 0.015015 0.038801
0 0.431431 0.174603 0.014014 0.026455
0 0.705706 0.195767 0.018018 0.040564
0 0.659660 0.144621 0.011011 0.028219
0 0.735736 0.178131 0.013013 0.028219
0 0.818819 0.139330 0.013013 0.031746
0 0.367367 0.197531 0.014014 0.028219
0 0.765766 0.179894 0.015015 0.035273
0 0.532533 0.209877 0.018018 0.029982
0 0.714715 0.222222 0.018018 0.038801
0 0.570571 0.125220 0.016016 0.024691
0 0.872873 0.158730 0.012012 0.028219
0 0.805806 0.204586 0.015015 0.033510
0 0.853854 0.199295 0.013013 0.035273
0 0.761762 0.137566 0.018018 0.022928
0 0.849850 0.148148 0.012012 0.026455
