0 0.340340 0.216696 0.018018 0.040853
0 0.642643 0.257549 0.023023 0.053286
0 0.925926 0.291297 0.023023 0.040853
0 0.431431 0.191829 0.030030 0.056838
0 0.549550 0.191829 0.019019 0.039076
0 0.505506 0.175844 0.020020 0.044405
0 0.840841 0.342806 0.029029 0.055062
0 0.597598 0.161634 0.017017 0.035524
0 0.268268 0.250444 0.027027 0.056838
0 0.165165 0.229130 0.019019 0.037300
0 0.444444 0.227353 0.018018 0.031972
0 0.490490 0.222025 0.023023 0.044405
0 0.723724 0.294849 0.027027 0.060391
0 0.100100 0.262877 0.017017 0.028419
