0 0.593838 0.127483 0.011204 0.029801
0 0.755369 0.132450 0.015873 0.028146
0 0.610644 0.269868 0.026144 0.057947
0 0.581699 0.294702 0.027077 0.056291
0 0.110177 0.557947 0.057890 0.105960
0 0.755369 0.144040 0.014939 0.031457
0 0.442577 0.198675 0.018674 0.033113
0 0.846872 0.296358 0.028011 0.059603
0 0.391223 0.296358 0.026144 0.049669
0 0.271709 0.278146 0.020542 0.039735
0 0.667600 0.264901 0.023343 0.057947
0 0.727358 0.206954 0.019608 0.048013
0 0.535014 0.190397 0.017740 0.039735
0 0.705882 0.192053 0.018674 0.043046
0 0.891690 0.158940 0.014939 0.031457
0 0.701214 0.233444 0.026144 0.054636
0 0.618114 0.301325 0.028011 0.056291
0 0.884220 0.193709 0.017740 0.048013
0 0.353875 0.235099 0.020542 0.039735
0 0.633053 0.142384 0.014006 0.034768
0 0.377218 0.185430 0.013072 0.031457
0 0.460317 0.153974 0.015873 0.031457
0 0.560224 0.152318 0.013072 0.028146
0 0.831933 0.158940 0.016807 0.029801
0 0.787115 0.157285 0.014006 0.038079
0 0.381886 0.230132 0.018674 0.039735
0 0.846872 0.243377 0.025210 0.059603
0 0.307190 0.236755 0.019608 0.034768
0 0.569561 0.183775 0.017740 0.039735
0 0.507937 0.175497 0.017740 0.031457
0 0.719888 0.140728 0.014006 0.036424
0 0.906629 0.240066 0.018674 0.048013
0 0.482726 0.203642 0.021475 0.041391
0 0.479925 0.144040 0.014006 0.028146
0 0.348273 0.271523 0.021475 0.039735
0 0.892624 0.167219 0.015873 0.031457
0 0.927171 0.263245 0.023343 0.057947
0 0.386555 0.197020 0.014939 0.029801
0 0.714286 0.279801 0.022409 0.064570
0 0.622782 0.211921 0.020542 0.041391
0 0.563959 0.125828 0.013072 0.029801
0 0.299720 0.273179 0.019608 0.036424
0 0.772176 0.276490 0.028011 0.062914
0 0.680672 0.162252 0.015873 0.041391
0 0.846872 0.165563 0.017740 0.039735
0 0.797386 0.182119 0.019608 0.041391
0 0.614379 0.125828 0.013072 0.029801
0 0.594771 0.150662 0.013072 0.033113
0 0.774977 0.206954 0.020542 0.048013
0 0.530345 0.173841 0.015873 0.031457
0 0.671335 0.125828 0.015873 0.028146
0 0.471522 0.236755 0.021475 0.046358
0 0.442577 0.177152 0.016807 0.029801
0 0.667600 0.223510 0.023343 0.049669
0 0.418301 0.198675 0.015873 0.033113
0 0.435107 0.254967 0.022409 0.044702
0 0.503268 0.294702 0.028945 0.056291
0 0.768441 0.162252 0.017740 0.034768
0 0.844071 0.195364 0.018674 0.044702
0 0.330532 0.235099 0.019608 0.038079
