0 0.404032 0.191074 0.012097 0.027894
0 0.757258 0.152022 0.013710 0.034868
0 0.587903 0.147838 0.012097 0.033473
0 0.672581 0.251046 0.020161 0.054393
0 0.332258 0.262204 0.016935 0.041841
0 0.276613 0.269177 0.016129 0.034868
0 0.518548 0.191074 0.016129 0.039052
0 0.547581 0.193863 0.014516 0.037657
0 0.691935 0.206416 0.015323 0.037657
0 0.614516 0.146444 0.012097 0.030683
0 0.842742 0.217573 0.017742 0.044630
0 0.687903 0.174338 0.014516 0.030683
0 0.505645 0.132497 0.008871 0.019526
0 0.833065 0.231520 0.018548 0.048815
0 0.369355 0.209205 0.016935 0.030683
0 0.770161 0.174338 0.015323 0.036262
0 0.875000 0.252441 0.020161 0.050209
0 0.533065 0.177127 0.016129 0.036262
0 0.595161 0.163180 0.012097 0.030683
0 0.678226 0.125523 0.011290 0.026499
0 0.424194 0.216179 0.015323 0.040446
0 0.577419 0.237099 0.021774 0.043236
0 0.494355 0.207810 0.017742 0.037657
0 0.853226 0.191074 0.015323 0.037657
0 0.320968 0.260809 0.012903 0.033473
0 0.858871 0.327755 0.020968 0.059972
0 0.887903 0.191074 0.012097 0.032078
0 0.406452 0.280335 0.018548 0.048815
0 0.549194 0.317992 0.027419 0.051604
0 0.499194 0.297071 0.022581 0.048815
0 0.628226 0.234310 0.023387 0.054393
0 0.733871 0.156206 0.013710 0.032078
0 0.741935 0.262204 0.027419 0.055788
0 0.281452 0.252441 0.012903 0.027894
0 0.364516 0.280335 0.016129 0.046025
0 0.875000 0.145049 0.011290 0.032078
0 0.810484 0.178522 0.016129 0.039052
0 0.623387 0.138075 0.012097 0.026499
0 0.462097 0.168759 0.012903 0.034868
0 0.334677 0.224547 0.014516 0.040446
0 0.551613 0.154812 0.012903 0.027894
0 0.758065 0.224547 0.019355 0.044630
0 0.683871 0.319386 0.025806 0.073919
0 0.650000 0.124128 0.013710 0.027894
0 0.802419 0.154812 0.012903 0.036262
0 0.362097 0.249651 0.016935 0.033473
0 0.454839 0.227336 0.014516 0.043236
0 0.745968 0.350070 0.030645 0.071130
0 0.726613 0.221757 0.016935 0.043236
0 0.653226 0.170153 0.016129 0.037657
0 0.787097 0.193863 0.015323 0.043236
0 0.654839 0.224547 0.019355 0.044630
0 0.891935 0.214784 0.017742 0.043236
0 0.450000 0.160391 0.011290 0.029289
0 0.616935 0.101813 0.011290 0.022315
0 0.820161 0.168759 0.013710 0.036262
0 0.793548 0.283124 0.020161 0.062762
0 0.928226 0.258020 0.020968 0.048815
