0 0.642202 0.108020 0.014679 0.029460
0 0.202752 0.479542 0.050459 0.101473
0 0.919266 0.207856 0.020183 0.042553
0 0.838532 0.157119 0.015596 0.036007
0 0.362385 0.243863 0.021101 0.039280
0 0.550459 0.165303 0.016514 0.031097
0 0.788991 0.155483 0.013761 0.027823
0 0.544954 0.126023 0.011927 0.029460
0 0.540367 0.207856 0.020183 0.040917
0 0.861468 0.175123 0.016514 0.036007
0 0.375229 0.165303 0.014679 0.031097
0 0.507339 0.150573 0.014679 0.031097
0 0.743119 0.198036 0.017431 0.037643
0 0.517431 0.127660 0.013761 0.032733
0 0.479817 0.144026 0.014679 0.034370
0 0.495413 0.189853 0.024771 0.032733
0 0.440367 0.202946 0.024771 0.036007
0 0.729358 0.170213 0.014679 0.037643
0 0.303670 0.216039 0.017431 0.036007
0 0.609174 0.116203 0.011009 0.027823
0 0.769725 0.155483 0.015596 0.029460
0 0.703670 0.111293 0.014679 0.029460
0 0.936697 0.165303 0.011009 0.036007
0 0.879817 0.270049 0.017431 0.037643
0 0.596330 0.114566 0.015596 0.032733
0 0.395413 0.479542 0.070642 0.147300
0 0.273394 0.229133 0.019266 0.039280
0 0.702752 0.168576 0.016514 0.036007
0 0.603670 0.243863 0.026606 0.052373
0 0.822018 0.265139 0.023853 0.047463
0 0.475229 0.153846 0.016514 0.029460
0 0.529358 0.126023 0.011927 0.024550
0 0.407339 0.212766 0.019266 0.040917
0 0.329358 0.180033 0.016514 0.039280
0 0.432110 0.129296 0.018349 0.027823
0 0.617431 0.103110 0.011009 0.019640
0 0.624771 0.171849 0.013761 0.031097
0 0.591743 0.152209 0.025688 0.026187
0 0.719266 0.320786 0.028440 0.055646
0 0.755963 0.243863 0.020183 0.042553
0 0.407339 0.256956 0.023853 0.045827
0 0.818349 0.202946 0.019266 0.032733
0 0.933945 0.256956 0.017431 0.042553
0 0.913761 0.176759 0.017431 0.029460
0 0.328440 0.235679 0.018349 0.031097
0 0.904587 0.384615 0.028440 0.050736
0 0.712844 0.193126 0.018349 0.036007
0 0.495413 0.111293 0.011927 0.024550
0 0.890826 0.189853 0.012844 0.039280
0 0.380734 0.201309 0.018349 0.039280
0 0.648624 0.132570 0.015596 0.029460
0 0.795413 0.137480 0.013761 0.019640
0 0.676147 0.216039 0.022936 0.044190
0 0.788073 0.232406 0.017431 0.039280
0 0.466972 0.116203 0.014679 0.032733
0 0.720183 0.230769 0.021101 0.037643
0 0.322936 0.216039 0.014679 0.029460
0 0.849541 0.147300 0.011927 0.026187
0 0.745872 0.328969 0.032110 0.063830
0 0.672477 0.116203 0.013761 0.027823
0 0.556881 0.229133 0.022936 0.047463
0 0.351376 0.193126 0.019266 0.034370
0 0.472477 0.183306 0.021101 0.034370
0 0.900917 0.199673 0.012844 0.042553
0 0.781651 0.299509 0.023853 0.057283
