0 0.178161 0.410383 0.039409 0.077874
0 0.642857 0.451174 0.041051 0.071693
0 0.858785 0.385661 0.026273 0.058096
0 0.701149 0.367120 0.027915 0.044499
0 0.147783 0.401731 0.036946 0.077874
0 0.617406 0.385661 0.022989 0.045735
0 0.939245 0.778739 0.085386 0.145859
0 0.404762 0.552534 0.045156 0.079110
0 0.252874 0.396786 0.030378 0.046972
0 0.822660 0.744129 0.070608 0.121137
0 0.413793 0.391842 0.020525 0.042027
0 0.711002 0.407911 0.032020 0.063041
0 0.327586 0.400494 0.023810 0.043263
0 0.600985 0.412855 0.032841 0.061805
0 0.532841 0.409147 0.024631 0.051916
0 0.750411 0.444994 0.039409 0.080346
0 0.915435 0.373300 0.057471 0.102596
0 0.367816 0.414091 0.027094 0.051916
0 0.027915 0.384425 0.046798 0.093943
0 0.339080 0.419036 0.031199 0.053152
0 0.481938 0.370828 0.027915 0.048208
0 0.747947 0.390606 0.035304 0.061805
0 0.274220 0.401731 0.039409 0.084054
0 0.638752 0.388133 0.022989 0.050680
0 0.832512 0.351051 0.050903 0.100124
0 0.434319 0.391842 0.026273 0.058096
0 0.511494 0.416564 0.027094 0.053152
0 0.816092 0.393078 0.026273 0.055624
0 0.220854 0.393078 0.036125 0.072930
0 0.394089 0.410383 0.027094 0.050680
0 0.568966 0.456119 0.040230 0.067985
0 0.564860 0.389370 0.034483 0.058096
0 0.295567 0.391842 0.023810 0.049444
0 0.494253 0.405439 0.026273 0.049444
0 0.661741 0.379481 0.029557 0.066749
0 0.490148 0.456119 0.038588 0.067985
0 0.461412 0.401731 0.028736 0.053152
0 0.769294 0.383189 0.023810 0.069221
0 0.682266 0.402967 0.022989 0.044499
