0 0.393750 0.205273 0.020833 0.039548
0 0.627083 0.254237 0.035417 0.058380
0 0.477083 0.165725 0.013542 0.035782
0 0.803125 0.212806 0.016667 0.043315
0 0.464583 0.163842 0.013542 0.033898
0 0.580208 0.120527 0.015625 0.020716
0 0.837500 0.263653 0.020833 0.041431
0 0.197917 0.516008 0.043750 0.075330
0 0.452083 0.225989 0.019792 0.041431
0 0.418750 0.214689 0.017708 0.032015
0 0.517708 0.195857 0.018750 0.035782
0 0.931250 0.265537 0.026042 0.032015
0 0.069792 0.280603 0.013542 0.039548
0 0.554167 0.184557 0.021875 0.035782
0 0.919792 0.128060 0.014583 0.039548
