0 0.687379 0.131261 0.009709 0.024180
0 0.468932 0.141623 0.013592 0.031088
0 0.920388 0.179620 0.013592 0.032815
0 0.775728 0.169257 0.013592 0.034542
0 0.700971 0.129534 0.013592 0.022453
0 0.547573 0.184801 0.019417 0.039724
0 0.466019 0.229706 0.021359 0.037997
0 0.668932 0.195164 0.021359 0.041451
0 0.867961 0.184801 0.015534 0.027634
0 0.502913 0.162349 0.016505 0.031088
0 0.800971 0.371330 0.032039 0.077720
0 0.925243 0.253886 0.019417 0.039724
0 0.549515 0.146805 0.011650 0.024180
0 0.818447 0.252159 0.021359 0.044905
0 0.586408 0.184801 0.018447 0.037997
0 0.491262 0.326425 0.031068 0.056995
0 0.591262 0.153713 0.016505 0.037997
0 0.938835 0.221071 0.012621 0.031088
0 0.350485 0.181347 0.015534 0.032815
0 0.818447 0.202073 0.013592 0.036269
0 0.940777 0.193437 0.012621 0.027634
0 0.743689 0.162349 0.014563 0.029361
0 0.412621 0.172712 0.015534 0.034542
0 0.631068 0.145078 0.015534 0.034542
0 0.558252 0.196891 0.017476 0.034542
0 0.626214 0.236615 0.021359 0.048359
0 0.873786 0.155440 0.010680 0.020725
0 0.600000 0.132988 0.012621 0.029361
0 0.755340 0.164076 0.014563 0.034542
0 0.877670 0.174439 0.011650 0.024180
0 0.581553 0.267703 0.024272 0.051813
0 0.308738 0.238342 0.020388 0.039724
0 0.666990 0.316062 0.020388 0.043178
0 0.567961 0.153713 0.016505 0.032815
0 0.848544 0.198618 0.019417 0.039724
0 0.321359 0.214162 0.017476 0.027634
0 0.564078 0.322971 0.028155 0.063903
0 0.531068 0.134715 0.011650 0.027634
0 0.673786 0.120898 0.011650 0.025907
0 0.453398 0.191710 0.016505 0.036269
0 0.637864 0.129534 0.015534 0.029361
0 0.508738 0.143351 0.012621 0.031088
0 0.803883 0.217617 0.015534 0.039724
0 0.828155 0.226252 0.019417 0.037997
0 0.612621 0.110535 0.014563 0.031088
0 0.881553 0.205527 0.015534 0.032815
0 0.866990 0.284974 0.026214 0.056995
0 0.650485 0.164076 0.016505 0.031088
0 0.889320 0.240069 0.017476 0.048359
0 0.828155 0.186528 0.012621 0.027634
0 0.633010 0.184801 0.016505 0.029361
0 0.753398 0.091537 0.014563 0.034542
0 0.903883 0.428325 0.033010 0.069085
0 0.781553 0.305699 0.026214 0.055268
0 0.868932 0.221071 0.020388 0.041451
0 0.432039 0.188256 0.015534 0.027634
0 0.736893 0.189983 0.018447 0.041451
0 0.795146 0.189983 0.017476 0.036269
0 0.591262 0.124352 0.012621 0.031088
0 0.852427 0.374784 0.028155 0.053541
0 0.666990 0.131261 0.009709 0.029361
0 0.451456 0.157168 0.014563 0.031088
0 0.727184 0.238342 0.022330 0.041451
0 0.592233 0.316062 0.032039 0.063903
0 0.917476 0.336788 0.022330 0.039724
0 0.710680 0.183074 0.017476 0.034542
0 0.497087 0.139896 0.011650 0.029361
0 0.362136 0.196891 0.014563 0.034542
0 0.698058 0.322971 0.030097 0.069085
0 0.538835 0.139896 0.011650 0.020725
0 0.200971 0.367876 0.036893 0.074266
