0 0.325000 0.258160 0.036667 0.065282
0 0.601667 0.338279 0.041667 0.080119
0 0.743333 0.311573 0.041667 0.080119
0 0.858333 0.270030 0.028333 0.056380
0 0.786667 0.320475 0.046667 0.077151
0 0.273333 0.433234 0.076667 0.127596
0 0.410000 0.569733 0.091667 0.172107
0 0.716667 0.216617 0.026667 0.050445
0 0.645000 0.267062 0.031667 0.068249
0 0.160000 0.272997 0.038333 0.071217
0 0.625000 0.320475 0.040000 0.074184
0 0.596667 0.275964 0.026667 0.050445
0 0.673333 0.305638 0.033333 0.053412
0 0.356667 0.302671 0.048333 0.086053
0 0.231667 0.296736 0.041667 0.071217
0 0.620000 0.258160 0.025000 0.050445
0 0.880000 0.305638 0.033333 0.065282
0 0.206667 0.281899 0.030000 0.068249
0 0.691667 0.272997 0.025000 0.047478
0 0.701667 0.335312 0.043333 0.091988
0 0.140000 0.234421 0.036667 0.062315
0 0.136667 0.611276 0.141667 0.255193
0 0.481667 0.299703 0.038333 0.083086
0 0.095000 0.284866 0.045000 0.103858
0 0.525000 0.278932 0.021667 0.056380
0 0.918333 0.406528 0.060000 0.109792
0 0.268333 0.231454 0.033333 0.065282
0 0.550000 0.278932 0.026667 0.062315
0 0.271667 0.272997 0.035000 0.074184
