0 0.455520 0.145315 0.011790 0.024857
0 0.553055 0.189293 0.019293 0.038241
0 0.673098 0.093690 0.016077 0.034417
0 0.846731 0.330784 0.025723 0.059273
0 0.422294 0.179732 0.018221 0.032505
0 0.915327 0.300191 0.026795 0.063098
0 0.334405 0.212237 0.019293 0.042065
0 0.616292 0.250478 0.025723 0.045889
0 0.819936 0.225621 0.020364 0.043977
0 0.405145 0.166348 0.015005 0.032505
0 0.649518 0.145315 0.016077 0.030593
0 0.692390 0.183556 0.022508 0.040153
0 0.749196 0.158700 0.017149 0.040153
0 0.897106 0.200765 0.013934 0.038241
0 0.863880 0.298279 0.022508 0.049713
0 0.484459 0.173996 0.015005 0.028681
0 0.660236 0.189293 0.019293 0.036329
0 0.827438 0.175908 0.019293 0.040153
0 0.566988 0.288719 0.030011 0.066922
0 0.710611 0.242830 0.022508 0.055449
0 0.555198 0.258126 0.023580 0.038241
0 0.878885 0.235182 0.020364 0.053537
0 0.763130 0.187380 0.017149 0.040153
0 0.902465 0.374761 0.023580 0.061185
0 0.727760 0.187380 0.018221 0.036329
0 0.845659 0.202677 0.018221 0.040153
0 0.733119 0.135755 0.015005 0.034417
0 0.653805 0.286807 0.023580 0.051625
0 0.927117 0.441683 0.035370 0.076482
0 0.450161 0.179732 0.011790 0.030593
0 0.542337 0.128107 0.011790 0.024857
0 0.465166 0.185468 0.016077 0.026769
0 0.442658 0.151052 0.013934 0.026769
0 0.780279 0.225621 0.022508 0.047801
0 0.509110 0.143403 0.011790 0.028681
0 0.811361 0.261950 0.022508 0.047801
0 0.800643 0.202677 0.017149 0.036329
0 0.510182 0.172084 0.018221 0.038241
0 0.481243 0.152964 0.012862 0.022945
0 0.533762 0.145315 0.015005 0.028681
0 0.632369 0.208413 0.022508 0.051625
0 0.887460 0.202677 0.013934 0.040153
0 0.558414 0.152964 0.013934 0.030593
0 0.527331 0.128107 0.011790 0.022945
0 0.445874 0.216061 0.020364 0.045889
0 0.861736 0.195029 0.013934 0.034417
0 0.621651 0.126195 0.013934 0.024857
0 0.494105 0.292543 0.028939 0.057361
0 0.302251 0.246654 0.022508 0.042065
0 0.922830 0.246654 0.018221 0.053537
0 0.588424 0.154876 0.016077 0.034417
0 0.474812 0.237094 0.025723 0.049713
0 0.801715 0.300191 0.026795 0.057361
0 0.663451 0.217973 0.017149 0.043977
