0 0.376676 0.182898 0.017426 0.033254
0 0.438338 0.182898 0.017426 0.028504
0 0.801609 0.211401 0.017426 0.038005
0 0.505362 0.194774 0.016086 0.040380
0 0.615282 0.111639 0.013405 0.023753
0 0.914209 0.256532 0.020107 0.047506
0 0.797587 0.142518 0.012064 0.026128
0 0.833780 0.137767 0.016086 0.028504
0 0.882038 0.275534 0.020107 0.047506
0 0.660858 0.123515 0.009383 0.021378
0 0.584450 0.130641 0.014745 0.033254
0 0.506702 0.166271 0.014745 0.030879
0 0.886059 0.237530 0.017426 0.038005
0 0.597855 0.142518 0.017426 0.033254
0 0.951743 0.180523 0.014745 0.035629
0 0.686327 0.149644 0.014745 0.023753
0 0.443700 0.161520 0.016086 0.028504
0 0.466488 0.223278 0.022788 0.047506
0 0.581769 0.190024 0.014745 0.033254
0 0.571046 0.142518 0.010724 0.028504
0 0.558981 0.194774 0.018767 0.042755
0 0.678284 0.114014 0.010724 0.030879
0 0.781501 0.154394 0.014745 0.033254
0 0.697051 0.180523 0.014745 0.030879
0 0.500000 0.142518 0.016086 0.026128
0 0.630027 0.135392 0.012064 0.023753
0 0.698391 0.247031 0.026810 0.042755
0 0.576408 0.242280 0.028150 0.061758
0 0.875335 0.159145 0.013405 0.030879
0 0.621984 0.216152 0.020107 0.040380
0 0.504021 0.125891 0.010724 0.026128
0 0.497319 0.180523 0.018767 0.040380
0 0.837802 0.182898 0.014745 0.035629
0 0.764075 0.142518 0.014745 0.028504
0 0.714477 0.194774 0.017426 0.040380
0 0.939678 0.192399 0.013405 0.035629
0 0.667560 0.232779 0.022788 0.047506
0 0.855228 0.144893 0.012064 0.033254
0 0.668901 0.140143 0.013405 0.026128
0 0.739946 0.180523 0.018767 0.033254
0 0.580429 0.147268 0.013405 0.030879
0 0.474531 0.137767 0.012064 0.023753
0 0.772118 0.190024 0.018767 0.033254
0 0.743968 0.152019 0.013405 0.030879
0 0.544236 0.187648 0.017426 0.030879
0 0.813673 0.204276 0.016086 0.040380
0 0.793566 0.171021 0.016086 0.030879
0 0.706434 0.123515 0.013405 0.030879
0 0.438338 0.147268 0.017426 0.023753
0 0.414209 0.180523 0.020107 0.030879
0 0.624665 0.154394 0.014745 0.023753
0 0.658177 0.197150 0.020107 0.042755
0 0.857909 0.211401 0.014745 0.038005
0 0.623324 0.173397 0.016086 0.038005
0 0.593834 0.171021 0.014745 0.026128
0 0.556300 0.121140 0.013405 0.028504
0 0.922252 0.182898 0.016086 0.033254
0 0.541555 0.154394 0.017426 0.035629
0 0.938338 0.230404 0.017426 0.045131
0 0.473190 0.171021 0.016086 0.033254
0 0.726542 0.149644 0.016086 0.033254
0 0.372654 0.204276 0.017426 0.030879
0 0.528150 0.171021 0.016086 0.030879
0 0.812332 0.163895 0.014745 0.030879
0 0.766756 0.323040 0.045576 0.080760
