0 0.414161 0.157168 0.015519 0.029361
0 0.345296 0.236615 0.016489 0.037997
0 0.586809 0.113990 0.013579 0.029361
0 0.896217 0.145078 0.012609 0.027634
0 0.925315 0.153713 0.011639 0.031088
0 0.631426 0.243523 0.023278 0.053541
0 0.675073 0.205527 0.019399 0.046632
0 0.456838 0.221071 0.021339 0.044905
0 0.768186 0.279793 0.029098 0.063903
0 0.583899 0.383420 0.032008 0.060449
0 0.552861 0.122625 0.017459 0.032815
0 0.567410 0.127807 0.012609 0.031088
0 0.371484 0.271157 0.023278 0.037997
0 0.483996 0.309154 0.027158 0.053541
0 0.834142 0.305699 0.027158 0.070812
0 0.537342 0.319516 0.031038 0.058722
