0 0.717767 0.218618 0.017296 0.029619
0 0.538522 0.279267 0.018082 0.038082
0 0.591981 0.420310 0.032233 0.056417
0 0.417453 0.277856 0.017296 0.033850
0 0.843553 0.245416 0.014151 0.035261
0 0.883648 0.387870 0.021226 0.050776
0 0.501572 0.241185 0.012579 0.023977
0 0.779088 0.238364 0.017296 0.035261
0 0.399371 0.334274 0.018082 0.036671
0 0.487421 0.379408 0.025157 0.060649
0 0.646226 0.444288 0.035377 0.070522
0 0.713050 0.392102 0.025943 0.050776
0 0.577830 0.318759 0.025943 0.047955
0 0.389937 0.267983 0.013365 0.026798
0 0.583333 0.217207 0.013365 0.028209
0 0.533019 0.218618 0.014151 0.023977
0 0.718553 0.262341 0.016509 0.033850
0 0.661164 0.224260 0.014937 0.025388
0 0.582547 0.238364 0.014937 0.032440
0 0.227201 0.331453 0.017296 0.032440
0 0.502358 0.321580 0.022013 0.039492
0 0.647799 0.221439 0.012579 0.031030
0 0.871069 0.456982 0.026730 0.063470
0 0.859277 0.279267 0.018082 0.040903
0 0.377358 0.252468 0.013365 0.028209
0 0.828616 0.259520 0.014151 0.026798
0 0.361635 0.315938 0.016509 0.032440
0 0.444969 0.238364 0.012579 0.029619
0 0.611635 0.299013 0.017296 0.035261
0 0.482704 0.258110 0.017296 0.029619
0 0.545597 0.251058 0.014937 0.025388
0 0.555818 0.235543 0.012579 0.023977
0 0.550314 0.214386 0.011792 0.023977
0 0.649371 0.262341 0.015723 0.038082
0 0.427673 0.301834 0.021226 0.038082
0 0.831761 0.344147 0.021226 0.047955
0 0.497642 0.273625 0.020440 0.036671
0 0.255503 0.338505 0.021226 0.043724
0 0.812107 0.248237 0.014937 0.038082
0 0.606132 0.211566 0.011792 0.025388
0 0.891509 0.351199 0.022799 0.050776
0 0.631289 0.228491 0.014937 0.026798
0 0.518082 0.260931 0.015723 0.031030
0 0.816038 0.448519 0.037736 0.066291
0 0.823113 0.280677 0.014937 0.035261
0 0.639937 0.356841 0.025943 0.055007
0 0.430818 0.332863 0.023585 0.049365
0 0.616352 0.224260 0.013365 0.025388
0 0.754717 0.222849 0.019654 0.033850
0 0.676887 0.253879 0.014937 0.032440
0 0.840409 0.308886 0.018868 0.043724
0 0.628145 0.325811 0.020440 0.042313
0 0.746855 0.248237 0.014151 0.031030
0 0.368711 0.342736 0.017296 0.038082
0 0.281447 0.297602 0.014937 0.035261
0 0.521226 0.366714 0.028302 0.043724
0 0.591195 0.197461 0.014151 0.028209
0 0.665881 0.334274 0.022799 0.049365
0 0.456761 0.234133 0.017296 0.032440
0 0.782233 0.324401 0.022799 0.038082
0 0.900157 0.276446 0.015723 0.031030
0 0.686321 0.483780 0.040094 0.081805
0 0.634434 0.210155 0.011792 0.028209
0 0.761006 0.392102 0.029874 0.056417
0 0.527516 0.399154 0.029874 0.053597
0 0.281447 0.355430 0.022013 0.042313
0 0.781447 0.365303 0.022799 0.046544
0 0.699686 0.270804 0.017296 0.035261
0 0.584906 0.370945 0.027516 0.047955
0 0.346698 0.283498 0.012579 0.029619
0 0.328616 0.356841 0.022799 0.042313
0 0.025943 0.400564 0.025157 0.050776
0 0.786950 0.294781 0.017296 0.035261
0 0.826258 0.406206 0.025157 0.043724
0 0.806604 0.504937 0.031447 0.067701
