0 0.879541 0.223549 0.016252 0.035836
0 0.838432 0.319113 0.021033 0.051195
0 0.611855 0.121160 0.012428 0.030717
0 0.390057 0.208191 0.019120 0.034130
0 0.706501 0.196246 0.020076 0.040956
0 0.745698 0.201365 0.017208 0.032423
0 0.436902 0.174061 0.018164 0.034130
0 0.473231 0.168942 0.016252 0.032423
0 0.806883 0.250853 0.017208 0.040956
0 0.912046 0.341297 0.023901 0.068259
0 0.927342 0.238908 0.015296 0.035836
0 0.544933 0.129693 0.014340 0.027304
0 0.555449 0.194539 0.020076 0.039249
0 0.785851 0.158703 0.019120 0.032423
0 0.559273 0.160410 0.016252 0.032423
0 0.701721 0.155290 0.014340 0.032423
0 0.729446 0.148464 0.015296 0.035836
0 0.326960 0.237201 0.018164 0.035836
0 0.786807 0.315700 0.021033 0.049488
0 0.634799 0.209898 0.017208 0.035836
0 0.748566 0.392491 0.026769 0.059727
0 0.821224 0.404437 0.028681 0.061433
0 0.726577 0.283276 0.024857 0.049488
0 0.365201 0.196246 0.019120 0.034130
0 0.770554 0.245734 0.021033 0.044369
0 0.508604 0.139932 0.016252 0.029010
0 0.617591 0.156997 0.014340 0.034130
0 0.375717 0.283276 0.021033 0.040956
0 0.569790 0.255973 0.022945 0.044369
0 0.508604 0.284983 0.021989 0.052901
0 0.595602 0.346416 0.026769 0.063140
0 0.482792 0.145051 0.013384 0.029010
0 0.479924 0.228669 0.020076 0.044369
0 0.756214 0.175768 0.015296 0.037543
0 0.692161 0.104096 0.011472 0.025597
0 0.708413 0.107509 0.014340 0.027304
0 0.523901 0.145051 0.015296 0.027304
0 0.506692 0.192833 0.017208 0.030717
0 0.195985 0.457338 0.041109 0.064846
0 0.786807 0.136519 0.016252 0.027304
0 0.629063 0.250853 0.018164 0.049488
0 0.625239 0.129693 0.015296 0.027304
0 0.586042 0.117747 0.011472 0.023891
0 0.717017 0.230375 0.017208 0.039249
0 0.341300 0.196246 0.018164 0.039249
0 0.672084 0.100683 0.009560 0.027304
0 0.309751 0.245734 0.019120 0.040956
0 0.651052 0.138225 0.014340 0.027304
0 0.584130 0.126280 0.014340 0.023891
0 0.663480 0.363481 0.034417 0.059727
0 0.490440 0.134812 0.016252 0.025597
0 0.544933 0.291809 0.026769 0.058020
0 0.583174 0.168942 0.016252 0.034130
0 0.295411 0.226962 0.020076 0.030717
0 0.865201 0.281570 0.021989 0.047782
0 0.677820 0.269625 0.023901 0.046075
0 0.413002 0.186007 0.017208 0.029010
0 0.764818 0.133106 0.015296 0.030717
0 0.330784 0.194539 0.015296 0.034130
0 0.438815 0.245734 0.020076 0.035836
0 0.530593 0.121160 0.013384 0.025597
0 0.807839 0.203072 0.015296 0.039249
0 0.448375 0.153584 0.015296 0.027304
0 0.444551 0.215017 0.017208 0.030717
0 0.811663 0.155290 0.019120 0.037543
0 0.927342 0.298635 0.022945 0.044369
0 0.356597 0.225256 0.021033 0.039249
0 0.428298 0.211604 0.019120 0.027304
0 0.417782 0.156997 0.015296 0.032423
0 0.509560 0.122867 0.011472 0.027304
