0 0.835714 0.319386 0.023810 0.062762
0 0.715873 0.167364 0.013492 0.027894
0 0.453968 0.145049 0.010317 0.026499
0 0.565873 0.248257 0.017460 0.047420
0 0.807143 0.121339 0.011905 0.029289
0 0.450000 0.213389 0.015079 0.037657
0 0.745238 0.167364 0.015873 0.033473
0 0.591270 0.101813 0.006349 0.016736
0 0.450000 0.170153 0.011905 0.025105
0 0.854762 0.165969 0.014286 0.034868
0 0.652381 0.225941 0.016667 0.040446
0 0.585714 0.149233 0.012698 0.029289
0 0.515873 0.161785 0.011905 0.025105
0 0.914286 0.244073 0.022222 0.048815
0 0.644444 0.112971 0.010317 0.025105
0 0.774603 0.207810 0.018254 0.041841
0 0.398413 0.231520 0.015873 0.034868
0 0.388889 0.263598 0.016667 0.036262
0 0.870635 0.237099 0.018254 0.052999
0 0.638095 0.097629 0.010317 0.025105
0 0.822222 0.220363 0.016667 0.034868
0 0.564286 0.126918 0.009524 0.023710
0 0.547619 0.163180 0.014286 0.030683
0 0.603175 0.259414 0.019841 0.054393
0 0.731746 0.112971 0.010317 0.026499
0 0.357937 0.259414 0.019048 0.039052
0 0.895238 0.157601 0.012698 0.030683
0 0.438095 0.170153 0.010317 0.029289
0 0.505556 0.138075 0.007937 0.022315
0 0.666667 0.124128 0.011905 0.025105
0 0.814286 0.235704 0.016667 0.040446
0 0.327778 0.258020 0.015873 0.036262
0 0.890476 0.302650 0.023810 0.054393
0 0.796825 0.389121 0.026984 0.079498
0 0.315873 0.245467 0.015079 0.037657
0 0.563492 0.177127 0.014286 0.033473
0 0.750794 0.142259 0.012698 0.026499
0 0.348413 0.213389 0.016667 0.036262
0 0.500794 0.184100 0.016667 0.046025
0 0.819841 0.145049 0.009524 0.032078
0 0.603175 0.213389 0.015873 0.037657
0 0.527778 0.139470 0.011905 0.026499
0 0.707143 0.217573 0.017460 0.043236
0 0.766667 0.294282 0.018254 0.040446
0 0.657937 0.262204 0.021429 0.058577
0 0.766667 0.225941 0.015873 0.039052
0 0.413492 0.193863 0.011905 0.029289
0 0.800000 0.179916 0.015873 0.036262
0 0.638889 0.132497 0.013492 0.037657
0 0.207937 0.407252 0.037302 0.078103
0 0.692063 0.108787 0.011905 0.027894
0 0.838095 0.124128 0.011905 0.027894
0 0.724603 0.181311 0.015873 0.036262
0 0.889683 0.178522 0.015873 0.034868
0 0.857143 0.252441 0.020635 0.048815
0 0.465873 0.157601 0.009524 0.026499
0 0.543651 0.283124 0.026190 0.061367
0 0.465079 0.237099 0.020635 0.046025
0 0.780952 0.115760 0.008730 0.027894
0 0.609524 0.114365 0.008730 0.019526
0 0.880159 0.423989 0.031746 0.080893
0 0.608730 0.149233 0.011905 0.032078
0 0.778571 0.163180 0.013492 0.030683
0 0.492063 0.158996 0.009524 0.022315
0 0.631746 0.297071 0.024603 0.061367
