0 0.587041 0.118353 0.011605 0.025729
0 0.932302 0.238422 0.015474 0.042882
0 0.307544 0.214408 0.015474 0.036021
0 0.596712 0.133791 0.015474 0.030875
0 0.743714 0.293310 0.022244 0.054889
0 0.795938 0.255575 0.024178 0.046312
0 0.415861 0.253859 0.026112 0.048027
0 0.349130 0.198971 0.016441 0.034305
0 0.566731 0.246998 0.026112 0.051458
0 0.676983 0.178388 0.020309 0.041166
0 0.434236 0.162950 0.012573 0.034305
0 0.840426 0.343053 0.025145 0.058319
0 0.563830 0.156089 0.016441 0.030875
0 0.751451 0.207547 0.018375 0.042882
0 0.379110 0.238422 0.026112 0.051458
0 0.509671 0.120069 0.014507 0.024014
0 0.621857 0.156089 0.018375 0.036021
0 0.679884 0.272727 0.028046 0.054889
0 0.728240 0.433962 0.042553 0.068611
0 0.750484 0.128645 0.014507 0.036021
0 0.764023 0.149228 0.014507 0.032590
0 0.331721 0.217839 0.020309 0.030875
0 0.558027 0.183533 0.018375 0.037736
0 0.803675 0.234991 0.021277 0.030875
0 0.716634 0.186964 0.021277 0.041166
0 0.439072 0.217839 0.024178 0.042882
0 0.788201 0.132075 0.011605 0.029160
0 0.766925 0.238422 0.021277 0.044597
0 0.509671 0.144082 0.015474 0.027444
0 0.482592 0.150943 0.013540 0.029160
0 0.779497 0.159520 0.017408 0.037736
0 0.533849 0.149228 0.014507 0.030875
0 0.915861 0.349914 0.025145 0.065180
0 0.494197 0.135506 0.013540 0.029160
0 0.631528 0.125214 0.013540 0.029160
0 0.667311 0.097770 0.012573 0.027444
0 0.639265 0.106346 0.011605 0.027444
0 0.930368 0.300172 0.023211 0.056604
0 0.631528 0.253859 0.024178 0.053173
0 0.607350 0.106346 0.012573 0.032590
0 0.860735 0.406518 0.029981 0.068611
0 0.322050 0.243568 0.017408 0.046312
0 0.544487 0.121784 0.016441 0.032590
0 0.688588 0.114923 0.012573 0.025729
0 0.477756 0.144082 0.011605 0.029160
0 0.721470 0.236707 0.023211 0.048027
0 0.585106 0.166381 0.015474 0.032590
0 0.667311 0.348199 0.029981 0.068611
0 0.445841 0.162950 0.016441 0.041166
0 0.870406 0.276158 0.020309 0.061750
0 0.781431 0.295026 0.024178 0.056604
0 0.812379 0.154374 0.014507 0.032590
0 0.652805 0.125214 0.014507 0.027444
0 0.597679 0.349914 0.027079 0.065180
0 0.391683 0.198971 0.019342 0.037736
0 0.735977 0.147513 0.018375 0.032590
0 0.329787 0.181818 0.020309 0.037736
0 0.201161 0.380789 0.047389 0.085763
0 0.887814 0.233276 0.018375 0.046312
0 0.489362 0.276158 0.028046 0.060034
0 0.504836 0.190395 0.021277 0.037736
0 0.418762 0.147513 0.014507 0.027444
0 0.717602 0.111492 0.012573 0.030875
0 0.551257 0.305317 0.029981 0.063465
0 0.647969 0.214408 0.017408 0.046312
0 0.673114 0.130360 0.013540 0.029160
0 0.705996 0.166381 0.014507 0.030875
0 0.488395 0.217839 0.024178 0.042882
