0 0.708995 0.526455 0.068783 0.124339
0 0.807760 0.428571 0.037037 0.060847
0 0.574956 0.449735 0.042328 0.082011
0 0.790123 0.423280 0.019400 0.039683
0 0.850088 0.417989 0.033510 0.050265
0 0.816578 0.576720 0.107584 0.208995
0 0.887125 0.531746 0.082892 0.148148
0 0.716049 0.407407 0.031746 0.063492
0 0.867725 0.452381 0.044092 0.068783
0 0.649030 0.396825 0.024691 0.047619
0 0.576720 0.410053 0.021164 0.042328
0 0.984127 0.343915 0.029982 0.060847
0 0.141093 0.497354 0.081129 0.140212
0 0.206349 0.492063 0.052910 0.116402
0 0.737213 0.420635 0.035273 0.066138
0 0.534392 0.476190 0.049383 0.092593
0 0.936508 0.415344 0.031746 0.058201
0 0.329806 0.322751 0.035273 0.058201
0 0.356261 0.484127 0.059965 0.103175
0 0.894180 0.402116 0.028219 0.058201
0 0.629630 0.412698 0.040564 0.060847
0 0.631393 0.468254 0.054674 0.111111
0 0.119929 0.566138 0.105820 0.198413
