0 0.595000 0.515000 0.033333 0.057500
0 0.261667 0.547500 0.060000 0.115000
0 0.933333 0.587500 0.065000 0.095000
0 0.538333 0.627500 0.080000 0.140000
0 0.651667 0.780000 0.116667 0.185000
0 0.071667 0.522500 0.053333 0.077500
0 0.626667 0.605000 0.071667 0.095000
0 0.290000 0.500000 0.033333 0.057500
0 0.225000 0.547500 0.045000 0.087500
0 0.048333 0.640000 0.093333 0.137500
0 0.405000 0.565000 0.055000 0.087500
0 0.393333 0.490000 0.036667 0.060000
0 0.283333 0.627500 0.098333 0.127500
0 0.876667 0.537500 0.055000 0.072500
0 0.523333 0.562500 0.060000 0.095000
0 0.855000 0.737500 0.123333 0.162500
0 0.201667 0.525000 0.038333 0.077500
0 0.628333 0.505000 0.031667 0.055000
0 0.450000 0.517500 0.041667 0.067500
0 0.683333 0.522500 0.038333 0.070000
0 0.778333 0.555000 0.048333 0.077500
0 0.361667 0.490000 0.035000 0.055000
0 0.565000 0.495000 0.030000 0.047500
0 0.458333 0.592500 0.065000 0.105000
0 0.748333 0.615000 0.083333 0.137500
