0 0.112903 0.627119 0.040323 0.065375
0 0.633871 0.498789 0.017742 0.033898
0 0.812903 0.513317 0.017742 0.031477
0 0.077419 0.503632 0.024194 0.031477
0 0.375806 0.496368 0.019355 0.026634
0 0.314516 0.627119 0.033871 0.062954
0 0.043548 0.513317 0.020968 0.036320
0 0.735484 0.537530 0.022581 0.043584
0 0.927419 0.634383 0.041935 0.075061
0 0.345161 0.496368 0.016129 0.021792
0 0.833871 0.595642 0.038710 0.065375
0 0.609677 0.556901 0.027419 0.043584
0 0.520968 0.469734 0.012903 0.031477
0 0.703226 0.513317 0.016129 0.029056
0 0.217742 0.542373 0.022581 0.038741
0 0.245161 0.530266 0.025806 0.033898
0 0.316129 0.542373 0.027419 0.038741
0 0.248387 0.627119 0.048387 0.072639
0 0.562903 0.537530 0.020968 0.031477
0 0.675806 0.496368 0.019355 0.033898
0 0.024194 0.573850 0.035484 0.053269
0 0.256452 0.493947 0.016129 0.029056
0 0.925806 0.501211 0.019355 0.029056
0 0.056452 0.636804 0.038710 0.062954
0 0.730645 0.644068 0.030645 0.055690
0 0.535484 0.595642 0.040323 0.055690
0 0.143548 0.542373 0.027419 0.048426
0 0.864516 0.496368 0.016129 0.029056
0 0.777419 0.571429 0.033871 0.046005
0 0.387097 0.612591 0.032258 0.062954
0 0.838710 0.496368 0.016129 0.021792
0 0.611290 0.607748 0.035484 0.058111
0 0.182258 0.639225 0.037097 0.060533
0 0.245161 0.460048 0.012903 0.024213
0 0.845161 0.559322 0.025806 0.048426
0 0.904839 0.518160 0.019355 0.036320
0 0.787097 0.627119 0.038710 0.060533
0 0.454839 0.600484 0.035484 0.058111
0 0.153226 0.469734 0.014516 0.024213
0 0.479032 0.462470 0.012903 0.024213
0 0.120968 0.525424 0.017742 0.029056
0 0.106452 0.506053 0.011290 0.026634
0 0.137097 0.464891 0.012903 0.021792
0 0.551613 0.493947 0.014516 0.031477
0 0.691935 0.675545 0.033871 0.062954
0 0.990323 0.569007 0.017742 0.036320
0 0.430645 0.489104 0.017742 0.031477
0 0.167742 0.525424 0.020968 0.029056
0 0.214516 0.498789 0.016129 0.031477
0 0.761290 0.506053 0.020968 0.036320
0 0.927419 0.583535 0.032258 0.058111
0 0.396774 0.515738 0.024194 0.046005
