0 0.642150 0.296919 0.041018 0.075630
0 0.966054 0.313725 0.048091 0.123249
0 0.340877 0.173669 0.026874 0.064426
0 0.735502 0.467787 0.084866 0.201681
0 0.551627 0.333333 0.045262 0.109244
0 0.473833 0.338936 0.045262 0.117647
0 0.872702 0.277311 0.039604 0.095238
0 0.560113 0.232493 0.036775 0.075630
0 0.373409 0.310924 0.038190 0.109244
0 0.264498 0.299720 0.050919 0.112045
0 0.618105 0.386555 0.060820 0.137255
0 0.821782 0.305322 0.042433 0.100840
0 0.439887 0.187675 0.029703 0.070028
0 0.492221 0.257703 0.036775 0.092437
0 0.049505 0.417367 0.082037 0.154062
0 0.664781 0.344538 0.045262 0.106443
0 0.014144 0.324930 0.024045 0.109244
0 0.659123 0.666667 0.106082 0.240896
0 0.671853 0.252101 0.038190 0.086835
