0 0.478000 0.411411 0.022000 0.042042
0 0.844000 0.420420 0.024000 0.039039
0 0.890000 0.387387 0.022000 0.042042
0 0.220000 0.456456 0.042000 0.057057
0 0.292000 0.417417 0.026000 0.030030
0 0.576000 0.336336 0.016000 0.027027
0 0.098000 0.498498 0.060000 0.075075
0 0.860000 0.420420 0.020000 0.036036
0 0.230000 0.435435 0.026000 0.039039
0 0.900000 0.438438 0.046000 0.078078
0 0.838000 0.396396 0.026000 0.042042
0 0.400000 0.426426 0.032000 0.054054
0 0.852000 0.384384 0.020000 0.036036
0 0.828000 0.444444 0.038000 0.054054
0 0.148000 0.507508 0.042000 0.063063
0 0.538000 0.435435 0.036000 0.045045
0 0.340000 0.414414 0.020000 0.036036
0 0.114000 0.453453 0.044000 0.057057
0 0.582000 0.408408 0.018000 0.036036
0 0.798000 0.405405 0.028000 0.036036
0 0.560000 0.417417 0.020000 0.024024
0 0.460000 0.399399 0.024000 0.030030
0 0.428000 0.456456 0.038000 0.063063
0 0.362000 0.423423 0.022000 0.042042
0 0.876000 0.486486 0.052000 0.114114
0 0.672000 0.399399 0.020000 0.039039
0 0.922000 0.408408 0.032000 0.057057
0 0.552000 0.408408 0.018000 0.030030
0 0.774000 0.447447 0.044000 0.063063
0 0.644000 0.456456 0.046000 0.075075
0 0.038000 0.549550 0.070000 0.108108
0 0.946000 0.402402 0.030000 0.054054
0 0.020000 0.465465 0.030000 0.042042
0 0.426000 0.423423 0.024000 0.033033
0 0.388000 0.474474 0.034000 0.042042
0 0.264000 0.423423 0.024000 0.045045
0 0.320000 0.441441 0.036000 0.051051
0 0.872000 0.411411 0.014000 0.036036
0 0.510000 0.429429 0.030000 0.048048
0 0.146000 0.429429 0.024000 0.042042
0 0.698000 0.387387 0.020000 0.033033
0 0.292000 0.462462 0.046000 0.051051
0 0.426000 0.567568 0.086000 0.138138
0 0.644000 0.402402 0.018000 0.027027
0 0.736000 0.438438 0.036000 0.057057
0 0.764000 0.654655 0.134000 0.231231
0 0.168000 0.432432 0.028000 0.042042
0 0.454000 0.426426 0.034000 0.054054
0 0.380000 0.405405 0.024000 0.045045
