0 0.839602 0.216110 0.017699 0.043222
0 0.467920 0.200393 0.021018 0.045187
0 0.792035 0.280943 0.028761 0.064833
0 0.633850 0.190570 0.023230 0.045187
0 0.634956 0.139489 0.015487 0.033399
0 0.845133 0.149312 0.017699 0.041257
0 0.336283 0.247544 0.019912 0.041257
0 0.403761 0.157171 0.016593 0.029470
0 0.518805 0.178782 0.015487 0.039293
0 0.790929 0.129666 0.011062 0.027505
0 0.751106 0.129666 0.011062 0.027505
0 0.387168 0.165029 0.013274 0.031434
0 0.721239 0.237721 0.019912 0.051081
0 0.370575 0.188605 0.015487 0.035363
0 0.734513 0.178782 0.014381 0.035363
0 0.493363 0.204322 0.021018 0.045187
0 0.887168 0.220039 0.015487 0.039293
0 0.836283 0.170923 0.013274 0.033399
0 0.661504 0.222004 0.023230 0.045187
0 0.860619 0.176817 0.016593 0.033399
0 0.920354 0.229862 0.018805 0.049116
0 0.861726 0.253438 0.024336 0.053045
0 0.940265 0.204322 0.017699 0.035363
0 0.728982 0.133595 0.012168 0.029470
0 0.575221 0.111984 0.012168 0.027505
0 0.756637 0.159136 0.016593 0.037328
0 0.702434 0.170923 0.015487 0.033399
0 0.372788 0.245580 0.023230 0.049116
0 0.476770 0.168959 0.016593 0.029470
0 0.055310 0.280943 0.016593 0.035363
0 0.432522 0.237721 0.032080 0.062868
0 0.433628 0.166994 0.015487 0.035363
0 0.554204 0.176817 0.018805 0.035363
0 0.738938 0.257367 0.023230 0.060904
0 0.876106 0.153242 0.015487 0.037328
0 0.601770 0.123772 0.011062 0.029470
0 0.659292 0.180747 0.021018 0.045187
0 0.578540 0.243615 0.026549 0.058939
0 0.769912 0.139489 0.012168 0.027505
0 0.761062 0.241650 0.022124 0.047151
0 0.652655 0.100196 0.013274 0.033399
0 0.940265 0.170923 0.013274 0.027505
0 0.672566 0.259332 0.023230 0.056974
0 0.538717 0.135560 0.012168 0.029470
0 0.460177 0.137525 0.012168 0.027505
0 0.638274 0.110020 0.013274 0.025540
0 0.796460 0.153242 0.016593 0.031434
0 0.524336 0.119843 0.013274 0.023576
0 0.470133 0.153242 0.013274 0.031434
0 0.741150 0.129666 0.012168 0.029470
0 0.497788 0.117878 0.012168 0.033399
0 0.837389 0.310413 0.026549 0.062868
0 0.600664 0.100196 0.009956 0.025540
0 0.528761 0.129666 0.011062 0.025540
0 0.580752 0.163065 0.016593 0.043222
0 0.394912 0.192534 0.018805 0.039293
0 0.783186 0.206287 0.016593 0.035363
0 0.912611 0.151277 0.012168 0.031434
0 0.664823 0.110020 0.012168 0.035363
0 0.823009 0.125737 0.013274 0.033399
0 0.265487 0.223969 0.017699 0.041257
0 0.612832 0.125737 0.014381 0.035363
0 0.679204 0.104126 0.009956 0.031434
0 0.417035 0.208251 0.015487 0.033399
0 0.440265 0.135560 0.013274 0.025540
0 0.929204 0.184676 0.014381 0.031434
0 0.627212 0.108055 0.011062 0.029470
0 0.693584 0.113949 0.013274 0.035363
0 0.527655 0.157171 0.014381 0.025540
0 0.810841 0.135560 0.015487 0.033399
0 0.896018 0.324165 0.028761 0.070727
0 0.484513 0.133595 0.015487 0.027505
0 0.571903 0.125737 0.013274 0.033399
0 0.509956 0.131631 0.014381 0.035363
0 0.902655 0.176817 0.014381 0.031434
