0 0.833952 0.301325 0.019481 0.054636
0 0.726345 0.208609 0.020408 0.044702
0 0.822820 0.205298 0.018553 0.039735
0 0.562152 0.180464 0.015770 0.038079
0 0.883117 0.172185 0.014842 0.036424
0 0.420223 0.175497 0.017625 0.039735
0 0.807050 0.144040 0.016698 0.034768
0 0.505566 0.165563 0.014842 0.028146
0 0.499072 0.142384 0.012059 0.021523
0 0.581633 0.134106 0.013915 0.028146
0 0.795918 0.418874 0.038033 0.077815
0 0.917440 0.200331 0.013915 0.031457
0 0.696660 0.172185 0.019481 0.038079
0 0.752319 0.215232 0.018553 0.044702
0 0.274583 0.258278 0.017625 0.039735
0 0.687384 0.309603 0.025974 0.048013
0 0.831169 0.120861 0.011132 0.024834
0 0.459184 0.192053 0.016698 0.036424
0 0.296846 0.261589 0.017625 0.041391
0 0.372913 0.254967 0.020408 0.034768
0 0.473098 0.152318 0.012987 0.023179
0 0.353432 0.274834 0.020408 0.044702
0 0.922078 0.225166 0.015770 0.036424
0 0.674397 0.206954 0.017625 0.041391
0 0.623377 0.216887 0.020408 0.029801
0 0.743043 0.109272 0.013915 0.021523
0 0.857143 0.147351 0.010204 0.023179
0 0.623377 0.291391 0.019481 0.043046
0 0.863636 0.256623 0.017625 0.041391
0 0.550093 0.129139 0.013915 0.031457
0 0.512987 0.149007 0.017625 0.028146
0 0.559369 0.134106 0.014842 0.023179
0 0.392393 0.198675 0.015770 0.033113
0 0.532468 0.326159 0.024119 0.041391
0 0.529685 0.188742 0.019481 0.031457
0 0.267161 0.258278 0.014842 0.029801
0 0.737477 0.172185 0.016698 0.028146
0 0.913729 0.312914 0.025046 0.051325
0 0.904453 0.263245 0.014842 0.046358
0 0.383117 0.183775 0.015770 0.031457
0 0.481447 0.216887 0.020408 0.041391
0 0.546382 0.256623 0.017625 0.038079
0 0.878479 0.210265 0.016698 0.036424
0 0.635436 0.102649 0.012987 0.024834
0 0.860853 0.130795 0.012059 0.019868
0 0.638219 0.132450 0.013915 0.024834
0 0.614100 0.105960 0.013915 0.024834
0 0.745826 0.372517 0.033395 0.071192
0 0.650278 0.175497 0.018553 0.034768
0 0.743043 0.137417 0.012987 0.024834
0 0.892393 0.149007 0.011132 0.029801
0 0.885900 0.357616 0.032468 0.069536
0 0.765306 0.127483 0.013915 0.026490
0 0.168831 0.480132 0.036178 0.067881
0 0.931354 0.158940 0.012059 0.024834
0 0.445269 0.233444 0.020408 0.041391
0 0.488868 0.190397 0.017625 0.038079
0 0.659555 0.117550 0.012059 0.026490
0 0.410946 0.173841 0.013915 0.036424
0 0.485158 0.293046 0.025046 0.046358
0 0.691095 0.099338 0.012059 0.026490
0 0.379406 0.273179 0.019481 0.043046
0 0.712430 0.250000 0.021336 0.056291
0 0.781076 0.193709 0.017625 0.041391
0 0.773655 0.135762 0.015770 0.033113
0 0.802412 0.246689 0.022263 0.049669
0 0.837662 0.137417 0.013915 0.031457
0 0.527829 0.153974 0.013915 0.028146
0 0.473098 0.168874 0.014842 0.026490
0 0.615955 0.251656 0.017625 0.036424
0 0.910019 0.233444 0.016698 0.038079
