0 0.642188 0.419811 0.035937 0.051887
0 0.353125 0.502358 0.042188 0.061321
0 0.309375 0.518868 0.042188 0.073113
0 0.159375 0.476415 0.034375 0.051887
0 0.115625 0.320755 0.014063 0.030660
0 0.406250 0.469340 0.031250 0.054245
0 0.917188 0.495283 0.053125 0.087264
0 0.526563 0.372642 0.018750 0.033019
0 0.478125 0.382075 0.020313 0.035377
0 0.368750 0.382075 0.017188 0.028302
0 0.898438 0.537736 0.073438 0.096698
0 0.267188 0.476415 0.031250 0.061321
0 0.379688 0.433962 0.023438 0.054245
0 0.818750 0.870283 0.175000 0.259434
0 0.589063 0.389151 0.020313 0.030660
0 0.121875 0.596698 0.085938 0.158019
0 0.657813 0.485849 0.075000 0.110849
0 0.818750 0.443396 0.031250 0.054245
0 0.915625 0.620283 0.092188 0.153302
0 0.181250 0.561321 0.053125 0.096698
0 0.189062 0.457547 0.031250 0.066038
0 0.421875 0.386792 0.021875 0.037736
0 0.423438 0.443396 0.026562 0.047170
0 0.375000 0.488208 0.031250 0.058962
0 0.717187 0.646226 0.107813 0.181604
0 0.239063 0.507075 0.045312 0.084906
0 0.765625 0.452830 0.040625 0.058962
0 0.862500 0.466981 0.034375 0.063679
0 0.150000 0.443396 0.034375 0.044811
0 0.782813 0.507075 0.042188 0.073113
0 0.828125 0.537736 0.056250 0.096698
0 0.448437 0.450472 0.031250 0.033019
