0 0.490196 0.252927 0.052941 0.077283
0 0.307843 0.257611 0.045098 0.039813
0 0.439216 0.243560 0.045098 0.079625
0 0.207843 0.316159 0.062745 0.084309
0 0.294118 0.222482 0.047059 0.056206
0 0.117647 0.744731 0.207843 0.262295
0 0.145098 0.252927 0.045098 0.063232
0 0.831373 0.290398 0.066667 0.100703
0 0.886275 0.599532 0.225490 0.274005
0 0.133333 0.367681 0.082353 0.114754
0 0.686275 0.569087 0.168627 0.213115
0 0.235294 0.508197 0.135294 0.163934
0 0.913725 0.278689 0.068627 0.098361
0 0.317647 0.302108 0.064706 0.065574
0 0.221569 0.252927 0.047059 0.063232
0 0.619608 0.288056 0.074510 0.098361
0 0.060784 0.325527 0.064706 0.079625
0 0.739216 0.199063 0.047059 0.074941
0 0.552941 0.461358 0.111765 0.154567
0 0.552941 0.355972 0.082353 0.103044
0 0.550980 0.255269 0.045098 0.074941
0 0.339216 0.360656 0.088235 0.114754
0 0.082353 0.255269 0.058824 0.074941
0 0.737255 0.370023 0.101961 0.142857
