0 0.594217 0.215686 0.024925 0.046346
0 0.680957 0.060606 0.010967 0.032086
0 0.621137 0.263815 0.027916 0.048128
0 0.823529 0.133690 0.013958 0.032086
0 0.604187 0.069519 0.013958 0.028520
0 0.867398 0.169340 0.015952 0.040998
0 0.923230 0.256684 0.022931 0.049911
0 0.636092 0.156863 0.016949 0.028520
0 0.666999 0.064171 0.011964 0.028520
0 0.764706 0.190731 0.016949 0.046346
0 0.466600 0.210339 0.019940 0.046346
0 0.718843 0.180036 0.022931 0.049911
0 0.732802 0.140820 0.013958 0.026738
0 0.493519 0.162210 0.015952 0.032086
0 0.768694 0.238859 0.025922 0.049911
0 0.522433 0.165775 0.017946 0.040998
0 0.553340 0.133690 0.010967 0.026738
0 0.880359 0.160428 0.012961 0.037433
0 0.413759 0.212121 0.015952 0.032086
0 0.767697 0.119430 0.015952 0.032086
0 0.806580 0.128342 0.014955 0.035651
0 0.564307 0.180036 0.023928 0.049911
0 0.309073 0.233512 0.019940 0.040998
0 0.489531 0.135472 0.014955 0.024955
0 0.402792 0.226381 0.019940 0.040998
0 0.920239 0.206774 0.017946 0.042781
0 0.587238 0.121212 0.014955 0.021390
0 0.261216 0.376114 0.043868 0.099822
0 0.857428 0.208556 0.017946 0.046346
0 0.283151 0.226381 0.017946 0.040998
0 0.411765 0.254902 0.024925 0.046346
0 0.530409 0.135472 0.013958 0.026738
0 0.502493 0.124777 0.013958 0.030303
0 0.918245 0.151515 0.014955 0.037433
0 0.783649 0.133690 0.016949 0.040998
0 0.777667 0.308378 0.028913 0.065954
0 0.828514 0.176471 0.020937 0.039216
0 0.843470 0.231729 0.016949 0.057041
0 0.601196 0.149733 0.019940 0.035651
0 0.842473 0.144385 0.013958 0.033868
0 0.639083 0.060606 0.013958 0.026738
0 0.933200 0.201426 0.017946 0.037433
0 0.667996 0.228164 0.021934 0.051693
0 0.896311 0.206774 0.013958 0.039216
0 0.888335 0.233512 0.019940 0.042781
0 0.422732 0.155080 0.017946 0.028520
0 0.474576 0.188948 0.018943 0.037433
0 0.632104 0.131907 0.017946 0.030303
0 0.359920 0.265597 0.024925 0.042781
0 0.700897 0.174688 0.017946 0.039216
0 0.738784 0.172906 0.016949 0.048128
0 0.648056 0.119430 0.013958 0.030303
0 0.459621 0.144385 0.016949 0.024955
0 0.793619 0.160428 0.013958 0.032086
0 0.751745 0.122995 0.015952 0.032086
0 0.478564 0.131907 0.010967 0.028520
0 0.578265 0.139037 0.018943 0.033868
0 0.940179 0.172906 0.011964 0.030303
0 0.517448 0.133690 0.012961 0.028520
0 0.914257 0.331551 0.024925 0.058824
0 0.312064 0.219251 0.018943 0.032086
0 0.798604 0.201426 0.020937 0.046346
0 0.460618 0.156863 0.014955 0.035651
0 0.742772 0.233512 0.023928 0.049911
0 0.617149 0.112299 0.010967 0.032086
0 0.625125 0.206774 0.024925 0.048128
0 0.369890 0.185383 0.018943 0.037433
0 0.854437 0.139037 0.011964 0.033868
