0 0.853333 0.471111 0.040000 0.055556
0 0.638333 0.477778 0.025000 0.040000
0 0.640000 0.433333 0.021667 0.035556
0 0.488333 0.477778 0.026667 0.044444
0 0.883333 0.440000 0.025000 0.046667
0 0.453333 0.513333 0.040000 0.062222
0 0.160000 0.488889 0.038333 0.046667
0 0.763333 0.424444 0.020000 0.026667
0 0.075000 0.524444 0.045000 0.055556
0 0.393333 0.471111 0.025000 0.048889
0 0.615000 0.455556 0.028333 0.051111
0 0.415000 0.493333 0.036667 0.048889
0 0.298333 0.517778 0.040000 0.062222
0 0.945000 0.415556 0.023333 0.033333
0 0.550000 0.440000 0.025000 0.040000
0 0.828333 0.495556 0.056667 0.068889
0 0.965000 0.502222 0.050000 0.073333
0 0.661667 0.435556 0.018333 0.026667
0 0.281667 0.482222 0.038333 0.051111
0 0.740000 0.437778 0.023333 0.035556
0 0.541667 0.480000 0.038333 0.046667
0 0.493333 0.453333 0.025000 0.033333
0 0.903333 0.417778 0.026667 0.046667
0 0.683333 0.448889 0.026667 0.042222
0 0.951667 0.451111 0.033333 0.053333
0 0.436667 0.544444 0.048333 0.075556
0 0.710000 0.453333 0.021667 0.037778
0 0.570000 0.502222 0.040000 0.055556
0 0.581667 0.435556 0.018333 0.026667
