0 0.907346 0.260870 0.018364 0.035117
0 0.970785 0.290970 0.021703 0.046823
0 0.909015 0.287625 0.019199 0.045151
0 0.334725 0.384615 0.018364 0.045151
0 0.686978 0.331104 0.023372 0.058528
0 0.705342 0.289298 0.012521 0.030100
0 0.684474 0.290970 0.013356 0.033445
0 0.444073 0.347826 0.016694 0.043478
0 0.579299 0.316054 0.012521 0.031773
0 0.555927 0.379599 0.021703 0.050167
0 0.768781 0.311037 0.015860 0.038462
0 0.590150 0.341137 0.016694 0.041806
0 0.376461 0.366221 0.019199 0.048495
0 0.910684 0.386288 0.050083 0.080268
0 0.824708 0.316054 0.016694 0.040134
0 0.120200 0.299331 0.040902 0.081940
0 0.358097 0.346154 0.014190 0.031773
0 0.509182 0.352843 0.012521 0.030100
0 0.757930 0.538462 0.059265 0.150502
0 0.754591 0.329431 0.020868 0.051839
0 0.592654 0.381271 0.024207 0.055184
0 0.904007 0.322742 0.023372 0.048495
0 0.444908 0.326087 0.011686 0.023411
0 0.535058 0.311037 0.014190 0.040134
0 0.644407 0.334448 0.025042 0.050167
0 0.478297 0.414716 0.024207 0.056856
0 0.408180 0.346154 0.014190 0.036789
0 0.819699 0.341137 0.027546 0.050167
0 0.684474 0.369565 0.030050 0.065217
0 0.796327 0.302676 0.016694 0.040134
0 0.752922 0.289298 0.015025 0.030100
0 0.655259 0.312709 0.018364 0.041806
0 0.861436 0.282609 0.018364 0.038462
0 0.548414 0.326087 0.012521 0.038462
