0 0.965625 0.282353 0.017188 0.040000
0 0.776563 0.242353 0.025000 0.037647
0 0.173437 0.280000 0.320312 0.557647
0 0.712500 0.235294 0.021875 0.037647
0 0.432812 0.357647 0.025000 0.035294
0 0.567187 0.254118 0.020313 0.040000
0 0.367188 0.270588 0.048438 0.068235
0 0.418750 0.329412 0.026562 0.040000
0 0.935937 0.308235 0.023438 0.042353
0 0.917188 0.282353 0.020313 0.032941
0 0.893750 0.277647 0.015625 0.028235
0 0.632812 0.294118 0.018750 0.023529
0 0.951562 0.352941 0.043750 0.047059
0 0.728125 0.261176 0.025000 0.037647
0 0.551562 0.310588 0.025000 0.049412
0 0.507812 0.298824 0.021875 0.037647
0 0.656250 0.294118 0.017188 0.035294
0 0.828125 0.268235 0.026562 0.040000
