0 0.814000 0.562667 0.058000 0.071111
0 0.696667 0.537778 0.048000 0.080000
0 0.794000 0.503111 0.034667 0.054222
0 0.958667 0.747556 0.082667 0.219556
0 0.857333 0.514667 0.047333 0.070222
0 0.648000 0.624889 0.074000 0.098667
0 0.939333 0.637333 0.071333 0.105778
0 0.270667 0.539556 0.052000 0.056889
0 0.130000 0.544889 0.047333 0.064000
0 0.506667 0.832889 0.204667 0.272889
0 0.205333 0.612444 0.092667 0.131556
0 0.473333 0.648889 0.097333 0.126222
0 0.606000 0.530667 0.050000 0.070222
0 0.812000 0.614222 0.082667 0.107556
0 0.156667 0.585778 0.059333 0.084444
0 0.504667 0.579556 0.060000 0.093333
0 0.352000 0.598222 0.058667 0.087111
0 0.109333 0.510222 0.046667 0.059556
0 0.385333 0.516444 0.048000 0.082667
0 0.515333 0.520000 0.054000 0.085333
0 0.738000 0.504889 0.040667 0.050667
