0 0.248408 0.358357 0.026274 0.045326
0 0.810510 0.304533 0.015924 0.036827
0 0.773089 0.239377 0.014331 0.026912
0 0.496019 0.240793 0.011943 0.024079
0 0.451433 0.315864 0.019904 0.031161
0 0.500000 0.264873 0.015127 0.032578
0 0.375796 0.259207 0.015924 0.038244
0 0.878185 0.315864 0.015127 0.035411
0 0.570860 0.390935 0.035828 0.050992
0 0.589968 0.199717 0.016720 0.029745
0 0.799363 0.502833 0.024682 0.066572
0 0.785032 0.354108 0.019904 0.046742
0 0.646497 0.269122 0.017516 0.041076
0 0.859873 0.307365 0.018312 0.049575
0 0.390924 0.300283 0.017516 0.036827
0 0.447452 0.405099 0.023885 0.053824
0 0.456210 0.232295 0.019904 0.038244
0 0.565287 0.249292 0.023089 0.029745
0 0.906051 0.273371 0.009554 0.024079
0 0.282643 0.354108 0.019108 0.041076
0 0.749204 0.279037 0.011943 0.028329
0 0.906847 0.355524 0.017516 0.050992
0 0.410828 0.254958 0.015127 0.031161
0 0.738057 0.423513 0.031847 0.056657
0 0.368631 0.330028 0.021497 0.035411
0 0.833599 0.263456 0.014331 0.025496
0 0.226115 0.330028 0.022293 0.041076
0 0.651274 0.216714 0.016720 0.029745
0 0.568471 0.444759 0.031051 0.065156
0 0.582006 0.220963 0.018312 0.039660
0 0.824045 0.273371 0.011146 0.036827
0 0.738854 0.260623 0.012739 0.026912
0 0.699045 0.279037 0.013535 0.033994
0 0.324045 0.342776 0.018312 0.041076
0 0.675159 0.213881 0.017516 0.025496
0 0.338376 0.294618 0.019108 0.039660
0 0.575637 0.330028 0.020701 0.043909
0 0.433121 0.337110 0.020701 0.036827
0 0.584395 0.250708 0.024682 0.029745
0 0.803344 0.322946 0.016720 0.035411
0 0.640127 0.212465 0.018312 0.029745
0 0.342357 0.317280 0.015924 0.031161
0 0.529459 0.240793 0.012739 0.022663
0 0.433917 0.256374 0.011943 0.031161
0 0.617834 0.216714 0.015127 0.029745
0 0.274682 0.305949 0.020701 0.041076
0 0.678344 0.245042 0.017516 0.033994
0 0.508758 0.245042 0.010350 0.019830
0 0.488057 0.314448 0.019108 0.036827
0 0.488057 0.260623 0.015924 0.028329
0 0.554936 0.271955 0.013535 0.029745
0 0.623408 0.344193 0.019108 0.046742
0 0.865446 0.271955 0.012739 0.026912
0 0.632962 0.366856 0.024682 0.055241
0 0.664809 0.358357 0.020701 0.053824
0 0.445860 0.247875 0.017516 0.041076
0 0.553344 0.205382 0.011943 0.024079
0 0.832803 0.359773 0.020701 0.052408
0 0.756369 0.237960 0.012739 0.021246
0 0.848726 0.342776 0.020701 0.050992
0 0.719745 0.249292 0.019108 0.041076
0 0.815287 0.249292 0.014331 0.029745
0 0.604299 0.215297 0.016720 0.029745
0 0.699045 0.402266 0.030255 0.055241
0 0.688694 0.507082 0.035828 0.077904
0 0.881369 0.451841 0.029459 0.058074
0 0.616242 0.301700 0.026274 0.038244
0 0.511146 0.364023 0.020701 0.050992
0 0.823248 0.463173 0.026274 0.065156
0 0.618631 0.473088 0.039809 0.065156
0 0.738057 0.229462 0.015924 0.026912
0 0.667197 0.296034 0.023089 0.038244
0 0.396497 0.335694 0.017516 0.038244
0 0.066083 0.473088 0.039013 0.073654
0 0.846338 0.253541 0.011146 0.025496
0 0.789809 0.296034 0.015924 0.035411
0 0.617834 0.254958 0.019904 0.039660
0 0.522293 0.400850 0.023885 0.053824
