0 0.411719 0.118963 0.036719 0.048292
0 0.495312 0.055359 0.018750 0.030624
0 0.900000 0.073027 0.022656 0.035336
0 0.168750 0.085984 0.021094 0.038869
0 0.462500 0.056537 0.011719 0.023557
0 0.582031 0.171967 0.040625 0.084806
0 0.413281 0.068316 0.021094 0.034158
0 0.926562 0.120141 0.028125 0.060071
0 0.078125 0.100118 0.039062 0.060071
0 0.470313 0.063604 0.015625 0.029446
0 0.828125 0.065960 0.016406 0.028269
0 0.363281 0.050648 0.016406 0.023557
0 0.550000 0.077739 0.020313 0.038869
0 0.367188 0.077739 0.019531 0.040047
0 0.429688 0.061249 0.013281 0.028269
0 0.535937 0.070671 0.016406 0.038869
0 0.707031 0.056537 0.018750 0.029446
0 0.263281 0.093051 0.024219 0.042403
0 0.855469 0.200236 0.063281 0.095406
0 0.329688 0.065960 0.022656 0.040047
0 0.840625 0.074205 0.028906 0.034158
0 0.585156 0.053004 0.017188 0.028269
0 0.913281 0.104829 0.032813 0.062426
0 0.400781 0.281508 0.164062 0.313310
0 0.974219 0.186101 0.051562 0.090695
0 0.281250 0.063604 0.012500 0.025913
0 0.192969 0.113074 0.028906 0.051826
0 0.295312 0.089517 0.025000 0.048292
0 0.710938 0.081272 0.016406 0.042403
0 0.237500 0.115430 0.039062 0.081272
0 0.669531 0.070671 0.021094 0.032980
0 0.548438 0.127208 0.030469 0.064782
0 0.723437 0.073027 0.017969 0.041225
0 0.210156 0.080094 0.026562 0.045936
0 0.339844 0.106007 0.030469 0.055359
0 0.589844 0.073027 0.018750 0.036514
0 0.747656 0.060071 0.017969 0.034158
0 0.427344 0.094229 0.023438 0.050648
0 0.226562 0.061249 0.017188 0.028269
0 0.632812 0.042403 0.014844 0.027091
0 0.965625 0.143698 0.039062 0.077739
0 0.842187 0.108363 0.030469 0.065960
0 0.500781 0.074205 0.023438 0.040047
0 0.118750 0.148410 0.044531 0.070671
0 0.609375 0.109541 0.025000 0.049470
0 0.615625 0.061249 0.014844 0.031802
0 0.309375 0.073027 0.017969 0.035336
0 0.048438 0.094229 0.031250 0.053004
0 0.467187 0.095406 0.021094 0.042403
0 0.380469 0.069494 0.016406 0.036514
0 0.315625 0.148410 0.035156 0.065960
0 0.253906 0.069494 0.018750 0.028269
0 0.627344 0.106007 0.022656 0.051826
