0 0.543068 0.480804 0.024610 0.065814
0 0.075472 0.497258 0.018868 0.056673
0 0.157506 0.153565 0.010664 0.029250
0 0.735029 0.212066 0.012305 0.027422
0 0.661198 0.151737 0.010664 0.027422
0 0.423298 0.164534 0.012305 0.034735
0 0.456112 0.288848 0.015587 0.045704
0 0.940115 0.372943 0.013946 0.040219
0 0.827728 0.241316 0.014766 0.036563
0 0.130435 0.619744 0.029532 0.074954
0 0.383101 0.171846 0.013126 0.034735
0 0.552092 0.305302 0.017227 0.043876
0 0.579984 0.199269 0.014766 0.034735
0 0.294504 0.164534 0.014766 0.032907
0 0.182116 0.186472 0.013126 0.042048
0 0.173913 0.265082 0.015587 0.042048
0 0.513536 0.171846 0.012305 0.034735
0 0.292043 0.202925 0.013126 0.034735
0 0.365053 0.084095 0.009844 0.029250
0 0.547170 0.074954 0.010664 0.025594
0 0.359311 0.226691 0.012305 0.036563
0 0.627564 0.111517 0.012305 0.021938
0 0.618540 0.235832 0.015587 0.032907
0 0.488925 0.073126 0.009024 0.023766
0 0.470878 0.131627 0.012305 0.031079
0 0.396226 0.091408 0.010664 0.027422
0 0.786710 0.215722 0.012305 0.029250
0 0.715340 0.210238 0.012305 0.034735
0 0.226415 0.146252 0.013126 0.027422
0 0.796555 0.380256 0.020509 0.043876
0 0.246103 0.299817 0.017227 0.053016
0 0.313372 0.235832 0.014766 0.031079
0 0.611157 0.129799 0.011485 0.031079
0 0.863823 0.274223 0.013946 0.031079
0 0.722724 0.274223 0.014766 0.038391
0 0.259229 0.124314 0.012305 0.029250
0 0.882691 0.301645 0.014766 0.036563
0 0.062346 0.416819 0.016407 0.060329
0 0.050041 0.230347 0.011485 0.031079
0 0.472518 0.168190 0.013946 0.027422
0 0.209188 0.500914 0.021329 0.051188
0 0.694832 0.352834 0.015587 0.047532
0 0.580804 0.095064 0.009844 0.021938
0 0.484003 0.221207 0.014766 0.042048
0 0.438884 0.091408 0.010664 0.025594
0 0.487285 0.117002 0.012305 0.029250
0 0.212469 0.351005 0.016407 0.056673
0 0.121411 0.210238 0.012305 0.036563
0 0.515176 0.106033 0.010664 0.025594
