0 0.530000 0.333333 0.030000 0.051724
0 0.908000 0.517241 0.046000 0.080460
0 0.034000 0.537356 0.044000 0.066092
0 0.744000 0.620690 0.084000 0.123563
0 0.650000 0.494253 0.046000 0.080460
0 0.034000 0.600575 0.060000 0.135057
0 0.528000 0.543103 0.058000 0.094828
0 0.616000 0.479885 0.040000 0.077586
0 0.472000 0.468391 0.038000 0.063218
0 0.234000 0.491379 0.044000 0.063218
0 0.198000 0.505747 0.050000 0.086207
0 0.094000 0.482759 0.042000 0.054598
0 0.986000 0.557471 0.028000 0.077586
0 0.856000 0.497126 0.044000 0.071839
0 0.694000 0.534483 0.062000 0.100575
0 0.810000 0.465517 0.042000 0.068966
0 0.244000 0.465517 0.038000 0.057471
0 0.896000 0.729885 0.118000 0.183908
0 0.108000 0.545977 0.062000 0.089080
0 0.540000 0.485632 0.054000 0.086207
0 0.514000 0.750000 0.118000 0.166667
0 0.904000 0.477011 0.044000 0.063218
0 0.962000 0.502874 0.052000 0.063218
0 0.510000 0.617816 0.086000 0.132184
