0 0.930000 0.358459 0.048750 0.075377
0 0.191250 0.494137 0.111250 0.175879
0 0.105000 0.391960 0.068750 0.098827
0 0.655000 0.467337 0.088750 0.139028
0 0.436250 0.351759 0.042500 0.065327
0 0.405000 0.427136 0.077500 0.087102
0 0.400000 0.557789 0.117500 0.180905
0 0.632500 0.370184 0.072500 0.097152
0 0.891250 0.398660 0.065000 0.088777
0 0.227500 0.393635 0.072500 0.095477
0 0.770000 0.380235 0.077500 0.117253
0 0.371250 0.381910 0.053750 0.073702
0 0.521250 0.373534 0.038750 0.073702
0 0.271250 0.370184 0.046250 0.078727
