0 0.429025 0.211781 0.015067 0.040673
0 0.568596 0.230014 0.019033 0.043478
0 0.819191 0.207574 0.016653 0.042076
0 0.190325 0.295933 0.018239 0.040673
0 0.406027 0.215989 0.015860 0.039271
0 0.399683 0.200561 0.012688 0.028050
0 0.587629 0.100982 0.010309 0.021038
0 0.884219 0.394109 0.026170 0.065919
0 0.888184 0.176718 0.014274 0.033661
0 0.773989 0.291725 0.019033 0.044881
0 0.486122 0.192146 0.015860 0.033661
0 0.325932 0.241234 0.015067 0.032258
0 0.258525 0.281907 0.022205 0.046283
0 0.865979 0.223001 0.016653 0.042076
0 0.815226 0.367461 0.023791 0.065919
0 0.649485 0.218794 0.017446 0.047686
0 0.903251 0.340813 0.022205 0.053296
0 0.702617 0.230014 0.019033 0.046283
0 0.878668 0.309958 0.019033 0.057504
0 0.849326 0.158485 0.011102 0.028050
0 0.367169 0.235624 0.015860 0.032258
0 0.919112 0.213184 0.013481 0.037868
