0 0.649219 0.500000 0.068750 0.087500
0 0.325000 0.547917 0.078125 0.097917
0 0.985938 0.433333 0.027344 0.066667
0 0.817187 0.428125 0.040625 0.056250
0 0.656250 0.391667 0.025000 0.042708
0 0.707812 0.459375 0.045312 0.059375
0 0.641406 0.453125 0.039844 0.050000
0 0.521094 0.439583 0.037500 0.058333
0 0.232813 0.513542 0.058594 0.091667
0 0.781250 0.468750 0.059375 0.094792
0 0.260937 0.317708 0.028906 0.038542
0 0.407813 0.429167 0.050781 0.069792
0 0.121094 0.576042 0.088281 0.132292
0 0.857812 0.462500 0.057031 0.082292
0 0.382031 0.363542 0.028906 0.038542
0 0.696875 0.414583 0.033594 0.052083
0 0.421094 0.501042 0.056250 0.082292
0 0.585156 0.432292 0.040625 0.052083
0 0.752344 0.415625 0.035156 0.043750
0 0.078906 0.514583 0.071875 0.126042
0 0.961719 0.427083 0.048438 0.080208
0 0.499219 0.490625 0.056250 0.073958
0 0.381250 0.335417 0.023438 0.037500
