0 0.159475 0.489231 0.045028 0.058462
0 0.628518 0.283077 0.016886 0.027692
0 0.842402 0.396923 0.039400 0.058462
0 0.390244 0.403077 0.024390 0.036923
0 0.795497 0.498462 0.060038 0.080000
0 0.619137 0.270769 0.013133 0.030769
0 0.412758 0.347692 0.018762 0.033846
0 0.587242 0.326154 0.015009 0.024615
0 0.332083 0.566154 0.063790 0.089231
0 0.030019 0.375385 0.022514 0.033846
0 0.484053 0.335385 0.016886 0.030769
0 0.084428 0.433846 0.035647 0.052308
0 0.187617 0.307692 0.016886 0.021538
0 0.508443 0.353846 0.013133 0.021538
0 0.285178 0.381538 0.030019 0.043077
0 0.842402 0.320000 0.028143 0.046154
0 0.686679 0.695385 0.078799 0.156923
0 0.521576 0.421538 0.035647 0.058462
0 0.549719 0.307692 0.013133 0.027692
0 0.292683 0.335385 0.016886 0.033846
