0 0.698488 0.232915 0.022275 0.050209
0 0.498011 0.157601 0.013524 0.030683
0 0.521082 0.156206 0.016706 0.037657
0 0.509944 0.132497 0.016706 0.030683
0 0.662689 0.133891 0.013524 0.023710
0 0.623707 0.122734 0.014320 0.027894
0 0.863962 0.320781 0.035800 0.058577
0 0.617343 0.211994 0.019093 0.041841
0 0.928401 0.210600 0.015115 0.029289
0 0.560859 0.125523 0.013524 0.025105
0 0.831344 0.142259 0.012729 0.026499
0 0.613365 0.327755 0.031026 0.064156
0 0.824185 0.207810 0.017502 0.041841
0 0.339698 0.224547 0.019093 0.034868
0 0.320605 0.283124 0.024662 0.044630
0 0.642800 0.100418 0.013524 0.030683
0 0.613365 0.101813 0.013524 0.026499
0 0.769292 0.276151 0.023866 0.051604
0 0.898170 0.160391 0.015115 0.030683
0 0.645982 0.142259 0.015911 0.025105
0 0.583134 0.124128 0.018298 0.033473
0 0.784407 0.163180 0.011138 0.034868
0 0.429594 0.178522 0.019889 0.032078
0 0.427208 0.227336 0.023866 0.041841
0 0.719968 0.164575 0.019093 0.027894
0 0.771679 0.203626 0.016706 0.036262
0 0.819411 0.244073 0.019093 0.040446
0 0.826571 0.393305 0.031822 0.072524
0 0.322196 0.220363 0.013524 0.029289
0 0.374702 0.232915 0.017502 0.037657
0 0.454256 0.170153 0.014320 0.029289
0 0.654733 0.225941 0.023071 0.044630
0 0.535402 0.284519 0.027844 0.055788
0 0.875895 0.258020 0.023071 0.044630
0 0.906921 0.334728 0.027049 0.065551
0 0.556881 0.256625 0.021480 0.041841
0 0.940334 0.175732 0.014320 0.036262
0 0.494033 0.133891 0.013524 0.027894
0 0.754972 0.249651 0.020684 0.054393
0 0.692124 0.112971 0.011933 0.029289
0 0.363564 0.291492 0.023866 0.052999
0 0.870326 0.135286 0.014320 0.027894
0 0.920446 0.234310 0.021480 0.040446
0 0.748608 0.124128 0.018298 0.039052
0 0.556086 0.149233 0.015115 0.033473
0 0.928401 0.184100 0.016706 0.040446
0 0.536993 0.178522 0.019093 0.041841
0 0.729515 0.189679 0.019889 0.040446
0 0.290374 0.276151 0.020684 0.047420
0 0.593477 0.111576 0.011933 0.027894
0 0.738266 0.139470 0.018298 0.037657
0 0.904535 0.143654 0.011933 0.027894
0 0.404137 0.200837 0.019093 0.036262
0 0.761337 0.178522 0.013524 0.033473
0 0.362768 0.224547 0.019889 0.046025
0 0.692920 0.185495 0.019093 0.040446
0 0.661893 0.114365 0.014320 0.019526
0 0.854415 0.158996 0.014320 0.026499
0 0.783612 0.121339 0.015911 0.022315
0 0.653142 0.270572 0.027844 0.058577
0 0.543357 0.131102 0.013524 0.030683
0 0.867940 0.227336 0.019093 0.040446
0 0.473349 0.149233 0.015115 0.027894
0 0.636436 0.132497 0.015115 0.027894
0 0.887033 0.439331 0.032617 0.069735
0 0.483691 0.202232 0.017502 0.033473
0 0.712808 0.138075 0.012729 0.032078
0 0.821798 0.158996 0.013524 0.030683
0 0.492442 0.217573 0.015115 0.040446
0 0.609387 0.259414 0.027049 0.054393
0 0.449483 0.149233 0.015911 0.023710
0 0.167064 0.489540 0.042164 0.076709
