0 0.755719 0.655637 0.047794 0.058824
0 0.725490 0.607843 0.044935 0.051062
0 0.616013 0.585376 0.044935 0.051879
0 0.037990 0.542075 0.035131 0.040850
0 0.043301 0.780229 0.083742 0.158497
0 0.517974 0.614788 0.048611 0.052696
0 0.106209 0.554330 0.044118 0.044935
0 0.539216 0.572304 0.044935 0.043709
0 0.374592 0.647876 0.058824 0.058824
0 0.251634 0.597222 0.058007 0.065768
0 0.102533 0.531046 0.038807 0.038807
0 0.963235 0.793301 0.073529 0.098856
0 0.148693 0.654820 0.076797 0.080882
0 0.387255 0.477941 0.035948 0.044118
0 0.294526 0.707925 0.080065 0.085376
0 0.928105 0.870507 0.117647 0.133170
0 0.640114 0.633170 0.049837 0.055964
0 0.360703 0.598039 0.046569 0.050654
0 0.158088 0.526144 0.035948 0.042892
0 0.631127 0.767974 0.101716 0.123366
0 0.493873 0.863971 0.109477 0.152369
0 0.502042 0.673611 0.069036 0.082925
