0 0.078431 0.447323 0.046078 0.101900
0 0.598039 0.227979 0.024510 0.037997
0 0.334314 0.214162 0.021569 0.039724
0 0.284314 0.250432 0.022549 0.027634
0 0.495098 0.162349 0.013725 0.032815
0 0.367647 0.219344 0.022549 0.043178
0 0.471569 0.191710 0.019608 0.037997
0 0.584314 0.107081 0.013725 0.029361
0 0.804902 0.288428 0.024510 0.067358
0 0.921569 0.236615 0.019608 0.034542
0 0.420588 0.155440 0.015686 0.032815
0 0.412745 0.198618 0.017647 0.032815
0 0.636275 0.224525 0.028431 0.051813
0 0.733333 0.150259 0.016667 0.036269
0 0.947059 0.200345 0.013725 0.031088
0 0.388235 0.202073 0.018627 0.034542
0 0.893137 0.240069 0.018627 0.043178
0 0.945098 0.164076 0.011765 0.031088
0 0.665686 0.240069 0.026471 0.050086
0 0.402941 0.233161 0.020588 0.037997
0 0.467647 0.155440 0.013725 0.034542
0 0.453922 0.145078 0.015686 0.027634
0 0.700980 0.195164 0.021569 0.041451
0 0.900980 0.202073 0.014706 0.037997
0 0.485294 0.155440 0.013725 0.029361
0 0.534314 0.160622 0.018627 0.037997
0 0.619608 0.119171 0.013725 0.029361
0 0.443137 0.214162 0.018627 0.036269
0 0.656863 0.110535 0.013725 0.025907
0 0.899020 0.331606 0.028431 0.063903
0 0.557843 0.186528 0.020588 0.037997
