0 0.441634 0.157986 0.015564 0.024306
0 0.500973 0.151042 0.015564 0.026042
0 0.733463 0.142361 0.013619 0.032986
0 0.664397 0.050347 0.014591 0.022569
0 0.450389 0.215278 0.018482 0.038194
0 0.424125 0.163194 0.011673 0.020833
0 0.892996 0.239583 0.017510 0.043403
0 0.357977 0.217014 0.019455 0.038194
0 0.408560 0.243056 0.016537 0.036458
0 0.922179 0.243056 0.017510 0.045139
0 0.349222 0.260417 0.020428 0.043403
0 0.937743 0.203125 0.014591 0.034722
0 0.393969 0.196181 0.019455 0.031250
0 0.492218 0.173611 0.012646 0.031250
0 0.472763 0.154514 0.013619 0.032986
0 0.911479 0.357639 0.028210 0.055556
0 0.422179 0.196181 0.013619 0.031250
0 0.333658 0.215278 0.017510 0.034722
0 0.652724 0.229167 0.019455 0.041667
0 0.491245 0.138889 0.014591 0.031250
0 0.286965 0.232639 0.015564 0.038194
0 0.161479 0.227431 0.016537 0.038194
0 0.900778 0.199653 0.014591 0.036458
0 0.954280 0.178819 0.014591 0.027778
0 0.543774 0.156250 0.016537 0.031250
0 0.544747 0.192708 0.019455 0.045139
0 0.206226 0.439236 0.037938 0.079861
0 0.599222 0.234375 0.023346 0.032986
