0 0.916830 0.331588 0.037182 0.076789
0 0.552838 0.127400 0.016634 0.034904
0 0.673190 0.240838 0.029354 0.054101
0 0.362035 0.181501 0.016634 0.034904
0 0.741683 0.277487 0.030333 0.064572
0 0.595890 0.226876 0.026419 0.054101
0 0.480431 0.197208 0.027397 0.047120
0 0.771037 0.286213 0.031311 0.073298
0 0.632094 0.191972 0.023483 0.048866
0 0.553816 0.191972 0.019569 0.050611
0 0.708415 0.212914 0.022505 0.048866
0 0.826810 0.246073 0.017613 0.055846
0 0.783757 0.249564 0.026419 0.059337
0 0.671233 0.209424 0.020548 0.040140
