0 0.502783 0.758730 0.057514 0.107937
0 0.667904 0.644444 0.038961 0.073016
0 0.538033 0.901587 0.109462 0.180952
0 0.851577 0.669841 0.038961 0.088889
0 0.248609 0.634921 0.037106 0.079365
0 0.410019 0.711111 0.053803 0.114286
0 0.706865 0.714286 0.051948 0.123810
0 0.630798 0.641270 0.037106 0.063492
0 0.812616 0.657143 0.029685 0.057143
0 0.742115 0.625397 0.025974 0.057143
0 0.135436 0.685714 0.053803 0.104762
0 0.491651 0.660317 0.037106 0.088889
0 0.055659 0.688889 0.042672 0.063492
0 0.191095 0.619048 0.033395 0.066667
0 0.773655 0.634921 0.031540 0.069841
0 0.122449 0.907937 0.128015 0.149206
0 0.398887 0.625397 0.046382 0.073016
0 0.612245 0.622222 0.031540 0.063492
0 0.562152 0.666667 0.048237 0.082540
0 0.129870 0.625397 0.031540 0.063492
0 0.038961 0.653968 0.033395 0.041270
0 0.445269 0.609524 0.033395 0.060317
