0 0.324324 0.213058 0.014479 0.027491
0 0.623552 0.111684 0.012548 0.020619
0 0.839768 0.139175 0.012548 0.034364
0 0.600386 0.104811 0.013514 0.020619
0 0.654440 0.161512 0.018340 0.034364
0 0.552124 0.314433 0.027027 0.048110
0 0.696911 0.152921 0.015444 0.036082
0 0.523166 0.132302 0.013514 0.022337
0 0.407336 0.176976 0.012548 0.025773
0 0.665058 0.121993 0.012548 0.022337
0 0.811776 0.170103 0.015444 0.036082
0 0.746139 0.202749 0.018340 0.037801
0 0.416988 0.276632 0.020270 0.044674
0 0.527027 0.207904 0.018340 0.036082
0 0.383205 0.202749 0.014479 0.036082
0 0.894788 0.197595 0.017375 0.039519
0 0.197876 0.407216 0.041506 0.080756
0 0.618726 0.199313 0.017375 0.041237
0 0.722973 0.254296 0.020270 0.049828
0 0.507722 0.123711 0.011583 0.025773
0 0.748069 0.242268 0.017375 0.037801
0 0.667954 0.247423 0.018340 0.046392
0 0.627413 0.135739 0.014479 0.030928
0 0.478764 0.140893 0.013514 0.027491
0 0.438224 0.163230 0.013514 0.034364
0 0.748069 0.152921 0.016409 0.034364
0 0.571429 0.171821 0.014479 0.036082
0 0.573359 0.237113 0.021236 0.042955
0 0.429537 0.243986 0.020270 0.032646
0 0.578185 0.132302 0.014479 0.020619
0 0.613900 0.152921 0.017375 0.030928
0 0.645753 0.116838 0.014479 0.024055
0 0.772201 0.127148 0.012548 0.030928
0 0.717181 0.194158 0.018340 0.036082
0 0.822394 0.235395 0.019305 0.048110
0 0.917954 0.273196 0.019305 0.048110
0 0.742278 0.333333 0.031853 0.063574
0 0.766409 0.173540 0.010618 0.032646
0 0.296332 0.243986 0.013514 0.025773
0 0.465251 0.147766 0.010618 0.022337
0 0.324324 0.249141 0.014479 0.029210
0 0.498069 0.190722 0.018340 0.034364
0 0.798263 0.158076 0.014479 0.034364
0 0.342664 0.209622 0.012548 0.025773
0 0.777992 0.288660 0.022201 0.051546
0 0.558880 0.140893 0.010618 0.030928
0 0.587838 0.139175 0.012548 0.020619
0 0.537645 0.180412 0.019305 0.030928
0 0.840734 0.219931 0.019305 0.042955
0 0.481660 0.216495 0.016409 0.036082
0 0.608108 0.256014 0.022201 0.048110
0 0.846525 0.183849 0.015444 0.037801
0 0.730695 0.151203 0.013514 0.036082
0 0.682432 0.304124 0.025097 0.070447
0 0.384170 0.264605 0.019305 0.041237
0 0.501931 0.292096 0.022201 0.056701
0 0.657336 0.202749 0.019305 0.039519
0 0.704633 0.219931 0.015444 0.039519
0 0.874517 0.142612 0.013514 0.036082
0 0.418919 0.183849 0.014479 0.032646
0 0.301158 0.257732 0.013514 0.025773
0 0.460425 0.159794 0.013514 0.030928
0 0.793436 0.185567 0.016409 0.039519
0 0.355212 0.249141 0.016409 0.036082
