0 0.758325 0.144040 0.018078 0.029801
0 0.595623 0.150662 0.016175 0.039735
0 0.813511 0.188742 0.018078 0.036424
0 0.748811 0.160596 0.015224 0.033113
0 0.670790 0.243377 0.027593 0.056291
0 0.476689 0.147351 0.013321 0.028146
0 0.355852 0.268212 0.019029 0.044702
0 0.514748 0.071192 0.009515 0.023179
0 0.467174 0.155629 0.011418 0.029801
0 0.915319 0.082781 0.018078 0.039735
0 0.483349 0.192053 0.019029 0.041391
0 0.426261 0.228477 0.021884 0.038079
0 0.236917 0.238411 0.023787 0.046358
0 0.459562 0.187086 0.018078 0.036424
0 0.546147 0.193709 0.021884 0.041391
0 0.827783 0.125828 0.015224 0.036424
0 0.775452 0.293046 0.032350 0.056291
0 0.440533 0.284768 0.026641 0.044702
0 0.693625 0.163907 0.019029 0.038079
0 0.757374 0.059603 0.016175 0.034768
0 0.727878 0.150662 0.018078 0.036424
0 0.258801 0.425497 0.048525 0.104305
0 0.528069 0.163907 0.018078 0.039735
0 0.484301 0.160596 0.016175 0.024834
0 0.373930 0.259934 0.019981 0.039735
0 0.492864 0.127483 0.014272 0.029801
0 0.888677 0.226821 0.020932 0.046358
0 0.726927 0.284768 0.030447 0.057947
0 0.540438 0.140728 0.015224 0.033113
0 0.200761 0.458609 0.054234 0.099338
0 0.449096 0.228477 0.019981 0.041391
