0 0.128000 0.339339 0.052000 0.093093
0 0.262000 0.360360 0.042000 0.072072
0 0.760000 0.342342 0.036000 0.066066
0 0.320000 0.456456 0.046000 0.102102
0 0.236000 0.384384 0.054000 0.090090
0 0.734000 0.450450 0.048000 0.108108
0 0.726000 0.369369 0.048000 0.069069
0 0.904000 0.384384 0.038000 0.060060
0 0.412000 0.567568 0.104000 0.171171
0 0.826000 0.309309 0.040000 0.066066
0 0.480000 0.285285 0.106000 0.189189
0 0.160000 0.381381 0.054000 0.096096
0 0.124000 0.426426 0.066000 0.108108
0 0.204000 0.543544 0.104000 0.171171
0 0.368000 0.477477 0.080000 0.144144
0 0.368000 0.294294 0.034000 0.057057
0 0.654000 0.795796 0.150000 0.294294
