0 0.624866 0.300766 0.023580 0.061303
0 0.442658 0.170498 0.011790 0.030651
0 0.987138 0.318008 0.020364 0.080460
0 0.407288 0.195402 0.015005 0.032567
0 0.719185 0.226054 0.018221 0.040230
0 0.420150 0.256705 0.016077 0.038314
0 0.542337 0.159004 0.015005 0.028736
0 0.661308 0.289272 0.018221 0.038314
0 0.476956 0.172414 0.017149 0.040230
0 0.440514 0.224138 0.017149 0.026820
0 0.855305 0.254789 0.019293 0.047893
0 0.792069 0.339080 0.040729 0.086207
0 0.189711 0.245211 0.021436 0.044061
0 0.921758 0.216475 0.015005 0.036398
0 0.619507 0.203065 0.018221 0.042146
0 0.662379 0.210728 0.019293 0.038314
0 0.538049 0.181992 0.015005 0.032567
0 0.986066 0.235632 0.022508 0.068966
0 0.717042 0.072797 0.012862 0.026820
0 0.621651 0.114943 0.011790 0.028736
0 0.302251 0.224138 0.015005 0.028736
0 0.812433 0.252874 0.017149 0.040230
0 0.451233 0.134100 0.012862 0.022989
0 0.657020 0.174330 0.013934 0.026820
