0 0.770073 0.487603 0.034672 0.068871
0 0.702555 0.622590 0.100365 0.187328
0 0.193431 0.625344 0.173358 0.212121
0 0.253650 0.446281 0.047445 0.066116
0 0.151460 0.482094 0.052920 0.074380
0 0.374088 0.460055 0.047445 0.082645
0 0.527372 0.476584 0.049270 0.066116
0 0.366788 0.553719 0.096715 0.118457
0 0.116788 0.435262 0.040146 0.060606
0 0.905109 0.471074 0.047445 0.066116
0 0.251825 0.556474 0.078467 0.137741
0 0.833942 0.479339 0.060219 0.079890
0 0.505474 0.360882 0.038321 0.057851
0 0.083942 0.479339 0.051095 0.068871
0 0.981752 0.556474 0.034672 0.140496
0 0.726277 0.493113 0.040146 0.068871
0 0.604015 0.484848 0.045620 0.077135
0 0.332117 0.454545 0.056569 0.085399
0 0.910584 0.556474 0.065693 0.132231
