0 0.561538 0.512702 0.044615 0.099307
0 0.227692 0.487298 0.061538 0.085450
0 0.130769 0.445727 0.047692 0.062356
0 0.384615 0.332564 0.023077 0.039261
0 0.515385 0.351039 0.018462 0.023095
0 0.640000 0.344111 0.018462 0.027714
0 0.567692 0.288684 0.015385 0.025404
0 0.355385 0.290993 0.023077 0.027714
0 0.407692 0.302540 0.015385 0.036952
0 0.210769 0.288684 0.024615 0.034642
0 0.460000 0.459584 0.024615 0.039261
0 0.541538 0.401848 0.023077 0.039261
0 0.587692 0.290993 0.016923 0.027714
0 0.696923 0.341801 0.018462 0.030023
0 0.609231 0.327945 0.018462 0.030023
0 0.321538 0.314088 0.018462 0.034642
0 0.892308 0.450346 0.040000 0.055427
0 0.290769 0.314088 0.018462 0.025404
0 0.043077 0.323326 0.030769 0.046189
0 0.693846 0.304850 0.020000 0.032333
0 0.361538 0.344111 0.021538 0.039261
0 0.307692 0.272517 0.015385 0.027714
0 0.463077 0.325635 0.020000 0.034642
0 0.073846 0.482679 0.053846 0.083141
0 0.960000 0.501155 0.052308 0.064665
0 0.018462 0.327945 0.027692 0.046189
0 0.370769 0.445727 0.029231 0.046189
0 0.535385 0.302540 0.018462 0.027714
0 0.795385 0.309469 0.024615 0.036952
0 0.663077 0.321016 0.012308 0.018476
0 0.155385 0.300231 0.021538 0.036952
0 0.501538 0.364896 0.020000 0.034642
0 0.478462 0.501155 0.036923 0.057737
0 0.360000 0.517321 0.043077 0.076212
0 0.467692 0.281755 0.015385 0.030023
0 0.749231 0.325635 0.013846 0.025404
0 0.321538 0.459584 0.033846 0.053118
0 0.413846 0.406467 0.024615 0.036952
0 0.655385 0.524249 0.040000 0.076212
0 0.606154 0.422633 0.032308 0.036952
0 0.260000 0.277136 0.021538 0.036952
0 0.055385 0.600462 0.109231 0.240185
0 0.726154 0.323326 0.015385 0.025404
0 0.672308 0.434180 0.026154 0.034642
0 0.516923 0.480370 0.035385 0.057737
0 0.898462 0.411085 0.032308 0.048499
0 0.415385 0.454965 0.036923 0.046189
0 0.116923 0.399538 0.038462 0.053118
0 0.506154 0.311778 0.015385 0.032333
0 0.243077 0.628176 0.080000 0.131640
0 0.366154 0.644342 0.080000 0.129330
0 0.349231 0.254042 0.015385 0.027714
