0 0.797310 0.283806 0.023055 0.051753
0 0.478386 0.193656 0.016330 0.028381
0 0.721422 0.141903 0.016330 0.028381
0 0.537944 0.218698 0.018252 0.030050
0 0.737752 0.283806 0.024976 0.058431
0 0.537944 0.141903 0.014409 0.028381
0 0.488953 0.325543 0.027858 0.055092
0 0.756004 0.128548 0.013449 0.026711
0 0.823247 0.128548 0.010567 0.026711
0 0.459174 0.230384 0.020173 0.038397
0 0.345821 0.575960 0.055716 0.113523
0 0.675312 0.248748 0.024976 0.050083
0 0.584054 0.160267 0.016330 0.025042
0 0.895293 0.218698 0.019212 0.048414
0 0.493756 0.146912 0.015370 0.020033
0 0.731028 0.161937 0.016330 0.031720
0 0.422671 0.218698 0.019212 0.033389
0 0.342939 0.258765 0.017291 0.038397
0 0.569645 0.148581 0.012488 0.020033
0 0.767531 0.116861 0.018252 0.031720
0 0.179635 0.480801 0.043228 0.081803
0 0.824207 0.175292 0.017291 0.033389
0 0.436119 0.278798 0.023055 0.040067
0 0.707012 0.150250 0.012488 0.030050
0 0.459174 0.190317 0.016330 0.031720
0 0.463977 0.153589 0.014409 0.016694
0 0.372719 0.263773 0.021134 0.038397
0 0.496638 0.196995 0.013449 0.031720
