0 0.289200 0.638158 0.040296 0.055921
0 0.624452 0.680190 0.054276 0.074927
0 0.263158 0.849415 0.088268 0.133041
0 0.514254 0.824196 0.085252 0.122807
0 0.132401 0.771930 0.064693 0.074196
0 0.336897 0.657529 0.038103 0.045687
0 0.308936 0.737208 0.061678 0.087354
0 0.504660 0.698099 0.054002 0.059942
0 0.770285 0.804825 0.083882 0.122807
0 0.754112 0.722953 0.066886 0.089547
0 0.378289 0.605629 0.046327 0.050073
0 0.540844 0.767544 0.063871 0.079313
0 0.241776 0.672515 0.039474 0.045687
0 0.226425 0.723319 0.038103 0.063962
0 0.480537 0.661184 0.032895 0.048977
0 0.584430 0.633772 0.030428 0.038743
0 0.669956 0.781798 0.081414 0.103436
