0 0.954011 0.175573 0.012834 0.026718
0 0.421390 0.200382 0.014973 0.043893
0 0.805348 0.137405 0.012834 0.022901
0 0.918717 0.175573 0.011765 0.032443
0 0.658824 0.135496 0.010695 0.026718
0 0.410695 0.236641 0.018182 0.038168
0 0.802139 0.164122 0.016043 0.024809
0 0.668449 0.183206 0.016043 0.034351
0 0.606417 0.108779 0.009626 0.028626
0 0.278075 0.217557 0.019251 0.030534
0 0.695187 0.267176 0.022460 0.043893
0 0.456684 0.187023 0.011765 0.030534
0 0.896257 0.230916 0.014973 0.041985
0 0.653476 0.152672 0.012834 0.032443
0 0.836364 0.167939 0.014973 0.034351
0 0.614973 0.160305 0.016043 0.040076
0 0.775401 0.122137 0.011765 0.026718
0 0.346524 0.229008 0.016043 0.041985
0 0.859893 0.217557 0.017112 0.043893
0 0.485561 0.185115 0.020321 0.032443
0 0.655615 0.112595 0.010695 0.030534
0 0.445989 0.162214 0.014973 0.030534
0 0.921925 0.330153 0.025668 0.062977
0 0.645989 0.234733 0.020321 0.047710
0 0.865241 0.148855 0.011765 0.026718
0 0.557219 0.179389 0.016043 0.043893
0 0.481283 0.129771 0.011765 0.022901
0 0.768984 0.351145 0.027807 0.064885
0 0.848128 0.152672 0.011765 0.030534
0 0.751872 0.158397 0.017112 0.038168
0 0.316578 0.229008 0.018182 0.038168
0 0.704813 0.309160 0.028877 0.072519
0 0.942246 0.244275 0.019251 0.053435
0 0.715508 0.185115 0.016043 0.034351
0 0.961497 0.190840 0.013904 0.030534
0 0.383957 0.173664 0.014973 0.030534
0 0.739037 0.143130 0.012834 0.032443
0 0.831016 0.137405 0.010695 0.019084
0 0.883422 0.164122 0.013904 0.030534
0 0.443850 0.200382 0.013904 0.034351
0 0.557219 0.137405 0.012834 0.030534
0 0.427807 0.246183 0.020321 0.041985
0 0.636364 0.114504 0.008556 0.026718
0 0.288770 0.238550 0.016043 0.030534
0 0.606417 0.137405 0.016043 0.028626
0 0.506952 0.116412 0.012834 0.024809
0 0.419251 0.156489 0.014973 0.032443
0 0.689840 0.221374 0.021390 0.036260
0 0.578610 0.154580 0.012834 0.032443
0 0.518717 0.148855 0.011765 0.026718
0 0.329412 0.202290 0.013904 0.040076
0 0.817112 0.190840 0.016043 0.036260
0 0.358289 0.190840 0.018182 0.041985
0 0.524064 0.127863 0.009626 0.024809
0 0.540107 0.152672 0.014973 0.028626
0 0.585027 0.135496 0.014973 0.026718
0 0.804278 0.202290 0.016043 0.038168
0 0.431016 0.150763 0.012834 0.030534
0 0.641711 0.133588 0.011765 0.026718
0 0.531551 0.175573 0.011765 0.030534
0 0.809626 0.284351 0.020321 0.051527
0 0.595722 0.219466 0.020321 0.036260
0 0.839572 0.246183 0.020321 0.041985
0 0.880214 0.173664 0.014973 0.032443
0 0.684492 0.124046 0.012834 0.024809
0 0.565775 0.122137 0.010695 0.022901
0 0.761497 0.257634 0.021390 0.045802
0 0.685561 0.110687 0.010695 0.024809
0 0.378610 0.208015 0.012834 0.038168
0 0.920856 0.145038 0.012834 0.032443
0 0.479144 0.206107 0.019251 0.036260
0 0.350802 0.259542 0.021390 0.045802
0 0.713369 0.104962 0.011765 0.024809
0 0.898396 0.211832 0.013904 0.038168
0 0.725134 0.244275 0.020321 0.038168
0 0.071658 0.288168 0.032086 0.055344
0 0.909091 0.196565 0.016043 0.034351
0 0.754011 0.200382 0.018182 0.038168
0 0.650267 0.202290 0.017112 0.034351
