1 0.634615 0.427885 0.050481 0.069712
1 0.439904 0.451923 0.043269 0.062500
1 0.889423 0.444712 0.048077 0.060096
1 0.670673 0.444712 0.026442 0.048077
1 0.735577 0.442308 0.033654 0.048077
1 0.519231 0.439904 0.026442 0.045673
1 0.555288 0.444712 0.045673 0.067308
1 0.478365 0.451923 0.031250 0.045673
1 0.298077 0.456731 0.031250 0.055288
1 0.024038 0.461538 0.045673 0.076923
1 0.331731 0.454327 0.052885 0.067308
1 0.132212 0.447115 0.045673 0.060096
1 0.838942 0.447115 0.033654 0.050481
1 0.699519 0.447115 0.036058 0.048077
1 0.201923 0.439904 0.055288 0.072115
