1 0.516827 0.305288 0.024038 0.081731
1 0.884615 0.026442 0.098558 0.055288
1 0.475962 0.026442 0.069712 0.052885
1 0.103365 0.276442 0.084135 0.115385
1 0.706731 0.048077 0.125000 0.098558
1 0.591346 0.312500 0.048077 0.072115
1 0.411058 0.259615 0.064904 0.110577
1 0.591346 0.012019 0.050481 0.024038
1 0.218750 0.031250 0.127404 0.064904
1 0.884615 0.307692 0.096154 0.127404
1 0.024038 0.307692 0.040865 0.112981
1 0.218750 0.314904 0.125000 0.158654
1 0.281250 0.021635 0.055288 0.045673
1 0.341346 0.033654 0.091346 0.069712
1 0.281250 0.300481 0.052885 0.091346
1 0.411058 0.048077 0.067308 0.096154
1 0.103365 0.040865 0.086538 0.081731
1 0.516827 0.016827 0.026442 0.036058
1 0.824519 0.317308 0.045673 0.057692
