3 0.653846 0.680288 0.163462 0.271635
1 0.331731 0.117788 0.091346 0.112981
3 0.346154 0.262019 0.151442 0.165865
3 0.949519 0.911058 0.096154 0.173077
1 0.512019 0.242788 0.081731 0.103365
1 0.819712 0.040865 0.100962 0.084135
1 0.033654 0.300481 0.064904 0.141827
1 0.826923 0.125000 0.100962 0.096154
3 0.338942 0.908654 0.206731 0.175481
1 0.709135 0.069712 0.091346 0.081731
1 0.737981 0.600962 0.103365 0.115385
3 0.084135 0.459135 0.122596 0.225962
0 0.956731 0.543269 0.076923 0.153846
3 0.197115 0.062500 0.129808 0.125000
1 0.557692 0.401442 0.098558 0.096154
1 0.814904 0.485577 0.117788 0.132212
0 0.163462 0.735577 0.117788 0.127404
1 0.718750 0.362981 0.105769 0.149038
3 0.536058 0.504808 0.134615 0.293269
1 0.512019 0.108173 0.081731 0.103365
3 0.956731 0.348558 0.079327 0.286058
1 0.956731 0.100962 0.072115 0.091346
0 0.540865 0.915865 0.125000 0.139423
3 0.853365 0.639423 0.122596 0.346154
1 0.319712 0.016827 0.120192 0.033654
1 0.718750 0.031250 0.108173 0.064904
1 0.451923 0.295673 0.079327 0.100962
3 0.853365 0.913462 0.125000 0.168269
1 0.819712 0.331731 0.098558 0.127404
0 0.163462 0.906250 0.117788 0.127404
1 0.646635 0.598558 0.129808 0.144231
1 0.826923 0.225962 0.100962 0.096154
3 0.949519 0.646635 0.093750 0.341346
1 0.451923 0.055288 0.079327 0.100962
0 0.048077 0.963942 0.088942 0.064904
1 0.872596 0.079327 0.084135 0.093750
1 0.182692 0.290865 0.103365 0.139423
1 0.331731 0.233173 0.091346 0.112981
1 0.177885 0.572115 0.134615 0.141827
3 0.483173 0.913462 0.115385 0.165865
1 0.182692 0.064904 0.105769 0.132212
1 0.872596 0.271635 0.084135 0.093750
3 0.197115 0.365385 0.127404 0.274038
3 0.653846 0.911058 0.165865 0.173077
1 0.500000 0.355769 0.093750 0.125000
3 0.483173 0.555288 0.112981 0.507212
0 0.540865 0.725962 0.125000 0.139423
3 0.346154 0.088942 0.151442 0.165865
1 0.033654 0.060096 0.067308 0.122596
3 0.338942 0.576923 0.204327 0.483173
1 0.956731 0.250000 0.072115 0.091346
1 0.319712 0.389423 0.117788 0.139423
1 0.709135 0.281250 0.091346 0.081731
