1 0.550481 0.334135 0.055288 0.069712
1 0.853365 0.302885 0.045673 0.072115
1 0.891827 0.293269 0.036058 0.079327
1 0.918269 0.298077 0.033654 0.050481
1 0.853365 0.007212 0.048077 0.014423
1 0.668269 0.028846 0.084135 0.057692
1 0.286058 0.004808 0.052885 0.012019
1 0.891827 0.012019 0.038462 0.026442
1 0.718750 0.314904 0.055288 0.060096
1 0.774038 0.009615 0.074519 0.021635
1 0.944712 0.293269 0.021635 0.052885
1 0.944712 0.007212 0.024038 0.014423
1 0.668269 0.274038 0.081731 0.100962
1 0.483173 0.329327 0.076923 0.093750
