1 0.437500 0.959036 0.048077 0.062651
1 0.492788 0.701205 0.050481 0.065060
0 0.795673 0.954217 0.057692 0.045783
1 0.427885 0.681928 0.045673 0.057831
1 0.394231 0.462651 0.026442 0.033735
1 0.420673 0.614458 0.040865 0.040964
1 0.125000 0.669880 0.040865 0.057831
1 0.492788 0.966265 0.050481 0.065060
1 0.218750 0.132530 0.033654 0.026506
1 0.389423 0.520482 0.038462 0.043373
1 0.543269 0.607229 0.045673 0.055422
1 0.504808 0.534940 0.040865 0.033735
1 0.016827 0.689157 0.031250 0.057831
1 0.598558 0.708434 0.052885 0.069880
1 0.437500 0.445783 0.028846 0.043373
1 0.427885 0.975904 0.048077 0.040964
1 0.651442 0.636145 0.057692 0.065060
1 0.930288 0.898795 0.084135 0.084337
1 0.437500 0.708434 0.048077 0.062651
0 0.795673 0.713253 0.057692 0.045783
1 0.218750 0.672289 0.043269 0.045783
1 0.286058 0.356627 0.033654 0.033735
1 0.016827 0.973494 0.033654 0.048193
1 0.218750 0.983133 0.045673 0.026506
1 0.466346 0.508434 0.028846 0.036145
1 0.598558 0.959036 0.052885 0.069880
1 0.975962 0.720482 0.043269 0.081928
1 0.218750 0.200000 0.033654 0.026506
1 0.125000 0.983133 0.043269 0.028916
1 0.348558 0.667470 0.036058 0.043373
1 0.348558 0.987952 0.038462 0.019277
1 0.975962 0.946988 0.043269 0.081928
