1 0.966346 0.281250 0.028846 0.038462
1 0.497596 0.216346 0.076923 0.088942
0 0.781250 0.379808 0.038462 0.033654
0 0.641827 0.343750 0.028846 0.036058
1 0.338942 0.252404 0.062500 0.081731
1 0.769231 0.461538 0.076923 0.074519
1 0.949519 0.379808 0.033654 0.040865
0 0.706731 0.336538 0.033654 0.033654
1 0.338942 0.019231 0.064904 0.040865
1 0.218750 0.367788 0.057692 0.060096
1 0.497596 0.038462 0.079327 0.079327
0 0.115385 0.350962 0.057692 0.062500
1 0.903846 0.341346 0.031250 0.038462
1 0.045673 0.358173 0.048077 0.057692
