1 0.497596 0.014458 0.050481 0.031325
1 0.634615 0.009639 0.057692 0.021687
1 0.754808 0.354217 0.045673 0.072289
1 0.497596 0.330120 0.048077 0.053012
1 0.634615 0.349398 0.055288 0.074699
1 0.213942 0.053012 0.100962 0.108434
1 0.807692 0.043373 0.093750 0.086747
1 0.439904 0.048193 0.072115 0.098795
1 0.677885 0.310843 0.079327 0.098795
1 0.439904 0.286747 0.069712 0.101205
1 0.807692 0.303614 0.091346 0.110843
1 0.677885 0.036145 0.081731 0.072289
1 0.754808 0.007229 0.048077 0.016867
1 0.213942 0.286747 0.098558 0.122892
