3 0.798077 0.426506 0.067308 0.330120
3 0.793269 0.484337 0.146635 0.154217
1 0.843750 0.016867 0.031250 0.033735
3 0.444712 0.927711 0.197115 0.137349
3 0.444712 0.674699 0.194712 0.262651
1 0.490385 0.344578 0.019231 0.019277
1 0.737981 0.431325 0.045673 0.038554
3 0.531250 0.378313 0.021635 0.091566
3 0.512019 0.375904 0.021635 0.098795
1 0.117788 0.481928 0.040865 0.055422
1 0.471154 0.520482 0.048077 0.045783
1 0.790865 0.045783 0.057692 0.057831
3 0.798077 0.036145 0.069712 0.072289
1 0.552885 0.339759 0.014423 0.016867
1 0.843750 0.320482 0.028846 0.038554
1 0.512019 0.337349 0.016827 0.019277
3 0.122596 0.578313 0.086538 0.236145
3 0.492788 0.380723 0.021635 0.086747
1 0.456731 0.546988 0.048077 0.050602
1 0.531250 0.342169 0.014423 0.016867
3 0.853365 0.392771 0.045673 0.171084
3 0.557692 0.378313 0.026442 0.096386
