0 0.043269 0.418269 0.060096 0.069712
0 0.632212 0.026442 0.057692 0.055288
0 0.319712 0.456731 0.057692 0.062500
0 0.632212 0.415865 0.055288 0.062500
1 0.550481 0.418269 0.055288 0.064904
0 0.218750 0.408654 0.060096 0.069712
0 0.485577 0.024038 0.055288 0.048077
0 0.485577 0.420673 0.052885 0.060096
1 0.745192 0.413462 0.064904 0.074519
0 0.699519 0.420673 0.043269 0.062500
0 0.699519 0.024038 0.045673 0.050481
1 0.391827 0.012019 0.057692 0.026442
0 0.043269 0.026442 0.062500 0.055288
1 0.550481 0.026442 0.057692 0.052885
0 0.319712 0.007212 0.060096 0.014423
1 0.391827 0.449519 0.055288 0.072115
0 0.218750 0.031250 0.062500 0.064904
1 0.745192 0.031250 0.067308 0.062500
