0 0.348558 0.050602 0.069712 0.103614
0 0.283654 0.344578 0.129808 0.183133
0 0.283654 0.077108 0.132212 0.154217
0 0.060096 0.334940 0.117788 0.166265
0 0.848558 0.074699 0.129808 0.149398
0 0.526442 0.050602 0.064904 0.103614
0 0.060096 0.077108 0.120192 0.154217
0 0.725962 0.055422 0.103365 0.101205
0 0.725962 0.349398 0.103365 0.101205
0 0.526442 0.373494 0.062500 0.142169
0 0.848558 0.342169 0.127404 0.168675
0 0.468750 0.397590 0.117788 0.154217
0 0.468750 0.043373 0.120192 0.086747
0 0.348558 0.380723 0.067308 0.154217
0 0.737981 0.438554 0.129808 0.173494
0 0.737981 0.026506 0.132212 0.055422
0 0.165865 0.053012 0.105769 0.106024
0 0.651442 0.400000 0.074519 0.132530
0 0.951923 0.337349 0.086538 0.175904
