0 0.572115 0.283654 0.081731 0.086538
0 0.473558 0.338942 0.031250 0.033654
0 0.305288 0.036058 0.057692 0.060096
0 0.233173 0.329327 0.038462 0.045673
0 0.420673 0.016827 0.045673 0.036058
0 0.610577 0.295673 0.040865 0.048077
0 0.233173 0.016827 0.040865 0.036058
1 0.086538 0.336538 0.045673 0.055288
0 0.572115 0.057692 0.081731 0.086538
0 0.875000 0.031250 0.112981 0.062500
0 0.610577 0.045673 0.040865 0.048077
0 0.473558 0.009615 0.033654 0.021635
0 0.182692 0.024038 0.052885 0.050481
0 0.182692 0.317308 0.050481 0.050481
0 0.875000 0.336538 0.110577 0.112981
0 0.420673 0.329327 0.043269 0.045673
0 0.305288 0.305288 0.057692 0.060096
1 0.086538 0.016827 0.048077 0.033654
