0 0.500000 0.603365 0.057692 0.040865
1 0.394231 0.968750 0.069712 0.055288
1 0.300481 0.617788 0.062500 0.074519
0 0.225962 0.745192 0.062500 0.062500
1 0.399038 0.752404 0.060096 0.057692
1 0.048077 0.471154 0.057692 0.055288
1 0.394231 0.627404 0.067308 0.069712
0 0.120192 0.533654 0.057692 0.062500
1 0.300481 0.973558 0.064904 0.048077
1 0.399038 0.853365 0.060096 0.057692
1 0.144231 0.949519 0.064904 0.062500
1 0.144231 0.656250 0.064904 0.062500
1 0.387019 0.475962 0.043269 0.052885
0 0.500000 0.987981 0.060096 0.016827
