1 0.237981 0.546988 0.031250 0.033735
1 0.370192 0.571084 0.033654 0.040964
1 0.149038 0.537349 0.028846 0.038554
1 0.170673 0.568675 0.031250 0.043373
1 0.812500 0.614458 0.038462 0.040964
1 0.192308 0.534940 0.031250 0.036145
1 0.211538 0.546988 0.033654 0.040964
1 0.776442 0.486747 0.040865 0.040964
1 0.064904 0.546988 0.038462 0.040964
1 0.461538 0.530120 0.043269 0.053012
0 0.408654 0.573494 0.028846 0.036145
1 0.689904 0.513253 0.033654 0.043373
1 0.562500 0.522892 0.048077 0.050602
1 0.122596 0.597590 0.045673 0.045783
1 0.014423 0.546988 0.026442 0.043373
1 0.882212 0.467470 0.033654 0.038554
