0 0.480769 0.021635 0.024038 0.033654
1 0.370192 0.338942 0.031250 0.036058
0 0.725962 0.987981 0.043269 0.016827
0 0.725962 0.745192 0.040865 0.045673
0 0.314904 0.250000 0.031250 0.043269
1 0.430288 0.223558 0.033654 0.038462
1 0.764423 0.656250 0.045673 0.045673
1 0.725962 0.802885 0.045673 0.050481
1 0.430288 0.026442 0.033654 0.038462
0 0.596154 0.043269 0.033654 0.033654
1 0.725962 0.947115 0.045673 0.050481
0 0.480769 0.228365 0.024038 0.033654
0 0.596154 0.206731 0.033654 0.033654
0 0.545673 0.723558 0.040865 0.043269
