0 0.480769 0.433735 0.031250 0.040964
0 0.870192 0.491566 0.055288 0.060241
0 0.819712 0.501205 0.064904 0.077108
0 0.819712 0.445783 0.036058 0.033735
0 0.923077 0.469880 0.055288 0.067470
0 0.033654 0.484337 0.057692 0.069880
0 0.197115 0.448193 0.055288 0.053012
0 0.762019 0.433735 0.045673 0.045783
0 0.081731 0.508434 0.081731 0.089157
0 0.173077 0.520482 0.081731 0.081928
0 0.500000 0.416867 0.024038 0.033735
0 0.543269 0.431325 0.031250 0.045783
0 0.343750 0.563855 0.100962 0.110843
0 0.725962 0.568675 0.115385 0.118072
0 0.314904 0.445783 0.045673 0.060241
