1 0.100962 0.048077 0.096154 0.098558
1 0.406250 0.091346 0.072115 0.108173
1 0.463942 0.045673 0.105769 0.093750
1 0.343750 0.031250 0.108173 0.064904
1 0.706731 0.055288 0.079327 0.110577
1 0.771635 0.064904 0.069712 0.103365
1 0.637019 0.360577 0.093750 0.127404
1 0.906250 0.276442 0.086538 0.100962
1 0.514423 0.262019 0.060096 0.072115
1 0.242788 0.100962 0.060096 0.062500
1 0.569712 0.050481 0.072115 0.100962
1 0.084135 0.432692 0.129808 0.158654
1 0.713942 0.242788 0.069712 0.076923
1 0.346154 0.250000 0.045673 0.072115
1 0.242788 0.269231 0.060096 0.062500
1 0.100962 0.329327 0.093750 0.112981
1 0.514423 0.108173 0.060096 0.072115
1 0.629808 0.110577 0.069712 0.081731
1 0.271635 0.331731 0.079327 0.103365
1 0.771635 0.305288 0.069712 0.103365
1 0.567308 0.125000 0.055288 0.074519
1 0.201923 0.444712 0.139423 0.161058
1 0.569712 0.324519 0.069712 0.108173
1 0.971154 0.028846 0.052885 0.060096
1 0.271635 0.045673 0.081731 0.091346
1 0.971154 0.379808 0.050481 0.137019
1 0.713942 0.127404 0.069712 0.076923
1 0.906250 0.093750 0.086538 0.100962
1 0.567308 0.245192 0.055288 0.074519
1 0.463942 0.355769 0.103365 0.153846
1 0.343750 0.372596 0.105769 0.129808
1 0.637019 0.036058 0.096154 0.074519
1 0.817308 0.021635 0.125000 0.043269
