1 0.521635 0.057831 0.084135 0.115663
0 0.329327 0.349398 0.067308 0.091566
1 0.237981 0.315663 0.098558 0.137349
1 0.132212 0.320482 0.084135 0.113253
1 0.021635 0.407229 0.024038 0.038554
1 0.237981 0.062651 0.100962 0.125301
1 0.132212 0.053012 0.086538 0.108434
1 0.521635 0.315663 0.081731 0.115663
1 0.762019 0.057831 0.105769 0.115663
1 0.944712 0.436145 0.036058 0.050602
1 0.432692 0.026506 0.055288 0.053012
1 0.762019 0.325301 0.103365 0.137349
1 0.581731 0.344578 0.052885 0.079518
0 0.329327 0.033735 0.069712 0.069880
1 0.581731 0.033735 0.055288 0.067470
1 0.432692 0.351807 0.052885 0.062651
