1 0.384615 0.421687 0.021635 0.028916
1 0.608173 0.443373 0.031250 0.033735
3 0.507212 0.503614 0.069712 0.130120
1 0.408654 0.455422 0.026442 0.040964
0 0.795673 0.428916 0.014423 0.019277
1 0.663462 0.412048 0.016827 0.024096
1 0.507212 0.426506 0.021635 0.019277
1 0.754808 0.469880 0.028846 0.033735
3 0.639423 0.966265 0.084135 0.062651
3 0.269231 0.959036 0.084135 0.077108
3 0.454327 0.920482 0.153846 0.154217
1 0.141827 0.453012 0.045673 0.048193
3 0.634615 0.402410 0.038462 0.069880
3 0.802885 0.445783 0.040865 0.055422
0 0.079327 0.455422 0.048077 0.065060
1 0.930288 0.534940 0.067308 0.065060
1 0.632212 0.380723 0.021635 0.024096
3 0.269231 0.595181 0.081731 0.303614
1 0.442308 0.450602 0.060096 0.079518
3 0.733173 0.474699 0.043269 0.118072
1 0.264423 0.474699 0.043269 0.055422
3 0.086538 0.939759 0.141827 0.113253
3 0.158654 0.556627 0.088942 0.238554
1 0.317308 0.431325 0.050481 0.048193
0 0.622596 0.465060 0.043269 0.053012
3 0.454327 0.621687 0.151442 0.402410
1 0.555288 0.457831 0.057692 0.053012
0 0.495192 0.450602 0.028846 0.033735
1 0.728365 0.426506 0.021635 0.021687
3 0.379808 0.455422 0.040865 0.101205
3 0.329327 0.559036 0.074519 0.303614
3 0.911058 0.937349 0.170673 0.120482
3 0.769231 0.544578 0.064904 0.183133
3 0.911058 0.648193 0.168269 0.284337
3 0.086538 0.602410 0.139423 0.361446
