0 0.762019 0.043269 0.081731 0.088942
0 0.899038 0.384615 0.117788 0.117788
0 0.504808 0.052885 0.108173 0.105769
0 0.372596 0.060096 0.064904 0.112981
0 0.331731 0.377404 0.096154 0.108173
0 0.846154 0.384615 0.081731 0.091346
0 0.257212 0.048077 0.050481 0.088942
0 0.257212 0.389423 0.050481 0.088942
0 0.141827 0.045673 0.084135 0.093750
0 0.846154 0.052885 0.081731 0.091346
0 0.331731 0.060096 0.096154 0.108173
0 0.504808 0.389423 0.105769 0.110577
0 0.372596 0.377404 0.064904 0.112981
0 0.899038 0.055288 0.120192 0.112981
0 0.141827 0.391827 0.081731 0.093750
