1 0.305288 0.291566 0.052885 0.060241
3 0.281250 0.040964 0.211538 0.081928
1 0.437500 0.062651 0.062500 0.057831
3 0.281250 0.339759 0.209135 0.175904
1 0.305288 0.040964 0.052885 0.060241
3 0.867788 0.033735 0.096154 0.069880
1 0.879808 0.286747 0.040865 0.045783
3 0.451923 0.043373 0.132212 0.089157
1 0.762019 0.113253 0.040865 0.045783
3 0.721154 0.556627 0.307692 0.349398
3 0.451923 0.334940 0.129808 0.178313
1 0.759615 0.440964 0.103365 0.125301
3 0.754808 0.065060 0.098558 0.132530
3 0.867788 0.330120 0.093750 0.130120
3 0.754808 0.291566 0.096154 0.178313
1 0.879808 0.045783 0.040865 0.045783
1 0.762019 0.219277 0.040865 0.045783
1 0.437500 0.269880 0.062500 0.057831
