1 0.415865 0.448193 0.043269 0.048193
1 0.579327 0.445783 0.040865 0.053012
1 0.896635 0.354217 0.189904 0.219277
1 0.153846 0.233735 0.052885 0.053012
1 0.259615 0.289157 0.038462 0.050602
1 0.259615 0.043373 0.038462 0.050602
1 0.651442 0.510843 0.139423 0.127711
1 0.153846 0.098795 0.052885 0.053012
1 0.038462 0.072289 0.050481 0.065060
1 0.038462 0.260241 0.050481 0.065060
1 0.891827 0.048193 0.192308 0.096386
1 0.500000 0.450602 0.045673 0.050602
1 0.896635 0.043373 0.192308 0.089157
1 0.334135 0.460241 0.055288 0.055422
