0 0.709135 0.040964 0.040865 0.050602
0 0.432692 0.026506 0.048077 0.053012
0 0.233173 0.354217 0.043269 0.050602
0 0.939904 0.339759 0.062500 0.062651
0 0.108173 0.387952 0.129808 0.139759
0 0.432692 0.359036 0.045673 0.057831
0 0.709135 0.339759 0.040865 0.050602
0 0.108173 0.031325 0.132212 0.065060
0 0.646635 0.354217 0.033654 0.048193
0 0.233173 0.026506 0.043269 0.050602
0 0.862981 0.339759 0.045673 0.053012
0 0.939904 0.040964 0.062500 0.062651
0 0.805288 0.048193 0.048077 0.057831
0 0.319712 0.359036 0.048077 0.057831
0 0.805288 0.332530 0.048077 0.057831
0 0.862981 0.040964 0.045673 0.053012
0 0.600962 0.327711 0.067308 0.074699
0 0.646635 0.026506 0.033654 0.048193
