1 0.737981 0.310843 0.021635 0.024096
1 0.747596 0.021687 0.040865 0.045783
1 0.891827 0.144578 0.026442 0.040964
1 0.956731 0.036145 0.043269 0.048193
1 0.223558 0.142169 0.033654 0.028916
1 0.500000 0.378313 0.043269 0.043373
1 0.418269 0.069880 0.038462 0.050602
1 0.283654 0.277108 0.026442 0.026506
1 0.706731 0.554217 0.072115 0.077108
1 0.956731 0.402410 0.043269 0.048193
1 0.492788 0.096386 0.040865 0.045783
1 0.271635 0.339759 0.033654 0.038554
1 0.711538 0.098795 0.033654 0.031325
1 0.134615 0.115663 0.033654 0.033735
1 0.694712 0.043373 0.040865 0.038554
1 0.134615 0.322892 0.033654 0.033735
1 0.891827 0.293976 0.026442 0.040964
1 0.036058 0.156627 0.028846 0.028916
1 0.774038 0.383133 0.045673 0.043373
1 0.653846 0.383133 0.033654 0.040964
1 0.653846 0.055422 0.033654 0.040964
1 0.115385 0.320482 0.026442 0.031325
1 0.574519 0.062651 0.040865 0.040964
1 0.853365 0.007229 0.048077 0.014458
1 0.747596 0.416867 0.038462 0.045783
1 0.218750 0.349398 0.050481 0.045783
1 0.355769 0.349398 0.033654 0.033735
1 0.860577 0.303614 0.026442 0.038554
1 0.223558 0.296386 0.033654 0.028916
1 0.156250 0.106024 0.033654 0.033735
1 0.603365 0.113253 0.033654 0.033735
1 0.711538 0.339759 0.033654 0.031325
1 0.706731 0.983133 0.074519 0.026506
1 0.774038 0.055422 0.045673 0.043373
1 0.036058 0.281928 0.028846 0.028916
1 0.218750 0.089157 0.050481 0.045783
1 0.625000 0.380723 0.038462 0.045783
1 0.966346 0.084337 0.040865 0.033735
1 0.737981 0.127711 0.021635 0.024096
1 0.418269 0.368675 0.038462 0.050602
1 0.391827 0.120482 0.024038 0.021687
1 0.081731 0.113253 0.033654 0.033735
1 0.391827 0.318072 0.024038 0.021687
1 0.492788 0.342169 0.040865 0.045783
1 0.225962 0.171084 0.021635 0.024096
1 0.605769 0.525301 0.060096 0.072289
1 0.156250 0.332530 0.033654 0.033735
1 0.182692 0.344578 0.036058 0.038554
1 0.860577 0.134940 0.026442 0.038554
1 0.500000 0.060241 0.043269 0.043373
1 0.355769 0.089157 0.033654 0.033735
1 0.182692 0.093976 0.036058 0.038554
1 0.781250 0.433735 0.045673 0.045783
1 0.591346 0.089157 0.038462 0.033735
1 0.115385 0.118072 0.026442 0.031325
1 0.966346 0.354217 0.040865 0.033735
1 0.603365 0.325301 0.033654 0.033735
1 0.283654 0.161446 0.026442 0.026506
1 0.591346 0.349398 0.038462 0.033735
1 0.271635 0.098795 0.033654 0.038554
1 0.694712 0.395181 0.040865 0.038554
