0 0.283654 0.269880 0.043269 0.053012
0 0.341346 0.310843 0.033654 0.043373
1 0.812500 0.272289 0.076923 0.089157
1 0.725962 0.012048 0.084135 0.024096
0 0.247596 0.293976 0.043269 0.055422
1 0.725962 0.337349 0.081731 0.103614
1 0.812500 0.040964 0.079327 0.081928
1 0.442308 0.212048 0.079327 0.098795
0 0.341346 0.009639 0.036058 0.021687
1 0.625000 0.272289 0.060096 0.079518
0 0.247596 0.021687 0.045673 0.043373
1 0.442308 0.096386 0.079327 0.098795
0 0.129808 0.219277 0.081731 0.084337
0 0.129808 0.089157 0.081731 0.084337
