1 0.742788 0.514423 0.064904 0.074519
0 0.415865 0.959135 0.045673 0.055288
0 0.913462 0.528846 0.043269 0.064904
1 0.742788 0.014423 0.067308 0.028846
1 0.170673 0.543269 0.040865 0.043269
0 0.415865 0.528846 0.045673 0.055288
0 0.502404 0.533654 0.050481 0.055288
0 0.865385 0.007212 0.048077 0.016827
0 0.240385 0.521635 0.050481 0.057692
0 0.240385 0.966346 0.050481 0.057692
0 0.310096 0.968750 0.050481 0.060096
1 0.026442 0.519231 0.033654 0.040865
0 0.310096 0.007212 0.052885 0.016827
0 0.637019 0.524038 0.050481 0.060096
0 0.865385 0.521635 0.045673 0.062500
1 0.170673 0.944712 0.040865 0.043269
0 0.637019 0.004808 0.052885 0.012019
0 0.687500 0.927885 0.031250 0.038462
0 0.865385 0.966346 0.045673 0.062500
0 0.240385 0.007212 0.052885 0.014423
1 0.742788 0.966346 0.067308 0.062500
0 0.637019 0.963942 0.050481 0.060096
0 0.310096 0.519231 0.050481 0.060096
0 0.502404 0.954327 0.050481 0.055288
1 0.026442 0.968750 0.033654 0.040865
0 0.913462 0.959135 0.043269 0.064904
