1 0.444712 0.968675 0.060096 0.055422
1 0.485577 0.409639 0.057692 0.050602
1 0.218750 0.281928 0.057692 0.081928
1 0.334135 0.272289 0.091346 0.091566
1 0.033654 0.474699 0.057692 0.086747
1 0.415865 0.409639 0.043269 0.050602
1 0.485577 0.028916 0.057692 0.050602
1 0.848558 0.303614 0.127404 0.137349
1 0.141827 0.296386 0.048077 0.055422
1 0.757212 0.306024 0.067308 0.069880
1 0.086538 0.149398 0.040865 0.055422
1 0.182692 0.144578 0.081731 0.084337
1 0.218750 0.156627 0.057692 0.081928
1 0.334135 0.166265 0.091346 0.091566
1 0.757212 0.132530 0.067308 0.069880
1 0.444712 0.595181 0.060096 0.055422
1 0.848558 0.134940 0.127404 0.137349
1 0.415865 0.028916 0.043269 0.050602
1 0.182692 0.293976 0.081731 0.084337
