0 0.237981 0.012048 0.057692 0.026506
0 0.762019 0.351807 0.069712 0.074699
0 0.836538 0.368675 0.062500 0.069880
0 0.165865 0.330120 0.098558 0.113253
0 0.545673 0.375904 0.069712 0.081928
0 0.088942 0.033735 0.060096 0.069880
0 0.307692 0.359036 0.043269 0.065060
0 0.353365 0.344578 0.055288 0.065060
0 0.088942 0.310843 0.057692 0.091566
0 0.353365 0.009639 0.057692 0.021687
0 0.165865 0.028916 0.100962 0.060241
0 0.237981 0.344578 0.055288 0.074699
0 0.762019 0.009639 0.072115 0.019277
0 0.983173 0.373494 0.024038 0.086747
