1 0.668269 0.338942 0.026442 0.038462
0 0.949519 0.338942 0.028846 0.033654
1 0.627404 0.336538 0.040865 0.057692
1 0.560096 0.012019 0.031250 0.026442
1 0.586538 0.012019 0.048077 0.026442
1 0.716346 0.012019 0.081731 0.026442
1 0.560096 0.326923 0.028846 0.040865
1 0.668269 0.007212 0.028846 0.014423
0 0.949519 0.004808 0.031250 0.012019
1 0.463942 0.355769 0.021635 0.033654
1 0.586538 0.336538 0.045673 0.057692
1 0.716346 0.353365 0.079327 0.093750
1 0.307692 0.362981 0.098558 0.088942
1 0.627404 0.012019 0.043269 0.026442
