0 0.754808 0.048077 0.132212 0.098558
0 0.396635 0.153846 0.021635 0.026442
0 0.612981 0.358173 0.074519 0.103365
0 0.379808 0.192308 0.019231 0.031250
0 0.754808 0.317308 0.129808 0.153846
0 0.343750 0.141827 0.021635 0.024038
0 0.396635 0.182692 0.021635 0.026442
0 0.343750 0.194712 0.021635 0.024038
0 0.314904 0.144231 0.021635 0.033654
0 0.274038 0.052885 0.026442 0.031250
0 0.612981 0.014423 0.076923 0.031250
0 0.132212 0.038462 0.156250 0.076923
0 0.692308 0.139423 0.021635 0.036058
0 0.637019 0.192308 0.028846 0.038462
0 0.300481 0.391827 0.040865 0.052885
0 0.584135 0.189904 0.031250 0.031250
0 0.584135 0.146635 0.031250 0.031250
0 0.637019 0.144231 0.028846 0.038462
0 0.365385 0.201923 0.019231 0.028846
0 0.365385 0.134615 0.019231 0.028846
0 0.375000 0.399038 0.096154 0.122596
0 0.274038 0.283654 0.026442 0.031250
0 0.132212 0.346154 0.153846 0.170673
0 0.492788 0.375000 0.064904 0.076923
0 0.314904 0.192308 0.021635 0.033654
