1 0.329327 0.303614 0.057692 0.053012
0 0.586538 0.375904 0.057692 0.048193
0 0.557692 0.019277 0.052885 0.038554
0 0.733173 0.226506 0.045673 0.050602
0 0.795673 0.248193 0.040865 0.045783
1 0.627404 0.016867 0.050481 0.033735
0 0.043269 0.180723 0.024038 0.045783
1 0.721154 0.472289 0.074519 0.069880
0 0.480769 0.004819 0.036058 0.009639
0 0.447115 0.009639 0.038462 0.019277
0 0.497596 0.368675 0.057692 0.045783
1 0.331731 0.014458 0.045673 0.031325
0 0.295673 0.197590 0.043269 0.040964
0 0.557692 0.159036 0.050481 0.055422
1 0.331731 0.166265 0.043269 0.055422
0 0.516827 0.178313 0.033654 0.043373
0 0.608173 0.448193 0.055288 0.048193
0 0.516827 0.007229 0.036058 0.014458
0 0.480769 0.183133 0.033654 0.045783
1 0.807692 0.486747 0.057692 0.067470
1 0.425481 0.289157 0.050481 0.062651
0 0.161058 0.281928 0.040865 0.043373
0 0.843750 0.298795 0.040865 0.045783
0 0.418269 0.004819 0.036058 0.012048
