1 0.286058 0.436145 0.076923 0.093976
1 0.375000 0.689157 0.158654 0.178313
1 0.201923 0.469880 0.105769 0.118072
1 0.651442 0.460241 0.093750 0.110843
1 0.475962 0.257831 0.052885 0.072289
1 0.475962 0.084337 0.052885 0.072289
1 0.875000 0.573494 0.125000 0.106024
1 0.293269 0.057831 0.050481 0.084337
1 0.293269 0.284337 0.050481 0.084337
1 0.475962 0.421687 0.081731 0.098795
1 0.598558 0.592771 0.117788 0.134940
1 0.420673 0.036145 0.067308 0.072289
1 0.793269 0.431325 0.081731 0.067470
1 0.709135 0.253012 0.060096 0.093976
1 0.709135 0.089157 0.060096 0.093976
