0 0.379808 0.016867 0.026442 0.033735
0 0.485577 0.327711 0.043269 0.062651
0 0.040865 0.279518 0.076923 0.226506
0 0.536058 0.313253 0.026442 0.045783
0 0.350962 0.332530 0.028846 0.048193
0 0.305288 0.031325 0.055288 0.062651
0 0.230769 0.301205 0.060096 0.077108
0 0.451923 0.318072 0.031250 0.057831
0 0.675481 0.327711 0.024038 0.045783
0 0.305288 0.308434 0.052885 0.072289
0 0.485577 0.019277 0.045673 0.038554
0 0.379808 0.322892 0.024038 0.045783
0 0.675481 0.014458 0.026442 0.028916
0 0.596154 0.313253 0.052885 0.060241
0 0.451923 0.021687 0.033654 0.045783
0 0.141827 0.298795 0.057692 0.110843
0 0.699519 0.007229 0.028846 0.016867
0 0.536058 0.021687 0.028846 0.043373
0 0.141827 0.045783 0.060096 0.091566
0 0.350962 0.012048 0.031250 0.026506
