1 0.228365 0.019277 0.031250 0.040964
1 0.673077 0.272289 0.050481 0.062651
1 0.673077 0.060241 0.050481 0.062651
1 0.331731 0.036145 0.048077 0.050602
1 0.439904 0.026506 0.045673 0.055422
1 0.209135 0.009639 0.036058 0.021687
1 0.699519 0.281928 0.033654 0.057831
1 0.600962 0.036145 0.043269 0.057831
1 0.699519 0.050602 0.033654 0.057831
1 0.536058 0.320482 0.021635 0.033735
1 0.600962 0.296386 0.043269 0.057831
1 0.536058 0.014458 0.024038 0.031325
1 0.081731 0.026506 0.045673 0.053012
1 0.012019 0.303614 0.021635 0.055422
1 0.012019 0.028916 0.021635 0.055422
1 0.485577 0.325301 0.048077 0.057831
1 0.139423 0.024096 0.040865 0.050602
1 0.331731 0.296386 0.048077 0.050602
1 0.439904 0.308434 0.043269 0.060241
1 0.209135 0.334940 0.033654 0.045783
1 0.485577 0.019277 0.050481 0.038554
1 0.228365 0.313253 0.028846 0.040964
1 0.081731 0.308434 0.043269 0.053012
