1 0.608173 0.019277 0.038462 0.040964
1 0.377404 0.016867 0.036058 0.036145
1 0.653846 0.416867 0.038462 0.060241
1 0.125000 0.421687 0.050481 0.069880
1 0.564904 0.378313 0.060096 0.079518
1 0.293269 0.404819 0.048077 0.069880
1 0.468750 0.028916 0.055288 0.057831
1 0.882212 0.040964 0.100962 0.084337
1 0.326923 0.014458 0.036058 0.028916
1 0.064904 0.024096 0.055288 0.050602
1 0.326923 0.419277 0.033654 0.053012
1 0.653846 0.016867 0.040865 0.033735
1 0.468750 0.397590 0.052885 0.067470
1 0.411058 0.404819 0.050481 0.069880
1 0.125000 0.016867 0.052885 0.033735
1 0.218750 0.024096 0.050481 0.050602
0 0.956731 0.409639 0.048077 0.072289
1 0.807692 0.028916 0.052885 0.057831
1 0.564904 0.040964 0.060096 0.079518
1 0.608173 0.407229 0.036058 0.053012
1 0.882212 0.400000 0.098558 0.127711
1 0.757212 0.014458 0.036058 0.031325
0 0.956731 0.024096 0.050481 0.048193
1 0.411058 0.024096 0.052885 0.050602
1 0.757212 0.414458 0.033654 0.048193
1 0.064904 0.402410 0.052885 0.062651
1 0.694712 0.414458 0.055288 0.079518
1 0.293269 0.024096 0.050481 0.050602
1 0.377404 0.409639 0.033654 0.050602
1 0.218750 0.400000 0.048077 0.057831
1 0.807692 0.400000 0.050481 0.074699
