0 0.646635 0.450602 0.040865 0.050602
0 0.677885 0.428916 0.036058 0.043373
1 0.298077 0.448193 0.038462 0.057831
1 0.418269 0.450602 0.026442 0.048193
1 0.254808 0.448193 0.033654 0.055422
1 0.221154 0.445783 0.045673 0.057831
1 0.389423 0.453012 0.033654 0.053012
0 0.608173 0.438554 0.033654 0.045783
1 0.165865 0.421687 0.062500 0.069880
0 0.579327 0.443373 0.031250 0.040964
0 0.766827 0.426506 0.040865 0.045783
0 0.326923 0.462651 0.036058 0.045783
0 0.444712 0.450602 0.026442 0.040964
0 0.560096 0.443373 0.024038 0.033735
0 0.865385 0.428916 0.043269 0.055422
