1 0.043269 0.451923 0.079327 0.127404
1 0.350962 0.026442 0.096154 0.055288
1 0.110577 0.016827 0.074519 0.033654
1 0.314904 0.050481 0.084135 0.103365
1 0.314904 0.396635 0.081731 0.122596
1 0.634615 0.069712 0.088942 0.086538
1 0.884615 0.435096 0.081731 0.081731
1 0.110577 0.463942 0.072115 0.115385
1 0.649038 0.024038 0.091346 0.050481
1 0.634615 0.367788 0.088942 0.086538
1 0.485577 0.389423 0.069712 0.081731
1 0.649038 0.451923 0.088942 0.125000
1 0.350962 0.449519 0.093750 0.132212
1 0.764423 0.382212 0.115385 0.146635
1 0.209135 0.026442 0.115385 0.055288
1 0.516827 0.036058 0.086538 0.074519
0 0.473558 0.473558 0.088942 0.105769
1 0.884615 0.021635 0.084135 0.045673
