0 0.310096 0.520482 0.028846 0.036145
0 0.163462 0.508434 0.057692 0.062651
0 0.274038 0.522892 0.028846 0.038554
0 0.574519 0.527711 0.040865 0.045783
0 0.201923 0.518072 0.026442 0.043373
0 0.795673 0.520482 0.038462 0.045783
0 0.447115 0.515663 0.033654 0.043373
0 0.019231 0.527711 0.036058 0.043373
0 0.055288 0.522892 0.028846 0.038554
0 0.632212 0.532530 0.031250 0.040964
0 0.389423 0.518072 0.021635 0.036145
0 0.841346 0.522892 0.036058 0.038554
0 0.365385 0.522892 0.031250 0.036145
0 0.913462 0.520482 0.036058 0.036145
0 0.483173 0.503614 0.045673 0.055422
0 0.737981 0.506024 0.033654 0.040964
