0 0.822115 0.033654 0.115385 0.067308
0 0.822115 0.432692 0.112981 0.129808
0 0.593750 0.043269 0.112981 0.088942
1 0.336538 0.461538 0.048077 0.074519
0 0.716346 0.456731 0.086538 0.110577
0 0.716346 0.016827 0.088942 0.033654
0 0.293269 0.461538 0.076923 0.084135
0 0.396635 0.009615 0.060096 0.021635
0 0.504808 0.459135 0.067308 0.096154
0 0.192308 0.360577 0.197115 0.230769
0 0.668269 0.435096 0.048077 0.076923
0 0.935096 0.468750 0.060096 0.069712
0 0.192308 0.093750 0.199519 0.189904
0 0.668269 0.019231 0.050481 0.038462
0 0.593750 0.413462 0.110577 0.137019
