1 0.805288 0.336538 0.074519 0.076923
1 0.403846 0.021635 0.062500 0.043269
1 0.266827 0.088942 0.033654 0.033654
1 0.468750 0.413462 0.033654 0.045673
1 0.961538 0.439904 0.062500 0.067308
1 0.175481 0.442308 0.038462 0.040865
1 0.747596 0.072115 0.084135 0.081731
1 0.944712 0.504808 0.084135 0.067308
1 0.307692 0.411058 0.028846 0.031250
1 0.216346 0.084135 0.036058 0.028846
1 0.769231 0.425481 0.050481 0.060096
1 0.266827 0.353365 0.033654 0.033654
1 0.245192 0.427885 0.036058 0.033654
1 0.175481 0.009615 0.040865 0.021635
1 0.485577 0.108173 0.050481 0.052885
1 0.485577 0.334135 0.050481 0.052885
1 0.223558 0.002404 0.045673 0.007212
1 0.468750 0.028846 0.033654 0.045673
1 0.216346 0.358173 0.036058 0.028846
1 0.127404 0.442308 0.038462 0.036058
1 0.747596 0.370192 0.084135 0.081731
1 0.127404 0.009615 0.040865 0.019231
1 0.593750 0.415865 0.048077 0.050481
1 0.307692 0.031250 0.028846 0.031250
1 0.245192 0.016827 0.038462 0.033654
1 0.403846 0.425481 0.060096 0.050481
1 0.961538 0.019231 0.064904 0.038462
1 0.805288 0.105769 0.074519 0.076923
