1 0.552885 0.346988 0.055288 0.072289
1 0.783654 0.007229 0.045673 0.016867
1 0.507212 0.359036 0.040865 0.062651
1 0.252404 0.026506 0.081731 0.055422
1 0.612981 0.007229 0.050481 0.016867
1 0.783654 0.346988 0.043269 0.057831
1 0.718750 0.354217 0.055288 0.065060
1 0.449519 0.009639 0.043269 0.021687
1 0.252404 0.325301 0.079327 0.093976
1 0.401442 0.334940 0.050481 0.074699
1 0.401442 0.016867 0.052885 0.036145
1 0.865385 0.332530 0.072115 0.086747
1 0.865385 0.021687 0.074519 0.045783
1 0.612981 0.346988 0.048077 0.057831
