0 0.346154 0.026506 0.096154 0.055422
0 0.516827 0.375904 0.040865 0.067470
0 0.620192 0.356627 0.040865 0.067470
0 0.980769 0.308434 0.028846 0.127711
0 0.026442 0.385542 0.050481 0.069880
0 0.961538 0.016867 0.057692 0.033735
0 0.173077 0.351807 0.105769 0.113253
0 0.396635 0.354217 0.033654 0.057831
0 0.980769 0.043373 0.031250 0.089157
0 0.173077 0.019277 0.108173 0.038554
0 0.418269 0.392771 0.040865 0.050602
0 0.961538 0.344578 0.055288 0.089157
0 0.567308 0.021687 0.084135 0.045783
0 0.865385 0.363855 0.064904 0.089157
0 0.466346 0.378313 0.031250 0.038554
0 0.567308 0.342169 0.081731 0.108434
0 0.740385 0.040964 0.108173 0.081928
0 0.740385 0.320482 0.105769 0.134940
0 0.346154 0.332530 0.093750 0.106024
