1 0.353365 0.260241 0.067308 0.072289
1 0.786058 0.036145 0.048077 0.057831
1 0.677885 0.424096 0.057692 0.057831
1 0.355769 0.383133 0.093750 0.096386
1 0.692308 0.060241 0.045673 0.055422
1 0.353365 0.057831 0.067308 0.072289
1 0.901442 0.074699 0.093750 0.110843
1 0.379808 0.303614 0.038462 0.053012
1 0.786058 0.281928 0.048077 0.057831
1 0.692308 0.257831 0.045673 0.055422
1 0.543269 0.077108 0.057692 0.069880
1 0.543269 0.240964 0.057692 0.069880
1 0.901442 0.243373 0.093750 0.110843
1 0.158654 0.375904 0.064904 0.060241
1 0.824519 0.571084 0.129808 0.142169
