0 0.536058 0.026506 0.064904 0.053012
0 0.264423 0.014458 0.050481 0.028916
0 0.593750 0.428916 0.048077 0.062651
0 0.536058 0.428916 0.062500 0.072289
0 0.312500 0.421687 0.048077 0.065060
0 0.721154 0.021687 0.033654 0.045783
0 0.966346 0.028916 0.031250 0.045783
0 0.312500 0.026506 0.050481 0.055422
0 0.966346 0.414458 0.031250 0.045783
0 0.879808 0.416867 0.084135 0.086747
0 0.593750 0.024096 0.050481 0.048193
0 0.189904 0.440964 0.052885 0.067470
0 0.189904 0.019277 0.055288 0.038554
0 0.769231 0.412048 0.060096 0.065060
0 0.026442 0.462651 0.048077 0.072289
0 0.403846 0.019277 0.043269 0.040964
0 0.879808 0.036145 0.086538 0.072289
0 0.721154 0.424096 0.031250 0.048193
0 0.348558 0.433735 0.043269 0.055422
0 0.403846 0.426506 0.040865 0.045783
0 0.685096 0.419277 0.033654 0.048193
0 0.348558 0.019277 0.045673 0.038554
0 0.026442 0.009639 0.050481 0.019277
0 0.769231 0.031325 0.062500 0.065060
0 0.649038 0.414458 0.055288 0.072289
