0 0.021687 0.730769 0.021687 0.024038
0 0.004819 0.721154 0.012048 0.028846
0 0.443373 0.725962 0.016867 0.019231
0 0.253012 0.709135 0.016867 0.019231
0 0.062651 0.728365 0.019277 0.021635
0 0.310843 0.730769 0.021687 0.024038
1 0.587952 0.759615 0.057831 0.076923
0 0.269880 0.728365 0.019277 0.021635
0 0.036145 0.718750 0.016867 0.021635
0 0.137349 0.701923 0.019277 0.026442
0 0.296386 0.718750 0.016867 0.021635
0 0.693976 0.740385 0.019277 0.021635
0 0.079518 0.709135 0.016867 0.019231
0 0.330120 0.721154 0.016867 0.026442
0 0.532530 0.730769 0.016867 0.024038
0 0.973494 0.740385 0.019277 0.021635
0 0.231325 0.718750 0.021687 0.026442
0 0.346988 0.716346 0.021687 0.026442
0 0.195181 0.701923 0.019277 0.026442
0 0.101205 0.718750 0.021687 0.026442
