1 0.742788 0.469880 0.040865 0.038554
0 0.463942 0.469880 0.050481 0.045783
0 0.646635 0.414458 0.028846 0.036145
1 0.153846 0.481928 0.072115 0.079518
0 0.338942 0.491566 0.062500 0.055422
0 0.673077 0.419277 0.024038 0.031325
1 0.521635 0.462651 0.040865 0.038554
0 0.394231 0.462651 0.057692 0.053012
0 0.680288 0.501205 0.043269 0.060241
1 0.706731 0.438554 0.036058 0.033735
1 0.545673 0.520482 0.072115 0.081928
0 0.641827 0.477108 0.060096 0.060241
0 0.538462 0.436145 0.028846 0.031325
0 0.605769 0.426506 0.026442 0.033735
