0 0.355769 0.338942 0.062500 0.069712
0 0.584135 0.334135 0.057692 0.067308
0 0.704327 0.348558 0.055288 0.074519
0 0.894231 0.074519 0.117788 0.120192
0 0.817308 0.343750 0.057692 0.069712
0 0.651442 0.350962 0.062500 0.076923
0 0.817308 0.024038 0.060096 0.048077
0 0.584135 0.028846 0.060096 0.057692
0 0.250000 0.367788 0.043269 0.052885
0 0.704327 0.021635 0.057692 0.045673
0 0.355769 0.026442 0.064904 0.052885
0 0.514423 0.031250 0.072115 0.064904
0 0.651442 0.021635 0.064904 0.045673
0 0.514423 0.331731 0.069712 0.079327
0 0.250000 0.007212 0.045673 0.016827
