3 0.576923 0.747596 0.076923 0.158654
3 0.649038 0.742788 0.072115 0.132212
3 0.509615 0.906250 0.067308 0.149038
3 0.685096 0.781250 0.134615 0.091346
0 0.682692 0.896635 0.057692 0.050481
0 0.682692 0.762019 0.057692 0.050481
1 0.579327 0.687500 0.033654 0.038462
3 0.649038 0.915865 0.072115 0.132212
1 0.641827 0.697115 0.040865 0.048077
1 0.524038 0.701923 0.038462 0.036058
1 0.641827 0.961538 0.040865 0.048077
1 0.524038 0.956731 0.038462 0.036058
3 0.685096 0.877404 0.134615 0.091346
3 0.576923 0.911058 0.076923 0.158654
