0 0.093750 0.394231 0.067308 0.117788
0 0.072115 0.338942 0.067308 0.062500
0 0.230769 0.105769 0.060096 0.076923
0 0.485577 0.122596 0.052885 0.057692
0 0.747596 0.360577 0.043269 0.096154
0 0.747596 0.072115 0.043269 0.096154
0 0.795673 0.362981 0.079327 0.103365
0 0.923077 0.427885 0.117788 0.144231
0 0.093750 0.048077 0.069712 0.098558
0 0.072115 0.093750 0.067308 0.062500
0 0.795673 0.069712 0.079327 0.103365
0 0.173077 0.375000 0.076923 0.084135
0 0.855769 0.093750 0.057692 0.057692
0 0.855769 0.338942 0.057692 0.057692
0 0.230769 0.326923 0.060096 0.076923
0 0.038462 0.408654 0.072115 0.117788
0 0.713942 0.117788 0.072115 0.076923
0 0.713942 0.314904 0.072115 0.076923
0 0.485577 0.310096 0.052885 0.057692
0 0.038462 0.040865 0.074519 0.084135
0 0.923077 0.038462 0.120192 0.079327
0 0.173077 0.057692 0.076923 0.084135
