1 0.430288 0.460241 0.043269 0.074699
1 0.701923 0.467470 0.055288 0.055422
1 0.278846 0.431325 0.050481 0.096386
1 0.473558 0.021687 0.093750 0.043373
1 0.838942 0.012048 0.052885 0.024096
1 0.742788 0.428916 0.067308 0.086747
1 0.473558 0.443373 0.091346 0.091566
1 0.430288 0.007229 0.045673 0.016867
1 0.141827 0.414458 0.115385 0.142169
1 0.915865 0.019277 0.098558 0.038554
1 0.838942 0.450602 0.050481 0.067470
1 0.622596 0.436145 0.074519 0.101205
1 0.915865 0.457831 0.096154 0.110843
1 0.742788 0.026506 0.069712 0.055422
1 0.350962 0.031325 0.072115 0.062651
1 0.622596 0.026506 0.076923 0.055422
1 0.350962 0.426506 0.069712 0.098795
1 0.278846 0.028916 0.052885 0.057831
