0 0.836538 0.254808 0.055288 0.062500
0 0.836538 0.014423 0.057692 0.028846
0 0.838942 0.322115 0.055288 0.069712
0 0.610577 0.283654 0.057692 0.069712
0 0.365385 0.307692 0.057692 0.081731
0 0.228365 0.266827 0.052885 0.079327
0 0.805288 0.389423 0.055288 0.062500
0 0.427885 0.259615 0.050481 0.057692
0 0.427885 0.009615 0.052885 0.021635
0 0.759615 0.230769 0.045673 0.057692
0 0.759615 0.024038 0.048077 0.050481
0 0.307692 0.329327 0.062500 0.081731
0 0.475962 0.334135 0.062500 0.069712
0 0.228365 0.012019 0.055288 0.024038
0 0.064904 0.360577 0.064904 0.084135
0 0.663462 0.288462 0.050481 0.069712
0 0.502404 0.281250 0.048077 0.069712
0 0.766827 0.290865 0.064904 0.076923
0 0.182692 0.322115 0.064904 0.081731
