0 0.762019 0.067308 0.069712 0.093750
1 0.625000 0.036058 0.115385 0.074519
1 0.625000 0.298077 0.112981 0.117788
0 0.516827 0.019231 0.067308 0.040865
1 0.451923 0.545673 0.098558 0.096154
0 0.543269 0.262019 0.048077 0.050481
0 0.516827 0.312500 0.064904 0.079327
1 0.348558 0.463942 0.081731 0.084135
0 0.211538 0.009615 0.074519 0.021635
0 0.211538 0.336538 0.072115 0.086538
0 0.543269 0.050481 0.048077 0.050481
1 0.682692 0.250000 0.060096 0.069712
0 0.913462 0.117788 0.045673 0.045673
0 0.762019 0.245192 0.069712 0.093750
1 0.326923 0.514423 0.096154 0.088942
0 0.913462 0.194712 0.045673 0.045673
1 0.483173 0.250000 0.052885 0.069712
