3 0.548077 0.930120 0.358173 0.132530
1 0.487981 0.453012 0.093750 0.055422
3 0.783654 0.554217 0.165865 0.289157
3 0.362981 0.542169 0.112981 0.404819
3 0.456731 0.609639 0.168269 0.318072
3 0.235577 0.571084 0.141827 0.421687
3 0.456731 0.944578 0.170673 0.103614
1 0.836538 0.450602 0.060096 0.079518
3 0.235577 0.937349 0.144231 0.118072
1 0.266827 0.402410 0.067308 0.062651
1 0.742788 0.479518 0.069712 0.074699
3 0.548077 0.665060 0.355769 0.262651
1 0.396635 0.383133 0.081731 0.079518
1 0.629808 0.578313 0.141827 0.125301
1 0.475962 0.498795 0.117788 0.106024
