1 0.524038 0.397590 0.045673 0.065060
1 0.086538 0.067470 0.170673 0.137349
1 0.552885 0.373494 0.033654 0.084337
1 0.975962 0.383133 0.038462 0.055422
1 0.903846 0.375904 0.062500 0.079518
1 0.649038 0.306024 0.112981 0.142169
1 0.382212 0.375904 0.045673 0.067470
1 0.762019 0.026506 0.103365 0.055422
1 0.649038 0.048193 0.115385 0.098795
1 0.408654 0.373494 0.040865 0.069880
1 0.463942 0.373494 0.045673 0.069880
1 0.588942 0.356627 0.057692 0.091566
1 0.194712 0.026506 0.079327 0.053012
1 0.086538 0.361446 0.168269 0.330120
1 0.762019 0.342169 0.100962 0.125301
1 0.336538 0.387952 0.033654 0.055422
1 0.194712 0.339759 0.076923 0.115663
