1 0.668269 0.026442 0.055288 0.052885
3 0.536058 0.543269 0.141827 0.216346
3 0.038462 0.500000 0.072115 0.141827
1 0.711538 0.471154 0.060096 0.062500
1 0.259615 0.377404 0.043269 0.045673
0 0.834135 0.007212 0.081731 0.016827
1 0.132212 0.396635 0.040865 0.033654
1 0.550481 0.456731 0.067308 0.062500
3 0.687500 0.951923 0.137019 0.088942
3 0.274038 0.396635 0.093750 0.084135
3 0.377404 0.550481 0.112981 0.189904
3 0.814904 0.954327 0.125000 0.086538
1 0.516827 0.406250 0.052885 0.052885
1 0.372596 0.483173 0.052885 0.060096
1 0.103365 0.439904 0.043269 0.043269
3 0.129808 0.497596 0.096154 0.141827
3 0.062500 0.439904 0.055288 0.072115
3 0.194712 0.406250 0.069712 0.064904
3 0.274038 0.036058 0.096154 0.074519
1 0.194712 0.033654 0.040865 0.036058
1 0.048077 0.014423 0.036058 0.028846
1 0.206731 0.449519 0.033654 0.043269
1 0.668269 0.406250 0.052885 0.057692
1 0.103365 0.004808 0.045673 0.012019
3 0.139423 0.430288 0.050481 0.093750
3 0.687500 0.545673 0.134615 0.221154
3 0.213942 0.519231 0.084135 0.180288
1 0.031250 0.447115 0.043269 0.033654
0 0.834135 0.451923 0.079327 0.079327
1 0.194712 0.394231 0.040865 0.036058
1 0.132212 0.031250 0.040865 0.033654
3 0.502404 0.024038 0.108173 0.050481
3 0.062500 0.012019 0.057692 0.026442
3 0.814904 0.533654 0.122596 0.240385
1 0.911058 0.401442 0.072115 0.067308
1 0.911058 0.031250 0.074519 0.062500
1 0.259615 0.050481 0.043269 0.045673
1 0.048077 0.415865 0.033654 0.031250
3 0.283654 0.528846 0.103365 0.182692
1 0.516827 0.024038 0.055288 0.050481
3 0.377404 0.956731 0.115385 0.079327
3 0.283654 0.971154 0.105769 0.052885
3 0.213942 0.975962 0.086538 0.043269
3 0.194712 0.026442 0.072115 0.055288
