0 0.766827 0.045673 0.074519 0.093750
0 0.564904 0.040865 0.057692 0.079327
0 0.526442 0.317308 0.033654 0.057692
0 0.663462 0.329327 0.055288 0.072115
0 0.319712 0.028846 0.060096 0.060096
0 0.766827 0.295673 0.072115 0.093750
0 0.564904 0.300481 0.057692 0.079327
0 0.379808 0.031250 0.043269 0.057692
0 0.951923 0.305288 0.057692 0.067308
0 0.379808 0.310096 0.043269 0.057692
0 0.951923 0.036058 0.057692 0.067308
0 0.319712 0.322115 0.057692 0.076923
0 0.526442 0.026442 0.036058 0.055288
1 0.281250 0.324519 0.028846 0.045673
0 0.663462 0.024038 0.057692 0.050481
1 0.098558 0.028846 0.060096 0.057692
0 0.906250 0.074519 0.060096 0.079327
0 0.170673 0.288462 0.062500 0.069712
0 0.425481 0.079327 0.074519 0.096154
0 0.906250 0.266827 0.060096 0.079327
1 0.098558 0.317308 0.057692 0.064904
0 0.170673 0.052885 0.062500 0.069712
