1 0.740385 0.076923 0.081731 0.084135
1 0.867788 0.026442 0.076923 0.052885
1 0.557692 0.367788 0.076923 0.093750
1 0.538462 0.254808 0.045673 0.060096
1 0.826923 0.081731 0.052885 0.064904
1 0.538462 0.076923 0.045673 0.060096
1 0.740385 0.254808 0.081731 0.084135
1 0.314904 0.266827 0.067308 0.072115
1 0.473558 0.266827 0.050481 0.052885
1 0.324519 0.358173 0.098558 0.105769
1 0.314904 0.064904 0.067308 0.072115
1 0.072115 0.276442 0.052885 0.062500
1 0.324519 0.014423 0.100962 0.028846
1 0.867788 0.322115 0.074519 0.084135
1 0.072115 0.055288 0.052885 0.062500
