1 0.935096 0.026506 0.038462 0.053012
1 0.480769 0.021687 0.057692 0.043373
1 0.750000 0.014458 0.038462 0.031325
1 0.271635 0.016867 0.074519 0.036145
1 0.199519 0.387952 0.141827 0.180723
1 0.536058 0.026506 0.067308 0.053012
1 0.360577 0.036145 0.103365 0.072289
1 0.776442 0.424096 0.057692 0.079518
1 0.199519 0.069880 0.144231 0.142169
1 0.901442 0.050602 0.076923 0.103614
1 0.935096 0.416867 0.036058 0.057831
1 0.826923 0.385542 0.096154 0.125301
1 0.901442 0.387952 0.074519 0.103614
1 0.750000 0.433735 0.036058 0.050602
1 0.271635 0.445783 0.072115 0.081928
1 0.536058 0.431325 0.064904 0.086747
1 0.480769 0.428916 0.055288 0.062651
1 0.776442 0.026506 0.060096 0.055422
1 0.435096 0.014458 0.043269 0.031325
1 0.360577 0.416867 0.100962 0.098795
1 0.435096 0.436145 0.040865 0.055422
1 0.826923 0.057831 0.098558 0.118072
