0 0.730769 0.379808 0.052885 0.060096
0 0.504808 0.009615 0.060096 0.021635
1 0.377404 0.384615 0.048077 0.067308
0 0.504808 0.355769 0.057692 0.069712
0 0.586538 0.336538 0.062500 0.076923
0 0.290865 0.372596 0.062500 0.074519
1 0.096154 0.009615 0.036058 0.021635
1 0.096154 0.353365 0.033654 0.062500
0 0.819712 0.372596 0.052885 0.064904
1 0.146635 0.028846 0.091346 0.060096
0 0.586538 0.021635 0.064904 0.045673
1 0.146635 0.338942 0.088942 0.110577
1 0.884615 0.372596 0.072115 0.093750
0 0.444712 0.007212 0.060096 0.014423
