0 0.204327 0.375000 0.050481 0.062500
0 0.802885 0.423077 0.069712 0.081731
0 0.947115 0.987981 0.081731 0.019231
0 0.673077 0.115385 0.038462 0.038462
0 0.062500 0.057692 0.112981 0.117788
0 0.947115 0.036058 0.081731 0.074519
0 0.442308 0.362981 0.036058 0.045673
0 0.170673 0.115385 0.052885 0.064904
0 0.062500 0.442308 0.110577 0.117788
0 0.338942 0.355769 0.031250 0.040865
0 0.947115 0.473558 0.079327 0.093750
0 0.802885 0.076923 0.069712 0.081731
0 0.632212 0.110577 0.050481 0.055288
0 0.338942 0.144231 0.031250 0.040865
0 0.516827 0.129808 0.036058 0.048077
0 0.170673 0.384615 0.052885 0.064904
0 0.079327 0.108173 0.076923 0.079327
0 0.442308 0.137019 0.036058 0.045673
0 0.632212 0.389423 0.050481 0.055288
0 0.079327 0.391827 0.076923 0.079327
0 0.673077 0.384615 0.038462 0.038462
0 0.516827 0.370192 0.036058 0.048077
