0 0.751807 0.704327 0.040964 0.045673
0 0.718072 0.735577 0.048193 0.052885
0 0.872289 0.735577 0.048193 0.052885
0 0.585542 0.704327 0.033735 0.045673
0 0.838554 0.704327 0.040964 0.045673
1 0.619277 0.694712 0.050602 0.062500
0 0.992771 0.704327 0.009639 0.048077
0 0.939759 0.709135 0.036145 0.043269
0 0.248193 0.742788 0.028916 0.038462
0 0.190361 0.718750 0.024096 0.048077
0 0.219277 0.718750 0.024096 0.048077
0 0.467470 0.721154 0.038554 0.038462
0 0.436145 0.733173 0.036145 0.036058
0 0.161446 0.742788 0.028916 0.038462
0 0.322892 0.730769 0.043373 0.043269
0 0.542169 0.706731 0.036145 0.043269
0 0.385542 0.723558 0.040964 0.045673
0 0.650602 0.709135 0.036145 0.043269
0 0.024096 0.723558 0.040964 0.045673
1 0.971084 0.694712 0.050602 0.062500
