0 0.550481 0.384615 0.050481 0.057692
0 0.550481 0.009615 0.052885 0.021635
0 0.834135 0.367788 0.060096 0.064904
0 0.620192 0.019231 0.057692 0.040865
0 0.225962 0.016827 0.050481 0.033654
0 0.689904 0.370192 0.052885 0.067308
0 0.834135 0.019231 0.062500 0.040865
0 0.620192 0.367788 0.055288 0.062500
0 0.473558 0.019231 0.052885 0.038462
0 0.473558 0.370192 0.050481 0.064904
0 0.384615 0.021635 0.050481 0.043269
0 0.137019 0.014423 0.055288 0.031250
0 0.137019 0.377404 0.052885 0.064904
0 0.225962 0.377404 0.048077 0.069712
0 0.740385 0.009615 0.052885 0.021635
0 0.689904 0.019231 0.055288 0.040865
0 0.310096 0.024038 0.055288 0.048077
0 0.740385 0.384615 0.050481 0.057692
0 0.310096 0.360577 0.052885 0.062500
0 0.384615 0.362981 0.048077 0.060096
