1 0.526442 0.012048 0.026442 0.024096
1 0.617788 0.404819 0.038462 0.040964
1 0.153846 0.012048 0.040865 0.026506
1 0.153846 0.332530 0.038462 0.031325
1 0.014423 0.096386 0.026442 0.055422
1 0.451923 0.390361 0.038462 0.033735
1 0.014423 0.245783 0.026442 0.055422
1 0.199519 0.361446 0.040865 0.038554
1 0.420673 0.503614 0.048077 0.043373
1 0.170673 0.118072 0.028846 0.024096
1 0.079327 0.653012 0.122596 0.125301
1 0.771635 0.407229 0.057692 0.055422
1 0.185096 0.310843 0.026442 0.033735
1 0.079327 0.971084 0.125000 0.053012
1 0.170673 0.224096 0.028846 0.024096
1 0.007212 0.004819 0.012019 0.009639
1 0.185096 0.031325 0.026442 0.033735
1 0.526442 0.330120 0.026442 0.024096
1 0.528846 0.397590 0.045673 0.045783
1 0.007212 0.363855 0.009615 0.057831
1 0.564904 0.390361 0.031250 0.033735
