1 0.456731 0.339759 0.050481 0.086747
0 0.149038 0.009639 0.040865 0.021687
0 0.076923 0.007229 0.040865 0.014458
0 0.218750 0.012048 0.067308 0.024096
0 0.076923 0.354217 0.038462 0.069880
1 0.629808 0.342169 0.067308 0.089157
1 0.831731 0.031325 0.084135 0.065060
1 0.343750 0.019277 0.067308 0.040964
0 0.218750 0.344578 0.064904 0.067470
1 0.629808 0.016867 0.069712 0.036145
0 0.572115 0.359036 0.038462 0.033735
1 0.456731 0.019277 0.052885 0.038554
1 0.343750 0.337349 0.064904 0.089157
0 0.278846 0.344578 0.040865 0.050602
1 0.704327 0.373494 0.045673 0.055422
0 0.413462 0.349398 0.033654 0.040964
1 0.112981 0.024096 0.072115 0.048193
1 0.504808 0.016867 0.062500 0.033735
1 0.831731 0.320482 0.081731 0.101205
1 0.752404 0.368675 0.038462 0.055422
