0 0.312500 0.346988 0.074519 0.079518
1 0.540865 0.354217 0.024038 0.040964
1 0.375000 0.086747 0.033654 0.050602
0 0.132212 0.086747 0.040865 0.045783
0 0.312500 0.091566 0.074519 0.079518
0 0.807692 0.368675 0.057692 0.084337
1 0.754808 0.366265 0.028846 0.043373
1 0.072115 0.346988 0.057692 0.065060
1 0.072115 0.091566 0.057692 0.065060
0 0.132212 0.351807 0.040865 0.045783
0 0.625000 0.077108 0.050481 0.069880
1 0.540865 0.084337 0.024038 0.040964
0 0.807692 0.069880 0.057692 0.084337
1 0.754808 0.072289 0.028846 0.043373
0 0.019231 0.081928 0.033654 0.045783
0 0.478365 0.072289 0.072115 0.074699
0 0.170673 0.349398 0.024038 0.033735
1 0.572115 0.356627 0.031250 0.050602
0 0.899038 0.371084 0.036058 0.050602
0 0.478365 0.366265 0.072115 0.074699
