0 0.663462 0.463942 0.033654 0.057692
0 0.572115 0.463942 0.033654 0.057692
1 0.495192 0.456731 0.028846 0.055288
1 0.187500 0.437500 0.064904 0.067308
0 0.783654 0.466346 0.043269 0.048077
0 0.935096 0.485577 0.048077 0.060096
0 0.526442 0.454327 0.038462 0.057692
0 0.382212 0.483173 0.036058 0.036058
0 0.634615 0.475962 0.048077 0.064904
0 0.437500 0.463942 0.033654 0.052885
0 0.411058 0.468750 0.026442 0.045673
1 0.814904 0.468750 0.026442 0.050481
1 0.891827 0.483173 0.043269 0.057692
1 0.896635 0.435096 0.033654 0.048077
