0 0.593750 0.372596 0.072115 0.098558
0 0.240385 0.028846 0.103365 0.057692
0 0.800481 0.348558 0.096154 0.100962
0 0.170673 0.401442 0.057692 0.072115
0 0.127404 0.439904 0.043269 0.057692
0 0.290865 0.449519 0.048077 0.074519
0 0.408654 0.358173 0.076923 0.086538
0 0.038462 0.451923 0.055288 0.062500
0 0.800481 0.016827 0.098558 0.036058
0 0.552885 0.411058 0.045673 0.079327
0 0.908654 0.382212 0.084135 0.084135
0 0.240385 0.326923 0.100962 0.103365
0 0.500000 0.435096 0.045673 0.055288
0 0.408654 0.009615 0.079327 0.019231
