0 0.221154 0.088942 0.103365 0.129808
0 0.156250 0.043269 0.062500 0.064904
0 0.879808 0.370192 0.060096 0.076923
0 0.598558 0.399038 0.052885 0.060096
0 0.221154 0.343750 0.103365 0.129808
1 0.735577 0.341346 0.093750 0.112981
0 0.598558 0.033654 0.052885 0.060096
0 0.435096 0.399038 0.055288 0.060096
0 0.295673 0.062500 0.045673 0.064904
0 0.879808 0.062500 0.060096 0.076923
0 0.156250 0.389423 0.062500 0.064904
1 0.735577 0.091346 0.093750 0.112981
0 0.295673 0.370192 0.045673 0.064904
0 0.435096 0.033654 0.055288 0.060096
