0 0.430288 0.067470 0.074519 0.106024
0 0.935096 0.053012 0.057692 0.072289
0 0.709135 0.057831 0.038462 0.077108
1 0.822115 0.257831 0.170673 0.180723
1 0.822115 0.081928 0.173077 0.166265
0 0.430288 0.265060 0.074519 0.106024
0 0.146635 0.045783 0.096154 0.091566
0 0.086538 0.050602 0.072115 0.093976
0 0.586538 0.267470 0.062500 0.072289
0 0.086538 0.281928 0.072115 0.093976
0 0.586538 0.065060 0.062500 0.072289
0 0.497596 0.279518 0.110577 0.122892
0 0.709135 0.274699 0.038462 0.077108
0 0.935096 0.279518 0.057692 0.072289
0 0.665865 0.274699 0.069712 0.093976
0 0.665865 0.057831 0.069712 0.093976
