1 0.516827 0.235577 0.052885 0.076923
1 0.038462 0.122596 0.050481 0.067308
1 0.305288 0.084135 0.110577 0.112981
1 0.572115 0.276442 0.067308 0.084135
0 0.947115 0.045673 0.098558 0.091346
1 0.411058 0.081731 0.052885 0.074519
1 0.617788 0.016827 0.084135 0.036058
1 0.617788 0.346154 0.081731 0.096154
1 0.132212 0.259615 0.050481 0.084135
1 0.468750 0.043269 0.076923 0.088942
1 0.572115 0.055288 0.067308 0.084135
1 0.411058 0.250000 0.052885 0.074519
0 0.947115 0.300481 0.096154 0.117788
0 0.884615 0.375000 0.132212 0.137019
1 0.132212 0.072115 0.050481 0.084135
1 0.468750 0.290865 0.074519 0.091346
1 0.305288 0.247596 0.110577 0.112981
1 0.516827 0.096154 0.052885 0.076923
1 0.038462 0.209135 0.050481 0.067308
1 0.192308 0.072115 0.084135 0.117788
1 0.192308 0.259615 0.084135 0.117788
