1 0.540865 0.125000 0.055288 0.100962
0 0.300481 0.353365 0.081731 0.127404
1 0.117788 0.362981 0.221154 0.281250
1 0.670673 0.329327 0.081731 0.096154
0 0.401442 0.343750 0.081731 0.096154
1 0.670673 0.108173 0.081731 0.096154
0 0.401442 0.093750 0.081731 0.096154
1 0.338942 0.139423 0.057692 0.091346
1 0.492788 0.103365 0.064904 0.096154
1 0.432692 0.137019 0.050481 0.074519
1 0.117788 0.108173 0.223558 0.216346
1 0.338942 0.298077 0.057692 0.091346
1 0.492788 0.334135 0.064904 0.096154
1 0.432692 0.300481 0.050481 0.074519
0 0.300481 0.084135 0.081731 0.127404
