3 0.514423 0.552885 0.038462 0.134615
1 0.932692 0.057692 0.036058 0.033654
1 0.810096 0.064904 0.028846 0.036058
1 0.663462 0.439904 0.014423 0.014423
1 0.076923 0.125000 0.016827 0.019231
1 0.675481 0.966346 0.014423 0.014423
3 0.682692 0.091346 0.028846 0.091346
1 0.512019 0.497596 0.024038 0.021635
1 0.675481 0.129808 0.014423 0.014423
3 0.254808 0.980769 0.019231 0.033654
3 0.807692 0.038462 0.074519 0.076923
3 0.439904 0.459135 0.031250 0.067308
3 0.439904 0.954327 0.031250 0.067308
3 0.942308 0.036058 0.103365 0.072115
3 0.439904 0.117788 0.031250 0.067308
1 0.810096 0.901442 0.028846 0.036058
3 0.072115 0.923077 0.038462 0.091346
1 0.252404 0.173077 0.009615 0.014423
1 0.810096 0.512019 0.028846 0.036058
1 0.675481 0.447115 0.014423 0.014423
3 0.661058 0.105769 0.019231 0.079327
1 0.447115 0.141827 0.019231 0.016827
3 0.682692 0.927885 0.028846 0.091346
1 0.237981 0.165865 0.009615 0.012019
1 0.076923 0.961538 0.016827 0.019231
3 0.807692 0.579327 0.072115 0.153846
3 0.942308 0.605769 0.100962 0.199519
3 0.237981 0.432692 0.014423 0.057692
3 0.807692 0.834135 0.072115 0.153846
3 0.682692 0.485577 0.028846 0.091346
1 0.447115 0.978365 0.019231 0.016827
1 0.076923 0.451923 0.016827 0.019231
1 0.237981 0.995192 0.012019 0.002404
1 0.932692 0.894231 0.036058 0.033654
3 0.514423 0.045673 0.040865 0.093750
1 0.512019 0.915865 0.024038 0.021635
3 0.072115 0.490385 0.038462 0.091346
1 0.932692 0.519231 0.036058 0.033654
1 0.447115 0.435096 0.019231 0.016827
3 0.661058 0.942308 0.019231 0.079327
3 0.254808 0.425481 0.016827 0.048077
1 0.252404 0.403846 0.009615 0.014423
1 0.237981 0.411058 0.009615 0.012019
3 0.514423 0.860577 0.038462 0.134615
1 0.663462 0.137019 0.014423 0.014423
3 0.942308 0.807692 0.100962 0.199519
